Project1/jiangbei.asc
ncols         319
nrows         411
xllcorner     657492
yllcorner     3548067
cellsize      10.000000
NODATA_value  -9999
[rows 234 to 259 of 411, columns 0 to 57 of 319]
-9.999e+03 -9.999e+03 -9.999e+03 -9.999e+03 -9.999e+03 -9.999e+03 -9.999e+03 -9.999e+03 -9.999e+03 -9.999e+03 -9.999e+03 -9.999e+03 -9.999e+03 -9.999e+03 -9.999e+03 -9.999e+03 -9.999e+03 -9.999e+03 -9.999e+03 -9.999e+03 -9.999e+03 -9.999e+03 -9.999e+03 -9.999e+03 -9.999e+03 -9.999e+03 -9.999e+03 -9.999e+03 7.265e+00 6.894e+00 6.844e+00 6.808e+00 6.848e+00 6.883e+00 6.893e+00 6.910e+00 7.167e+00 7.562e+00 7.765e+00 7.591e+00 7.144e+00 6.799e+00 6.734e+00 6.741e+00 6.747e+00 6.761e+00 6.805e+00 6.922e+00 6.996e+00 6.929e+00 6.846e+00 6.740e+00 6.689e+00 6.733e+00 6.800e+00 6.805e+00 6.769e+00 6.728e+00
-9.999e+03 -9.999e+03 -9.999e+03 -9.999e+03 -9.999e+03 -9.999e+03 -9.999e+03 -9.999e+03 -9.999e+03 -9.999e+03 -9.999e+03 -9.999e+03 -9.999e+03 -9.999e+03 -9.999e+03 -9.999e+03 -9.999e+03 -9.999e+03 -9.999e+03 -9.999e+03 -9.999e+03 -9.999e+03 -9.999e+03 -9.999e+03 -9.999e+03 -9.999e+03 -9.999e+03 -9.999e+03 7.356e+00 6.890e+00 6.796e+00 6.791e+00 6.921e+00 7.082e+00 7.170e+00 6.971e+00 6.873e+00 7.292e+00 7.868e+00 8.050e+00 7.516e+00 6.883e+00 6.670e+00 6.681e+00 6.697e+00 6.727e+00 6.790e+00 6.904e+00 6.967e+00 6.849e+00 6.720e+00 6.656e+00 6.636e+00 6.694e+00 6.768e+00 6.806e+00 6.781e+00 6.734e+00
-9.999e+03 -9.999e+03 -9.999e+03 -9.999e+03 -9.999e+03 -9.999e+03 -9.999e+03 -9.999e+03 -9.999e+03 -9.999e+03 -9.999e+03 -9.999e+03 -9.999e+03 -9.999e+03 -9.999e+03 -9.999e+03 -9.999e+03 -9.999e+03 -9.999e+03 -9.999e+03 -9.999e+03 -9.999e+03 -9.999e+03 -9.999e+03 -9.999e+03 -9.999e+03 -9.999e+03 -9.999e+03 7.386e+00 6.907e+00 6.828e+00 6.864e+00 7.018e+00 7.160e+00 7.245e+00 7.073e+00 6.957e+00 7.232e+00 7.779e+00 8.062e+00 7.579e+00 6.918e+00 6.620e+00 6.618e+00 6.649e+00 6.695e+00 6.791e+00 6.913e+00 6.919e+00 6.762e+00 6.645e+00 6.621e+00 6.651e+00 6.716e+00 6.772e+00 6.781e+00 6.726e+00 6.665e+00
-9.999e+03 -9.999e+03 -9.999e+03 -9.999e+03 -9.999e+03 -9.999e+03 -9.999e+03 -9.999e+03 -9.999e+03 -9.999e+03 -9.999e+03 -9.999e+03 -9.999e+03 -9.999e+03 -9.999e+03 -9.999e+03 -9.999e+03 -9.999e+03 -9.999e+03 -9.999e+03 -9.999e+03 -9.999e+03 -9.999e+03 -9.999e+03 -9.999e+03 -9.999e+03 -9.999e+03 -9.999e+03 7.467e+00 7.070e+00 7.034e+00 7.096e+00 7.139e+00 7.163e+00 7.174e+00 7.022e+00 6.921e+00 6.940e+00 7.103e+00 7.176e+00 7.052e+00 6.681e+00 6.573e+00 6.568e+00 6.599e+00 6.663e+00 6.818e+00 6.954e+00 6.896e+00 6.755e+00 6.681e+00 6.651e+00 6.680e+00 6.737e+00 6.779e+00 6.754e+00 6.629e+00 6.523e+00
-9.999e+03 -9.999e+03 -9.999e+03 -9.999e+03 -9.999e+03 -9.999e+03 -9.999e+03 -9.999e+03 -9.999e+03 -9.999e+03 -9.999e+03 -9.999e+03 -9.999e+03 -9.999e+03 -9.999e+03 -9.999e+03 -9.999e+03 -9.999e+03 -9.999e+03 -9.999e+03 -9.999e+03 -9.999e+03 -9.999e+03 -9.999e+03 -9.999e+03 -9.999e+03 -9.999e+03 -9.999e+03 7.564e+00 7.118e+00 7.053e+00 7.093e+00 7.092e+00 7.078e+00 7.032e+00 6.951e+00 6.869e+00 6.796e+00 6.741e+00 6.678e+00 6.665e+00 6.589e+00 6.564e+00 6.548e+00 6.593e+00 6.693e+00 6.892e+00 6.988e+00 6.864e+00 6.774e+00 6.759e+00 6.722e+00 6.712e+00 6.741e+00 6.765e+00 6.742e+00 6.637e+00 6.509e+00
-9.999e+03 -9.999e+03 -9.999e+03 -9.999e+03 -9.999e+03 -9.999e+03 -9.999e+03 -9.999e+03 -9.999e+03 -9.999e+03 -9.999e+03 -9.999e+03 -9.999e+03 -9.999e+03 -9.999e+03 -9.999e+03 -9.999e+03 -9.999e+03 -9.999e+03 -9.999e+03 -9.999e+03 -9.999e+03 -9.999e+03 -9.999e+03 -9.999e+03 -9.999e+03 -9.999e+03 -9.999e+03 7.547e+00 6.982e+00 6.904e+00 6.980e+00 7.030e+00 7.032e+00 6.997e+00 6.930e+00 6.858e+00 6.789e+00 6.717e+00 6.650e+00 6.620e+00 6.613e+00 6.583e+00 6.563e+00 6.637e+00 6.793e+00 6.983e+00 7.074e+00 6.955e+00 6.847e+00 6.843e+00 6.820e+00 6.788e+00 6.783e+00 6.765e+00 6.691e+00 6.619e+00 6.564e+00
-9.999e+03 -9.999e+03 -9.999e+03 -9.999e+03 -9.999e+03 -9.999e+03 -9.999e+03 -9.999e+03 -9.999e+03 -9.999e+03 -9.999e+03 -9.999e+03 -9.999e+03 -9.999e+03 -9.999e+03 -9.999e+03 -9.999e+03 -9.999e+03 -9.999e+03 -9.999e+03 -9.999e+03 -9.999e+03 -9.999e+03 -9.999e+03 -9.999e+03 -9.999e+03 -9.999e+03 -9.999e+03 7.518e+00 6.895e+00 6.818e+00 6.918e+00 6.989e+00 7.016e+00 6.994e+00 6.927e+00 6.846e+00 6.773e+00 6.704e+00 6.645e+00 6.632e+00 6.637e+00 6.607e+00 6.588e+00 6.674e+00 6.861e+00 7.063e+00 7.186e+00 7.098e+00 6.950e+00 6.928e+00 6.908e+00 6.837e+00 6.819e+00 6.775e+00 6.616e+00 6.480e+00 6.495e+00
-9.999e+03 -9.999e+03 -9.999e+03 -9.999e+03 -9.999e+03 -9.999e+03 -9.999e+03 -9.999e+03 -9.999e+03 -9.999e+03 -9.999e+03 -9.999e+03 -9.999e+03 -9.999e+03 -9.999e+03 -9.999e+03 -9.999e+03 -9.999e+03 -9.999e+03 -9.999e+03 -9.999e+03 -9.999e+03 -9.999e+03 -9.999e+03 -9.999e+03 -9.999e+03 -9.999e+03 -9.999e+03 7.541e+00 6.902e+00 6.777e+00 6.863e+00 6.934e+00 6.987e+00 6.988e+00 6.929e+00 6.840e+00 6.761e+00 6.691e+00 6.642e+00 6.644e+00 6.659e+00 6.633e+00 6.613e+00 6.703e+00 6.897e+00 7.104e+00 7.238e+00 7.153e+00 6.984e+00 6.924e+00 6.902e+00 6.842e+00 6.799e+00 6.766e+00 6.650e+00 6.519e+00 6.507e+00
-9.999e+03 -9.999e+03 -9.999e+03 -9.999e+03 -9.999e+03 -9.999e+03 -9.999e+03 -9.999e+03 -9.999e+03 -9.999e+03 -9.999e+03 -9.999e+03 -9.999e+03 -9.999e+03 -9.999e+03 -9.999e+03 -9.999e+03 -9.999e+03 -9.999e+03 -9.999e+03 -9.999e+03 -9.999e+03 -9.999e+03 -9.999e+03 -9.999e+03 -9.999e+03 -9.999e+03 -9.999e+03 7.678e+00 6.982e+00 6.747e+00 6.812e+00 6.879e+00 6.945e+00 6.972e+00 6.932e+00 6.840e+00 6.752e+00 6.680e+00 6.644e+00 6.657e+00 6.678e+00 6.661e+00 6.638e+00 6.729e+00 6.911e+00 7.094e+00 7.199e+00 7.081e+00 6.891e+00 6.792e+00 6.756e+00 6.748e+00 6.737e+00 6.710e+00 6.676e+00 6.635e+00 6.619e+00
-9.999e+03 -9.999e+03 -9.999e+03 -9.999e+03 -9.999e+03 -9.999e+03 -9.999e+03 -9.999e+03 -9.999e+03 -9.999e+03 -9.999e+03 -9.999e+03 -9.999e+03 -9.999e+03 -9.999e+03 -9.999e+03 -9.999e+03 -9.999e+03 -9.999e+03 -9.999e+03 -9.999e+03 -9.999e+03 -9.999e+03 -9.999e+03 -9.999e+03 -9.999e+03 -9.999e+03 -9.999e+03 7.809e+00 7.106e+00 6.750e+00 6.781e+00 6.840e+00 6.902e+00 6.947e+00 6.929e+00 6.845e+00 6.749e+00 6.674e+00 6.650e+00 6.670e+00 6.696e+00 6.685e+00 6.660e+00 6.740e+00 6.903e+00 7.073e+00 7.175e+00 7.055e+00 6.877e+00 6.777e+00 6.701e+00 6.673e+00 6.677e+00 6.674e+00 6.681e+00 6.683e+00 6.666e+00
-9.999e+03 -9.999e+03 -9.999e+03 -9.999e+03 -9.999e+03 -9.999e+03 -9.999e+03 -9.999e+03 -9.999e+03 -9.999e+03 -9.999e+03 -9.999e+03 -9.999e+03 -9.999e+03 -9.999e+03 -9.999e+03 -9.999e+03 -9.999e+03 -9.999e+03 -9.999e+03 -9.999e+03 -9.999e+03 -9.999e+03 -9.999e+03 -9.999e+03 -9.999e+03 -9.999e+03 -9.999e+03 7.855e+00 7.177e+00 6.782e+00 6.764e+00 6.816e+00 6.868e+00 6.919e+00 6.919e+00 6.845e+00 6.747e+00 6.683e+00 6.682e+00 6.711e+00 6.722e+00 6.698e+00 6.692e+00 6.772e+00 6.912e+00 7.071e+00 7.185e+00 7.094e+00 6.961e+00 6.854e+00 6.744e+00 6.689e+00 6.689e+00 6.717e+00 6.729e+00 6.711e+00 6.677e+00
-9.999e+03 -9.999e+03 -9.999e+03 -9.999e+03 -9.999e+03 -9.999e+03 -9.999e+03 -9.999e+03 -9.999e+03 -9.999e+03 -9.999e+03 -9.999e+03 -9.999e+03 -9.999e+03 -9.999e+03 -9.999e+03 -9.999e+03 -9.999e+03 -9.999e+03 -9.999e+03 -9.999e+03 -9.999e+03 -9.999e+03 -9.999e+03 -9.999e+03 -9.999e+03 -9.999e+03 -9.999e+03 7.766e+00 7.274e+00 6.889e+00 6.801e+00 6.822e+00 6.852e+00 6.896e+00 6.899e+00 6.828e+00 6.744e+00 6.728e+00 6.766e+00 6.772e+00 6.742e+00 6.701e+00 6.726e+00 6.838e+00 6.962e+00 7.097e+00 7.188e+00 7.095e+00 6.967e+00 6.866e+00 6.771e+00 6.735e+00 6.761e+00 6.780e+00 6.763e+00 6.719e+00 6.676e+00
-9.999e+03 -9.999e+03 -9.999e+03 -9.999e+03 -9.999e+03 -9.999e+03 -9.999e+03 -9.999e+03 -9.999e+03 -9.999e+03 -9.999e+03 -9.999e+03 -9.999e+03 -9.999e+03 -9.999e+03 -9.999e+03 -9.999e+03 -9.999e+03 -9.999e+03 -9.999e+03 -9.999e+03 -9.999e+03 -9.999e+03 -9.999e+03 -9.999e+03 -9.999e+03 -9.999e+03 -9.999e+03 7.540e+00 7.309e+00 7.031e+00 6.897e+00 6.866e+00 6.866e+00 6.876e+00 6.851e+00 6.784e+00 6.747e+00 6.781e+00 6.814e+00 6.790e+00 6.739e+00 6.696e+00 6.724e+00 6.846e+00 6.966e+00 7.077e+00 7.120e+00 7.034e+00 6.903e+00 6.815e+00 6.760e+00 6.764e+00 6.802e+00 6.805e+00 6.765e+00 6.712e+00 6.672e+00
-9.999e+03 -9.999e+03 -9.999e+03 -9.999e+03 -9.999e+03 -9.999e+03 -9.999e+03 -9.999e+03 -9.999e+03 -9.999e+03 -9.999e+03 -9.999e+03 -9.999e+03 -9.999e+03 -9.999e+03 -9.999e+03 -9.999e+03 -9.999e+03 -9.999e+03 -9.999e+03 -9.999e+03 -9.999e+03 -9.999e+03 -9.999e+03 -9.999e+03 -9.999e+03 -9.999e+03 -9.999e+03 7.482e+00 7.377e+00 7.181e+00 7.020e+00 6.922e+00 6.844e+00 6.804e+00 6.753e+00 6.732e+00 6.751e+00 6.796e+00 6.808e+00 6.777e+00 6.732e+00 6.690e+00 6.698e+00 6.798e+00 6.883e+00 6.944e+00 6.961e+00 6.925e+00 6.820e+00 6.748e+00 6.740e+00 6.774e+00 6.802e+00 6.793e+00 6.756e+00 6.709e+00 6.672e+00
-9.999e+03 -9.999e+03 -9.999e+03 -9.999e+03 -9.999e+03 -9.999e+03 -9.999e+03 -9.999e+03 -9.999e+03 -9.999e+03 -9.999e+03 -9.999e+03 -9.999e+03 -9.999e+03 -9.999e+03 -9.999e+03 -9.999e+03 -9.999e+03 -9.999e+03 -9.999e+03 -9.999e+03 -9.999e+03 -9.999e+03 -9.999e+03 -9.999e+03 -9.999e+03 -9.999e+03 -9.999e+03 7.518e+00 7.443e+00 7.309e+00 7.156e+00 7.016e+00 6.885e+00 6.772e+00 6.703e+00 6.711e+00 6.756e+00 6.793e+00 6.790e+00 6.759e+00 6.724e+00 6.688e+00 6.673e+00 6.722e+00 6.773e+00 6.794e+00 6.829e+00 6.839e+00 6.764e+00 6.708e+00 6.734e+00 6.778e+00 6.792e+00 6.772e+00 6.741e+00 6.706e+00 6.672e+00
-9.999e+03 -9.999e+03 -9.999e+03 -9.999e+03 -9.999e+03 -9.999e+03 -9.999e+03 -9.999e+03 -9.999e+03 -9.999e+03 -9.999e+03 -9.999e+03 -9.999e+03 -9.999e+03 -9.999e+03 -9.999e+03 -9.999e+03 -9.999e+03 -9.999e+03 -9.999e+03 -9.999e+03 -9.999e+03 -9.999e+03 -9.999e+03 -9.999e+03 -9.999e+03 -9.999e+03 -9.999e+03 -9.999e+03 7.432e+00 7.353e+00 7.248e+00 7.109e+00 6.963e+00 6.818e+00 6.719e+00 6.717e+00 6.761e+00 6.784e+00 6.766e+00 6.738e+00 6.708e+00 6.677e+00 6.654e+00 6.667e+00 6.707e+00 6.741e+00 6.783e+00 6.812e+00 6.770e+00 6.723e+00 6.744e+00 6.776e+00 6.775e+00 6.749e+00 6.720e+00 6.691e+00 6.663e+00
-9.999e+03 -9.999e+03 -9.999e+03 -9.999e+03 -9.999e+03 -9.999e+03 -9.999e+03 -9.999e+03 -9.999e+03 -9.999e+03 -9.999e+03 -9.999e+03 -9.999e+03 -9.999e+03 -9.999e+03 -9.999e+03 -9.999e+03 -9.999e+03 -9.999e+03 -9.999e+03 -9.999e+03 -9.999e+03 -9.999e+03 -9.999e+03 -9.999e+03 -9.999e+03 -9.999e+03 -9.999e+03 -9.999e+03 7.417e+00 7.421e+00 7.351e+00 7.191e+00 7.030e+00 6.881e+00 6.756e+00 6.731e+00 6.762e+00 6.768e+00 6.742e+00 6.715e+00 6.687e+00 6.659e+00 6.639e+00 6.646e+00 6.682e+00 6.721e+00 6.760e+00 6.794e+00 6.789e+00 6.767e+00 6.770e+00 6.770e+00 6.753e+00 6.726e+00 6.699e+00 6.673e+00 6.651e+00
-9.999e+03 -9.999e+03 -9.999e+03 -9.999e+03 -9.999e+03 -9.999e+03 -9.999e+03 -9.999e+03 -9.999e+03 -9.999e+03 -9.999e+03 -9.999e+03 -9.999e+03 -9.999e+03 -9.999e+03 -9.999e+03 -9.999e+03 -9.999e+03 -9.999e+03 -9.999e+03 -9.999e+03 -9.999e+03 -9.999e+03 -9.999e+03 -9.999e+03 -9.999e+03 -9.999e+03 -9.999e+03 -9.999e+03 7.494e+00 7.686e+00 7.610e+00 7.378e+00 7.157e+00 6.958e+00 6.807e+00 6.746e+00 6.758e+00 6.750e+00 6.723e+00 6.697e+00 6.672e+00 6.646e+00 6.625e+00 6.629e+00 6.662e+00 6.700e+00 6.739e+00 6.776e+00 6.794e+00 6.785e+00 6.777e+00 6.759e+00 6.735e+00 6.708e+00 6.683e+00 6.659e+00 6.635e+00
-9.999e+03 -9.999e+03 -9.999e+03 -9.999e+03 -9.999e+03 -9.999e+03 -9.999e+03 -9.999e+03 -9.999e+03 -9.999e+03 -9.999e+03 -9.999e+03 -9.999e+03 -9.999e+03 -9.999e+03 -9.999e+03 -9.999e+03 -9.999e+03 -9.999e+03 -9.999e+03 -9.999e+03 -9.999e+03 -9.999e+03 -9.999e+03 -9.999e+03 -9.999e+03 -9.999e+03 -9.999e+03 -9.999e+03 7.668e+00 7.960e+00 7.942e+00 7.661e+00 7.378e+00 7.119e+00 6.901e+00 6.767e+00 6.749e+00 6.731e+00 6.707e+00 6.684e+00 6.662e+00 6.636e+00 6.613e+00 6.610e+00 6.638e+00 6.677e+00 6.714e+00 6.750e+00 6.778e+00 6.775e+00 6.759e+00 6.741e+00 6.719e+00 6.694e+00 6.671e+00 6.649e+00 6.625e+00
-9.999e+03 -9.999e+03 -9.999e+03 -9.999e+03 -9.999e+03 -9.999e+03 -9.999e+03 -9.999e+03 -9.999e+03 -9.999e+03 -9.999e+03 -9.999e+03 -9.999e+03 -9.999e+03 -9.999e+03 -9.999e+03 -9.999e+03 -9.999e+03 -9.999e+03 -9.999e+03 -9.999e+03 -9.999e+03 -9.999e+03 -9.999e+03 -9.999e+03 -9.999e+03 -9.999e+03 -9.999e+03 -9.999e+03 7.769e+00 7.998e+00 8.018e+00 7.765e+00 7.497e+00 7.235e+00 6.981e+00 6.783e+00 6.735e+00 6.718e+00 6.697e+00 6.675e+00 6.653e+00 6.631e+00 6.611e+00 6.596e+00 6.602e+00 6.640e+00 6.681e+00 6.719e+00 6.751e+00 6.756e+00 6.743e+00 6.727e+00 6.708e+00 6.686e+00 6.663e+00 6.645e+00 6.632e+00
-9.999e+03 -9.999e+03 -9.999e+03 -9.999e+03 -9.999e+03 -9.999e+03 -9.999e+03 -9.999e+03 -9.999e+03 -9.999e+03 -9.999e+03 -9.999e+03 -9.999e+03 -9.999e+03 -9.999e+03 -9.999e+03 -9.999e+03 -9.999e+03 -9.999e+03 -9.999e+03 -9.999e+03 -9.999e+03 -9.999e+03 -9.999e+03 -9.999e+03 -9.999e+03 -9.999e+03 -9.999e+03 -9.999e+03 7.629e+00 7.736e+00 7.723e+00 7.566e+00 7.357e+00 7.133e+00 6.899e+00 6.756e+00 6.724e+00 6.711e+00 6.692e+00 6.671e+00 6.651e+00 6.636e+00 6.619e+00 6.597e+00 6.578e+00 6.591e+00 6.630e+00 6.679e+00 6.721e+00 6.736e+00 6.728e+00 6.718e+00 6.703e+00 6.682e+00 6.662e+00 6.649e+00 6.650e+00
-9.999e+03 -9.999e+03 -9.999e+03 -9.999e+03 -9.999e+03 -9.999e+03 -9.999e+03 -9.999e+03 -9.999e+03 -9.999e+03 -9.999e+03 -9.999e+03 -9.999e+03 -9.999e+03 -9.999e+03 -9.999e+03 -9.999e+03 -9.999e+03 -9.999e+03 -9.999e+03 -9.999e+03 -9.999e+03 -9.999e+03 -9.999e+03 -9.999e+03 -9.999e+03 -9.999e+03 -9.999e+03 -9.999e+03 7.509e+00 7.534e+00 7.476e+00 7.347e+00 7.185e+00 6.996e+00 6.818e+00 6.732e+00 6.716e+00 6.704e+00 6.690e+00 6.675e+00 6.659e+00 6.647e+00 6.628e+00 6.606e+00 6.581e+00 6.565e+00 6.572e+00 6.614e+00 6.671e+00 6.713e+00 6.719e+00 6.710e+00 6.699e+00 6.685e+00 6.669e+00 6.659e+00 6.664e+00
-9.999e+03 -9.999e+03 -9.999e+03 -9.999e+03 -9.999e+03 -9.999e+03 -9.999e+03 -9.999e+03 -9.999e+03 -9.999e+03 -9.999e+03 -9.999e+03 -9.999e+03 -9.999e+03 -9.999e+03 -9.999e+03 -9.999e+03 -9.999e+03 -9.999e+03 -9.999e+03 -9.999e+03 -9.999e+03 -9.999e+03 -9.999e+03 -9.999e+03 -9.999e+03 -9.999e+03 -9.999e+03 -9.999e+03 7.566e+00 7.552e+00 7.470e+00 7.323e+00 7.156e+00 6.981e+00 6.829e+00 6.749e+00 6.723e+00 6.712e+00 6.708e+00 6.695e+00 6.676e+00 6.660e+00 6.638e+00 6.614e+00 6.591e+00 6.567e+00 6.547e+00 6.558e+00 6.608e+00 6.673e+00 6.717e+00 6.720e+00 6.715e+00 6.708e+00 6.690e+00 6.674e+00 6.674e+00
-9.999e+03 -9.999e+03 -9.999e+03 -9.999e+03 -9.999e+03 -9.999e+03 -9.999e+03 -9.999e+03 -9.999e+03 -9.999e+03 -9.999e+03 -9.999e+03 -9.999e+03 -9.999e+03 -9.999e+03 -9.999e+03 -9.999e+03 -9.999e+03 -9.999e+03 -9.999e+03 -9.999e+03 -9.999e+03 -9.999e+03 -9.999e+03 -9.999e+03 -9.999e+03 -9.999e+03 -9.999e+03 -9.999e+03 7.643e+00 7.629e+00 7.542e+00 7.380e+00 7.205e+00 7.031e+00 6.878e+00 6.789e+00 6.746e+00 6.735e+00 6.744e+00 6.730e+00 6.703e+00 6.676e+00 6.654e+00 6.633e+00 6.609e+00 6.588e+00 6.568e+00 6.580e+00 6.619e+00 6.677e+00 6.734e+00 6.752e+00 6.752e+00 6.746e+00 6.727e+00 6.702e+00 6.684e+00
-9.999e+03 -9.999e+03 -9.999e+03 -9.999e+03 -9.999e+03 -9.999e+03 -9.999e+03 -9.999e+03 -9.999e+03 -9.999e+03 -9.999e+03 -9.999e+03 -9.999e+03 -9.999e+03 -9.999e+03 -9.999e+03 -9.999e+03 -9.999e+03 -9.999e+03 -9.999e+03 -9.999e+03 -9.999e+03 -9.999e+03 -9.999e+03 -9.999e+03 -9.999e+03 -9.999e+03 -9.999e+03 -9.999e+03 7.697e+00 7.699e+00 7.620e+00 7.442e+00 7.260e+00 7.083e+00 6.928e+00 6.833e+00 6.766e+00 6.739e+00 6.758e+00 6.754e+00 6.728e+00 6.693e+00 6.667e+00 6.656e+00 6.642e+00 6.643e+00 6.648e+00 6.679e+00 6.722e+00 6.763e+00 6.799e+00 6.810e+00 6.798e+00 6.786e+00 6.770e+00 6.744e+00 6.714e+00
-9.999e+03 -9.999e+03 -9.999e+03 -9.999e+03 -9.999e+03 -9.999e+03 -9.999e+03 -9.999e+03 -9.999e+03 -9.999e+03 -9.999e+03 -9.999e+03 -9.999e+03 -9.999e+03 -9.999e+03 -9.999e+03 -9.999e+03 -9.999e+03 -9.999e+03 -9.999e+03 -9.999e+03 -9.999e+03 -9.999e+03 -9.999e+03 -9.999e+03 -9.999e+03 -9.999e+03 -9.999e+03 -9.999e+03 -9.999e+03 7.810e+00 7.743e+00 7.545e+00 7.344e+00 7.152e+00 6.978e+00 6.870e+00 6.781e+00 6.721e+00 6.715e+00 6.729e+00 6.728e+00 6.707e+00 6.670e+00 6.674e+00 6.712e+00 6.748e+00 6.778e+00 6.808e+00 6.833e+00 6.851e+00 6.866e+00 6.858e+00 6.827e+00 6.814e+00 6.810e+00 6.787e+00 6.751e+00
