Project1/jiangbei.asc
ncols         319
nrows         411
xllcorner     657492
yllcorner     3548067
cellsize      10.000000
NODATA_value  -9999
[rows 26 to 51 of 411, columns 116 to 173 of 319]
6.276e+00 6.302e+00 6.314e+00 6.333e+00 6.319e+00 6.301e+00 6.334e+00 6.419e+00 6.480e+00 6.466e+00 6.438e+00 6.416e+00 6.391e+00 6.334e+00 6.255e+00 6.179e+00 6.122e+00 6.095e+00 6.153e+00 6.229e+00 6.228e+00 6.183e+00 6.144e+00 6.123e+00 6.086e+00 6.047e+00 6.044e+00 6.133e+00 6.285e+00 6.466e+00 6.534e+00 6.576e+00 6.829e+00 6.867e+00 6.682e+00 6.691e+00 6.665e+00 6.638e+00 6.707e+00 6.803e+00 6.900e+00 7.021e+00 7.170e+00 7.365e+00 7.519e+00 7.625e+00 7.743e+00 7.893e+00 8.029e+00 8.136e+00 8.222e+00 8.298e+00 8.379e+00 8.476e+00 8.584e+00 8.691e+00 8.778e+00 8.833e+00
6.344e+00 6.368e+00 6.377e+00 6.388e+00 6.367e+00 6.348e+00 6.390e+00 6.469e+00 6.487e+00 6.464e+00 6.440e+00 6.418e+00 6.375e+00 6.300e+00 6.225e+00 6.169e+00 6.136e+00 6.170e+00 6.243e+00 6.257e+00 6.213e+00 6.172e+00 6.162e+00 6.135e+00 6.095e+00 6.064e+00 6.054e+00 6.103e+00 6.201e+00 6.345e+00 6.477e+00 6.576e+00 6.706e+00 6.739e+00 6.687e+00 6.829e+00 6.886e+00 6.805e+00 6.726e+00 6.737e+00 6.836e+00 6.935e+00 7.051e+00 7.209e+00 7.351e+00 7.488e+00 7.646e+00 7.799e+00 7.920e+00 8.013e+00 8.121e+00 8.197e+00 8.280e+00 8.379e+00 8.486e+00 8.593e+00 8.695e+00 8.764e+00
6.363e+00 6.397e+00 6.437e+00 6.441e+00 6.416e+00 6.400e+00 6.442e+00 6.497e+00 6.488e+00 6.465e+00 6.445e+00 6.412e+00 6.345e+00 6.271e+00 6.218e+00 6.181e+00 6.197e+00 6.263e+00 6.277e+00 6.244e+00 6.201e+00 6.192e+00 6.181e+00 6.144e+00 6.109e+00 6.096e+00 6.098e+00 6.135e+00 6.201e+00 6.296e+00 6.397e+00 6.503e+00 6.601e+00 6.670e+00 6.708e+00 6.807e+00 7.136e+00 7.204e+00 6.964e+00 6.763e+00 6.782e+00 6.871e+00 6.964e+00 7.084e+00 7.235e+00 7.398e+00 7.563e+00 7.705e+00 7.803e+00 7.893e+00 8.015e+00 8.094e+00 8.183e+00 8.282e+00 8.387e+00 8.493e+00 8.600e+00 8.684e+00
6.392e+00 6.412e+00 6.460e+00 6.491e+00 6.464e+00 6.446e+00 6.487e+00 6.510e+00 6.489e+00 6.469e+00 6.446e+00 6.387e+00 6.317e+00 6.267e+00 6.229e+00 6.223e+00 6.275e+00 6.304e+00 6.272e+00 6.230e+00 6.218e+00 6.221e+00 6.193e+00 6.158e+00 6.139e+00 6.139e+00 6.144e+00 6.181e+00 6.242e+00 6.298e+00 6.367e+00 6.451e+00 6.550e+00 6.638e+00 6.663e+00 6.733e+00 7.131e+00 7.438e+00 7.227e+00 6.943e+00 6.785e+00 6.818e+00 6.903e+00 7.004e+00 7.151e+00 7.317e+00 7.478e+00 7.601e+00 7.684e+00 7.773e+00 7.907e+00 7.992e+00 8.079e+00 8.185e+00 8.294e+00 8.396e+00 8.494e+00 8.583e+00
6.500e+00 6.435e+00 6.489e+00 6.521e+00 6.505e+00 6.496e+00 6.517e+00 6.514e+00 6.494e+00 6.474e+00 6.429e+00 6.365e+00 6.314e+00 6.278e+00 6.263e+00 6.296e+00 6.320e+00 6.300e+00 6.257e+00 6.241e+00 6.258e+00 6.240e+00 6.204e+00 6.186e+00 6.182e+00 6.184e+00 6.190e+00 6.228e+00 6.287e+00 6.320e+00 6.375e+00 6.441e+00 6.522e+00 6.617e+00 6.674e+00 6.691e+00 6.847e+00 7.156e+00 7.254e+00 7.123e+00 6.936e+00 6.822e+00 6.848e+00 6.941e+00 7.071e+00 7.235e+00 7.385e+00 7.486e+00 7.568e+00 7.658e+00 7.797e+00 7.891e+00 7.979e+00 8.084e+00 8.192e+00 8.290e+00 8.376e+00 8.462e+00
6.617e+00 6.522e+00 6.524e+00 6.534e+00 6.523e+00 6.530e+00 6.534e+00 6.520e+00 6.499e+00 6.466e+00 6.409e+00 6.364e+00 6.327e+00 6.300e+00 6.316e+00 6.347e+00 6.324e+00 6.286e+00 6.266e+00 6.284e+00 6.286e+00 6.252e+00 6.230e+00 6.227e+00 6.229e+00 6.230e+00 6.235e+00 6.275e+00 6.328e+00 6.345e+00 6.400e+00 6.457e+00 6.504e+00 6.535e+00 6.574e+00 6.642e+00 6.686e+00 6.754e+00 7.004e+00 7.160e+00 7.113e+00 6.953e+00 6.864e+00 6.888e+00 7.000e+00 7.159e+00 7.281e+00 7.369e+00 7.451e+00 7.540e+00 7.681e+00 7.788e+00 7.879e+00 7.987e+00 8.087e+00 8.173e+00 8.251e+00 8.348e+00
6.696e+00 6.603e+00 6.571e+00 6.527e+00 6.507e+00 6.514e+00 6.523e+00 6.518e+00 6.500e+00 6.457e+00 6.411e+00 6.377e+00 6.347e+00 6.344e+00 6.361e+00 6.349e+00 6.313e+00 6.291e+00 6.308e+00 6.322e+00 6.300e+00 6.276e+00 6.270e+00 6.272e+00 6.274e+00 6.275e+00 6.281e+00 6.321e+00 6.360e+00 6.370e+00 6.417e+00 6.476e+00 6.516e+00 6.504e+00 6.432e+00 6.502e+00 6.603e+00 6.619e+00 6.603e+00 6.859e+00 7.087e+00 7.096e+00 6.931e+00 6.893e+00 6.946e+00 7.074e+00 7.174e+00 7.256e+00 7.338e+00 7.424e+00 7.555e+00 7.685e+00 7.783e+00 7.882e+00 7.971e+00 8.050e+00 8.127e+00 8.232e+00
6.728e+00 6.641e+00 6.582e+00 6.535e+00 6.520e+00 6.509e+00 6.491e+00 6.505e+00 6.498e+00 6.461e+00 6.426e+00 6.393e+00 6.376e+00 6.388e+00 6.371e+00 6.340e+00 6.314e+00 6.327e+00 6.358e+00 6.346e+00 6.321e+00 6.314e+00 6.315e+00 6.318e+00 6.320e+00 6.321e+00 6.327e+00 6.365e+00 6.390e+00 6.392e+00 6.439e+00 6.497e+00 6.526e+00 6.508e+00 6.447e+00 6.495e+00 6.573e+00 6.610e+00 6.571e+00 6.582e+00 6.760e+00 6.841e+00 6.769e+00 6.977e+00 7.009e+00 6.978e+00 7.054e+00 7.133e+00 7.216e+00 7.310e+00 7.436e+00 7.579e+00 7.680e+00 7.767e+00 7.847e+00 7.923e+00 8.006e+00 8.112e+00
6.662e+00 6.579e+00 6.544e+00 6.539e+00 6.580e+00 6.593e+00 6.520e+00 6.476e+00 6.497e+00 6.475e+00 6.442e+00 6.415e+00 6.407e+00 6.397e+00 6.365e+00 6.341e+00 6.348e+00 6.381e+00 6.390e+00 6.367e+00 6.358e+00 6.359e+00 6.361e+00 6.363e+00 6.363e+00 6.365e+00 6.375e+00 6.409e+00 6.418e+00 6.407e+00 6.459e+00 6.515e+00 6.526e+00 6.521e+00 6.519e+00 6.549e+00 6.568e+00 6.577e+00 6.562e+00 6.538e+00 6.549e+00 6.509e+00 6.626e+00 7.087e+00 7.142e+00 7.003e+00 6.989e+00 7.045e+00 7.114e+00 7.198e+00 7.314e+00 7.461e+00 7.567e+00 7.648e+00 7.723e+00 7.799e+00 7.885e+00 7.998e+00
6.548e+00 6.424e+00 6.364e+00 6.417e+00 6.566e+00 6.709e+00 6.580e+00 6.479e+00 6.498e+00 6.478e+00 6.455e+00 6.438e+00 6.417e+00 6.389e+00 6.364e+00 6.368e+00 6.404e+00 6.424e+00 6.413e+00 6.402e+00 6.403e+00 6.405e+00 6.406e+00 6.406e+00 6.410e+00 6.412e+00 6.421e+00 6.445e+00 6.438e+00 6.422e+00 6.480e+00 6.527e+00 6.535e+00 6.583e+00 6.605e+00 6.570e+00 6.513e+00 6.495e+00 6.493e+00 6.499e+00 6.496e+00 6.437e+00 6.519e+00 6.916e+00 7.142e+00 7.125e+00 7.020e+00 7.014e+00 7.071e+00 7.130e+00 7.225e+00 7.359e+00 7.475e+00 7.551e+00 7.617e+00 7.690e+00 7.796e+00 7.934e+00
6.372e+00 6.200e+00 6.126e+00 6.212e+00 6.458e+00 6.738e+00 6.704e+00 6.549e+00 6.486e+00 6.466e+00 6.453e+00 6.440e+00 6.414e+00 6.388e+00 6.389e+00 6.422e+00 6.458e+00 6.457e+00 6.446e+00 6.446e+00 6.447e+00 6.448e+00 6.451e+00 6.454e+00 6.456e+00 6.458e+00 6.466e+00 6.483e+00 6.461e+00 6.445e+00 6.498e+00 6.551e+00 6.605e+00 6.758e+00 6.840e+00 6.786e+00 6.686e+00 6.594e+00 6.499e+00 6.452e+00 6.438e+00 6.428e+00 6.432e+00 6.509e+00 6.806e+00 7.040e+00 6.943e+00 6.969e+00 7.056e+00 7.107e+00 7.177e+00 7.285e+00 7.395e+00 7.474e+00 7.533e+00 7.610e+00 7.746e+00 7.864e+00
6.113e+00 5.977e+00 5.887e+00 6.011e+00 6.426e+00 6.844e+00 6.801e+00 6.642e+00 6.556e+00 6.537e+00 6.461e+00 6.432e+00 6.410e+00 6.408e+00 6.441e+00 6.480e+00 6.498e+00 6.491e+00 6.489e+00 6.490e+00 6.493e+00 6.496e+00 6.498e+00 6.499e+00 6.502e+00 6.503e+00 6.511e+00 6.521e+00 6.481e+00 6.463e+00 6.533e+00 6.655e+00 6.818e+00 7.030e+00 7.119e+00 7.063e+00 6.962e+00 6.844e+00 6.683e+00 6.481e+00 6.378e+00 6.376e+00 6.394e+00 6.360e+00 6.459e+00 6.644e+00 6.659e+00 6.842e+00 7.032e+00 7.093e+00 7.160e+00 7.241e+00 7.326e+00 7.396e+00 7.451e+00 7.541e+00 7.668e+00 7.801e+00
5.809e+00 5.717e+00 5.690e+00 5.968e+00 6.517e+00 6.895e+00 6.878e+00 6.751e+00 6.723e+00 6.764e+00 6.621e+00 6.481e+00 6.466e+00 6.471e+00 6.501e+00 6.530e+00 6.534e+00 6.532e+00 6.534e+00 6.537e+00 6.540e+00 6.541e+00 6.543e+00 6.545e+00 6.547e+00 6.549e+00 6.555e+00 6.551e+00 6.495e+00 6.509e+00 6.660e+00 6.889e+00 7.114e+00 7.315e+00 7.387e+00 7.334e+00 7.231e+00 7.073e+00 6.854e+00 6.596e+00 6.382e+00 6.287e+00 6.325e+00 6.372e+00 6.396e+00 6.372e+00 6.381e+00 6.687e+00 6.988e+00 7.079e+00 7.108e+00 7.158e+00 7.222e+00 7.305e+00 7.382e+00 7.482e+00 7.600e+00 7.781e+00
5.589e+00 5.562e+00 5.652e+00 6.087e+00 6.646e+00 6.905e+00 6.783e+00 6.684e+00 6.775e+00 6.866e+00 6.828e+00 6.704e+00 6.619e+00 6.593e+00 6.578e+00 6.576e+00 6.575e+00 6.579e+00 6.581e+00 6.583e+00 6.585e+00 6.587e+00 6.589e+00 6.590e+00 6.593e+00 6.595e+00 6.596e+00 6.569e+00 6.523e+00 6.619e+00 6.887e+00 7.164e+00 7.408e+00 7.609e+00 7.671e+00 7.596e+00 7.458e+00 7.235e+00 6.991e+00 6.743e+00 6.526e+00 6.342e+00 6.285e+00 6.336e+00 6.372e+00 6.315e+00 6.222e+00 6.347e+00 6.684e+00 6.886e+00 7.044e+00 7.127e+00 7.135e+00 7.212e+00 7.297e+00 7.360e+00 7.448e+00 7.645e+00
5.595e+00 5.580e+00 5.721e+00 6.258e+00 6.723e+00 6.738e+00 6.552e+00 6.530e+00 6.679e+00 6.831e+00 6.898e+00 6.898e+00 6.838e+00 6.751e+00 6.658e+00 6.628e+00 6.635e+00 6.635e+00 6.638e+00 6.636e+00 6.638e+00 6.638e+00 6.639e+00 6.639e+00 6.638e+00 6.641e+00 6.626e+00 6.570e+00 6.538e+00 6.759e+00 7.087e+00 7.415e+00 7.696e+00 7.903e+00 7.962e+00 7.834e+00 7.629e+00 7.384e+00 7.182e+00 6.991e+00 6.848e+00 6.673e+00 6.413e+00 6.273e+00 6.285e+00 6.321e+00 6.311e+00 6.290e+00 6.385e+00 6.610e+00 6.940e+00 7.193e+00 7.157e+00 7.147e+00 7.165e+00 7.128e+00 7.135e+00 7.331e+00
5.688e+00 5.645e+00 5.827e+00 6.356e+00 6.634e+00 6.477e+00 6.329e+00 6.415e+00 6.579e+00 6.733e+00 6.850e+00 6.929e+00 6.968e+00 6.917e+00 6.769e+00 6.682e+00 6.694e+00 6.703e+00 6.698e+00 6.690e+00 6.688e+00 6.680e+00 6.679e+00 6.676e+00 6.675e+00 6.660e+00 6.598e+00 6.550e+00 6.616e+00 6.900e+00 7.250e+00 7.601e+00 7.940e+00 8.175e+00 8.198e+00 8.030e+00 7.850e+00 7.678e+00 7.530e+00 7.405e+00 7.323e+00 7.148e+00 6.803e+00 6.394e+00 6.184e+00 6.210e+00 6.297e+00 6.364e+00 6.356e+00 6.473e+00 6.721e+00 6.989e+00 7.130e+00 7.073e+00 7.068e+00 7.037e+00 7.002e+00 7.077e+00
5.783e+00 5.740e+00 5.825e+00 6.169e+00 6.292e+00 6.188e+00 6.167e+00 6.312e+00 6.479e+00 6.631e+00 6.763e+00 6.871e+00 6.962e+00 7.037e+00 6.948e+00 6.836e+00 6.751e+00 6.707e+00 6.697e+00 6.695e+00 6.690e+00 6.694e+00 6.700e+00 6.707e+00 6.678e+00 6.625e+00 6.574e+00 6.677e+00 6.851e+00 7.116e+00 7.446e+00 7.793e+00 8.143e+00 8.398e+00 8.442e+00 8.349e+00 8.233e+00 8.102e+00 7.996e+00 7.872e+00 7.795e+00 7.618e+00 7.295e+00 6.831e+00 6.504e+00 6.334e+00 6.273e+00 6.317e+00 6.410e+00 6.486e+00 6.570e+00 6.655e+00 6.853e+00 6.856e+00 6.859e+00 6.932e+00 7.017e+00 7.015e+00
5.847e+00 5.778e+00 5.782e+00 5.831e+00 5.932e+00 5.953e+00 6.051e+00 6.213e+00 6.384e+00 6.555e+00 6.666e+00 6.770e+00 6.894e+00 7.024e+00 7.083e+00 7.035e+00 6.842e+00 6.672e+00 6.672e+00 6.705e+00 6.719e+00 6.736e+00 6.738e+00 6.714e+00 6.629e+00 6.619e+00 6.735e+00 6.942e+00 7.151e+00 7.377e+00 7.664e+00 8.004e+00 8.335e+00 8.540e+00 8.594e+00 8.566e+00 8.536e+00 8.483e+00 8.407e+00 8.339e+00 8.244e+00 8.095e+00 7.783e+00 7.384e+00 7.052e+00 6.737e+00 6.403e+00 6.273e+00 6.356e+00 6.486e+00 6.484e+00 6.507e+00 6.669e+00 6.696e+00 6.651e+00 6.799e+00 7.107e+00 7.130e+00
5.876e+00 5.793e+00 5.729e+00 5.699e+00 5.727e+00 5.782e+00 5.936e+00 6.121e+00 6.295e+00 6.434e+00 6.571e+00 6.716e+00 6.877e+00 7.013e+00 7.122e+00 7.162e+00 7.058e+00 6.818e+00 6.665e+00 6.711e+00 6.775e+00 6.798e+00 6.739e+00 6.661e+00 6.607e+00 6.691e+00 6.924e+00 7.196e+00 7.433e+00 7.661e+00 7.905e+00 8.202e+00 8.477e+00 8.586e+00 8.601e+00 8.605e+00 8.608e+00 8.611e+00 8.594e+00 8.597e+00 8.569e+00 8.511e+00 8.291e+00 7.990e+00 7.656e+00 7.251e+00 6.763e+00 6.499e+00 6.300e+00 6.418e+00 6.509e+00 6.576e+00 6.653e+00 6.753e+00 6.701e+00 6.772e+00 7.161e+00 7.220e+00
5.901e+00 5.826e+00 5.755e+00 5.682e+00 5.638e+00 5.676e+00 5.837e+00 6.004e+00 6.170e+00 6.337e+00 6.505e+00 6.694e+00 6.898e+00 7.069e+00 7.217e+00 7.274e+00 7.217e+00 7.079e+00 6.863e+00 6.741e+00 6.790e+00 6.801e+00 6.697e+00 6.650e+00 6.662e+00 6.762e+00 7.000e+00 7.300e+00 7.596e+00 7.874e+00 8.138e+00 8.385e+00 8.558e+00 8.597e+00 8.604e+00 8.608e+00 8.611e+00 8.616e+00 8.620e+00 8.631e+00 8.649e+00 8.642e+00 8.595e+00 8.534e+00 8.481e+00 8.355e+00 8.047e+00 7.739e+00 7.011e+00 6.616e+00 6.542e+00 6.625e+00 6.715e+00 6.763e+00 6.738e+00 7.003e+00 7.302e+00 7.107e+00
5.924e+00 5.843e+00 5.758e+00 5.668e+00 5.578e+00 5.596e+00 5.746e+00 5.926e+00 6.097e+00 6.250e+00 6.388e+00 6.579e+00 6.818e+00 7.075e+00 7.323e+00 7.437e+00 7.326e+00 7.159e+00 7.019e+00 6.861e+00 6.750e+00 6.713e+00 6.707e+00 6.721e+00 6.741e+00 6.816e+00 7.060e+00 7.362e+00 7.658e+00 7.945e+00 8.236e+00 8.466e+00 8.582e+00 8.604e+00 8.608e+00 8.612e+00 8.617e+00 8.628e+00 8.645e+00 8.674e+00 8.700e+00 8.661e+00 8.625e+00 8.693e+00 8.790e+00 8.864e+00 8.870e+00 8.879e+00 8.298e+00 7.589e+00 6.834e+00 6.600e+00 6.692e+00 6.771e+00 6.788e+00 6.963e+00 7.268e+00 6.986e+00
5.910e+00 5.804e+00 5.699e+00 5.594e+00 5.518e+00 5.549e+00 5.712e+00 5.878e+00 6.019e+00 6.127e+00 6.212e+00 6.343e+00 6.557e+00 6.836e+00 7.247e+00 7.586e+00 7.619e+00 7.386e+00 7.162e+00 7.034e+00 6.921e+00 6.836e+00 6.834e+00 6.801e+00 6.807e+00 6.899e+00 7.121e+00 7.410e+00 7.685e+00 7.901e+00 8.148e+00 8.454e+00 8.590e+00 8.608e+00 8.613e+00 8.624e+00 8.648e+00 8.680e+00 8.718e+00 8.754e+00 8.740e+00 8.649e+00 8.593e+00 8.645e+00 8.730e+00 8.823e+00 8.884e+00 8.768e+00 8.309e+00 7.522e+00 6.772e+00 6.504e+00 6.631e+00 6.792e+00 6.896e+00 6.942e+00 7.034e+00 6.800e+00
5.882e+00 5.728e+00 5.605e+00 5.513e+00 5.469e+00 5.511e+00 5.673e+00 5.806e+00 5.903e+00 5.973e+00 6.049e+00 6.132e+00 6.260e+00 6.523e+00 7.018e+00 7.515e+00 7.793e+00 7.741e+00 7.537e+00 7.383e+00 7.242e+00 7.095e+00 6.963e+00 6.793e+00 6.821e+00 6.951e+00 7.155e+00 7.379e+00 7.532e+00 7.749e+00 8.075e+00 8.444e+00 8.600e+00 8.624e+00 8.643e+00 8.681e+00 8.722e+00 8.766e+00 8.807e+00 8.811e+00 8.742e+00 8.640e+00 8.567e+00 8.602e+00 8.692e+00 8.774e+00 8.727e+00 8.382e+00 7.908e+00 7.284e+00 6.656e+00 6.528e+00 6.640e+00 6.785e+00 6.906e+00 7.007e+00 7.096e+00 7.008e+00
5.886e+00 5.694e+00 5.526e+00 5.445e+00 5.426e+00 5.475e+00 5.602e+00 5.669e+00 5.751e+00 5.814e+00 5.889e+00 5.974e+00 6.071e+00 6.235e+00 6.496e+00 6.931e+00 7.411e+00 7.730e+00 7.836e+00 7.710e+00 7.535e+00 7.272e+00 6.969e+00 6.741e+00 6.752e+00 6.903e+00 7.026e+00 7.143e+00 7.302e+00 7.638e+00 8.020e+00 8.404e+00 8.609e+00 8.683e+00 8.722e+00 8.767e+00 8.811e+00 8.856e+00 8.871e+00 8.825e+00 8.733e+00 8.631e+00 8.549e+00 8.564e+00 8.642e+00 8.638e+00 8.379e+00 7.912e+00 7.434e+00 6.939e+00 6.597e+00 6.631e+00 6.695e+00 6.820e+00 6.957e+00 7.046e+00 7.120e+00 7.146e+00
5.998e+00 5.710e+00 5.480e+00 5.399e+00 5.397e+00 5.455e+00 5.528e+00 5.565e+00 5.587e+00 5.658e+00 5.732e+00 5.821e+00 5.932e+00 6.026e+00 6.034e+00 6.209e+00 6.773e+00 7.537e+00 7.999e+00 7.951e+00 7.713e+00 7.287e+00 6.916e+00 6.825e+00 6.811e+00 6.725e+00 6.762e+00 6.876e+00 7.133e+00 7.487e+00 7.816e+00 8.161e+00 8.488e+00 8.726e+00 8.813e+00 8.859e+00 8.902e+00 8.933e+00 8.908e+00 8.821e+00 8.723e+00 8.623e+00 8.525e+00 8.525e+00 8.570e+00 8.393e+00 7.943e+00 7.424e+00 6.968e+00 6.703e+00 6.631e+00 6.697e+00 6.751e+00 6.839e+00 7.111e+00 7.231e+00 7.225e+00 7.174e+00
6.111e+00 5.692e+00 5.431e+00 5.373e+00 5.385e+00 5.513e+00 5.611e+00 5.601e+00 5.556e+00 5.532e+00 5.580e+00 5.668e+00 5.784e+00 5.938e+00 5.899e+00 5.952e+00 6.649e+00 7.687e+00 8.121e+00 8.095e+00 7.757e+00 7.188e+00 6.903e+00 6.969e+00 7.015e+00 6.816e+00 6.654e+00 6.658e+00 6.856e+00 7.149e+00 7.452e+00 7.791e+00 8.203e+00 8.576e+00 8.818e+00 8.943e+00 8.992e+00 8.985e+00 8.910e+00 8.812e+00 8.713e+00 8.615e+00 8.520e+00 8.472e+00 8.348e+00 7.966e+00 7.451e+00 6.940e+00 6.608e+00 6.591e+00 6.665e+00 6.752e+00 6.724e+00 6.577e+00 6.824e+00 7.249e+00 7.409e+00 7.310e+00
