Project1/jiangbei.asc
ncols         319
nrows         411
xllcorner     657492
yllcorner     3548067
cellsize      10.000000
NODATA_value  -9999
[rows 182 to 207 of 411, columns 174 to 231 of 319]
6.604e+00 6.641e+00 6.643e+00 6.741e+00 6.903e+00 6.917e+00 6.795e+00 6.679e+00 6.493e+00 6.327e+00 6.289e+00 6.352e+00 6.540e+00 6.743e+00 6.868e+00 7.081e+00 7.263e+00 7.328e+00 7.441e+00 7.567e+00 7.552e+00 7.490e+00 7.481e+00 7.435e+00 7.354e+00 7.226e+00 7.090e+00 6.894e+00 6.711e+00 6.736e+00 6.849e+00 7.005e+00 7.422e+00 7.849e+00 8.088e+00 8.120e+00 8.031e+00 8.143e+00 8.404e+00 8.473e+00 8.451e+00 8.526e+00 8.649e+00 8.822e+00 9.030e+00 9.187e+00 9.300e+00 9.216e+00 9.054e+00 9.166e+00 9.285e+00 9.408e+00 9.629e+00 9.738e+00 9.859e+00 1.025e+01 1.059e+01 -9.999e+03
6.588e+00 6.608e+00 6.572e+00 6.560e+00 6.574e+00 6.592e+00 6.529e+00 6.418e+00 6.321e+00 6.257e+00 6.252e+00 6.423e+00 6.800e+00 7.105e+00 7.299e+00 7.603e+00 7.658e+00 7.559e+00 7.583e+00 7.612e+00 7.597e+00 7.547e+00 7.522e+00 7.578e+00 7.517e+00 7.262e+00 7.044e+00 6.896e+00 6.726e+00 6.707e+00 6.796e+00 6.963e+00 7.271e+00 7.511e+00 7.673e+00 8.032e+00 8.198e+00 8.176e+00 8.197e+00 8.231e+00 8.368e+00 8.527e+00 8.672e+00 8.836e+00 9.067e+00 9.370e+00 9.601e+00 9.474e+00 9.256e+00 9.249e+00 9.399e+00 9.749e+00 1.027e+01 1.030e+01 1.017e+01 1.035e+01 -9.999e+03 -9.999e+03
6.524e+00 6.529e+00 6.534e+00 6.526e+00 6.476e+00 6.444e+00 6.412e+00 6.331e+00 6.269e+00 6.226e+00 6.153e+00 6.339e+00 7.042e+00 7.689e+00 7.944e+00 8.013e+00 7.945e+00 7.748e+00 7.605e+00 7.563e+00 7.518e+00 7.420e+00 7.368e+00 7.476e+00 7.526e+00 7.308e+00 7.019e+00 6.841e+00 6.765e+00 6.795e+00 6.890e+00 7.018e+00 7.143e+00 7.194e+00 7.251e+00 7.611e+00 8.156e+00 8.548e+00 8.415e+00 8.219e+00 8.316e+00 8.512e+00 8.681e+00 8.908e+00 9.248e+00 9.625e+00 9.906e+00 9.970e+00 9.889e+00 9.857e+00 9.826e+00 9.953e+00 1.034e+01 1.043e+01 -9.999e+03 -9.999e+03 -9.999e+03 -9.999e+03
6.474e+00 6.489e+00 6.519e+00 6.526e+00 6.463e+00 6.398e+00 6.343e+00 6.287e+00 6.272e+00 6.244e+00 6.162e+00 6.637e+00 7.692e+00 8.244e+00 8.226e+00 8.103e+00 7.983e+00 7.735e+00 7.548e+00 7.490e+00 7.411e+00 7.274e+00 7.161e+00 7.257e+00 7.320e+00 7.167e+00 7.126e+00 7.012e+00 6.996e+00 7.074e+00 7.183e+00 7.198e+00 7.156e+00 7.151e+00 7.162e+00 7.256e+00 7.712e+00 8.390e+00 8.637e+00 8.335e+00 8.331e+00 8.482e+00 8.654e+00 8.925e+00 9.346e+00 9.738e+00 1.005e+01 1.030e+01 1.046e+01 1.046e+01 1.026e+01 1.012e+01 1.033e+01 -9.999e+03 -9.999e+03 -9.999e+03 -9.999e+03 -9.999e+03
6.558e+00 6.573e+00 6.531e+00 6.513e+00 6.455e+00 6.373e+00 6.324e+00 6.306e+00 6.336e+00 6.311e+00 6.361e+00 7.108e+00 7.992e+00 8.105e+00 8.043e+00 8.015e+00 7.895e+00 7.687e+00 7.501e+00 7.396e+00 7.277e+00 7.126e+00 7.013e+00 7.000e+00 6.970e+00 6.941e+00 7.129e+00 7.282e+00 7.356e+00 7.319e+00 7.389e+00 7.388e+00 7.316e+00 7.322e+00 7.399e+00 7.381e+00 7.360e+00 7.780e+00 8.082e+00 8.252e+00 8.490e+00 8.643e+00 8.716e+00 8.890e+00 9.168e+00 9.552e+00 1.004e+01 1.039e+01 1.052e+01 1.056e+01 1.047e+01 1.039e+01 -9.999e+03 -9.999e+03 -9.999e+03 -9.999e+03 -9.999e+03 -9.999e+03
6.758e+00 6.791e+00 6.656e+00 6.542e+00 6.452e+00 6.372e+00 6.342e+00 6.373e+00 6.430e+00 6.427e+00 6.640e+00 7.403e+00 7.797e+00 7.671e+00 7.712e+00 7.789e+00 7.740e+00 7.589e+00 7.425e+00 7.279e+00 7.132e+00 6.976e+00 6.836e+00 6.771e+00 6.779e+00 6.920e+00 7.212e+00 7.651e+00 7.865e+00 7.640e+00 7.526e+00 7.595e+00 7.631e+00 7.577e+00 7.625e+00 7.710e+00 7.687e+00 7.614e+00 7.798e+00 8.216e+00 8.743e+00 9.056e+00 9.169e+00 9.223e+00 9.220e+00 9.463e+00 1.007e+01 1.034e+01 1.039e+01 1.054e+01 1.061e+01 -9.999e+03 -9.999e+03 -9.999e+03 -9.999e+03 -9.999e+03 -9.999e+03 -9.999e+03
6.672e+00 6.691e+00 6.600e+00 6.494e+00 6.429e+00 6.404e+00 6.415e+00 6.461e+00 6.532e+00 6.678e+00 7.074e+00 7.566e+00 7.550e+00 7.364e+00 7.446e+00 7.543e+00 7.553e+00 7.422e+00 7.231e+00 7.059e+00 6.918e+00 6.793e+00 6.696e+00 6.688e+00 6.827e+00 7.043e+00 7.352e+00 7.862e+00 8.171e+00 8.053e+00 7.824e+00 7.821e+00 7.971e+00 7.963e+00 7.931e+00 8.097e+00 8.253e+00 8.268e+00 8.218e+00 8.160e+00 8.507e+00 9.078e+00 9.369e+00 9.421e+00 9.364e+00 9.474e+00 9.972e+00 1.028e+01 1.050e+01 1.075e+01 -9.999e+03 -9.999e+03 -9.999e+03 -9.999e+03 -9.999e+03 -9.999e+03 -9.999e+03 -9.999e+03
6.473e+00 6.461e+00 6.421e+00 6.424e+00 6.436e+00 6.439e+00 6.473e+00 6.491e+00 6.564e+00 6.855e+00 7.278e+00 7.498e+00 7.377e+00 7.184e+00 7.189e+00 7.285e+00 7.315e+00 7.172e+00 6.960e+00 6.821e+00 6.747e+00 6.703e+00 6.695e+00 6.755e+00 6.891e+00 7.070e+00 7.338e+00 7.739e+00 8.044e+00 8.193e+00 8.224e+00 8.120e+00 8.137e+00 8.234e+00 8.393e+00 8.643e+00 8.734e+00 8.842e+00 8.873e+00 8.538e+00 8.323e+00 8.642e+00 9.050e+00 9.216e+00 9.369e+00 9.582e+00 9.966e+00 1.038e+01 1.068e+01 -9.999e+03 -9.999e+03 -9.999e+03 -9.999e+03 -9.999e+03 -9.999e+03 -9.999e+03 -9.999e+03 -9.999e+03
6.451e+00 6.463e+00 6.424e+00 6.452e+00 6.495e+00 6.505e+00 6.522e+00 6.582e+00 6.743e+00 7.046e+00 7.338e+00 7.359e+00 7.201e+00 7.076e+00 7.090e+00 7.138e+00 7.089e+00 6.970e+00 6.867e+00 6.814e+00 6.784e+00 6.756e+00 6.771e+00 6.866e+00 6.991e+00 7.126e+00 7.311e+00 7.596e+00 7.862e+00 8.100e+00 8.333e+00 8.474e+00 8.483e+00 8.572e+00 8.881e+00 9.152e+00 9.263e+00 9.279e+00 9.350e+00 9.322e+00 9.051e+00 8.902e+00 8.985e+00 9.149e+00 9.491e+00 9.955e+00 1.041e+01 1.064e+01 -9.999e+03 -9.999e+03 -9.999e+03 -9.999e+03 -9.999e+03 -9.999e+03 -9.999e+03 -9.999e+03 -9.999e+03 -9.999e+03
6.384e+00 6.403e+00 6.401e+00 6.464e+00 6.641e+00 6.781e+00 6.881e+00 7.128e+00 7.286e+00 7.320e+00 7.340e+00 7.275e+00 7.216e+00 7.202e+00 7.199e+00 7.141e+00 7.068e+00 6.985e+00 6.912e+00 6.866e+00 6.835e+00 6.821e+00 6.870e+00 6.984e+00 7.108e+00 7.232e+00 7.364e+00 7.530e+00 7.769e+00 8.079e+00 8.393e+00 8.682e+00 8.933e+00 9.083e+00 9.288e+00 9.479e+00 9.628e+00 9.706e+00 9.797e+00 9.873e+00 9.832e+00 9.709e+00 9.473e+00 9.449e+00 9.843e+00 1.034e+01 1.067e+01 -9.999e+03 -9.999e+03 -9.999e+03 -9.999e+03 -9.999e+03 -9.999e+03 -9.999e+03 -9.999e+03 -9.999e+03 -9.999e+03 -9.999e+03
6.346e+00 6.358e+00 6.384e+00 6.504e+00 6.846e+00 7.185e+00 7.386e+00 7.483e+00 7.423e+00 7.432e+00 7.477e+00 7.432e+00 7.397e+00 7.366e+00 7.284e+00 7.180e+00 7.107e+00 7.038e+00 6.969e+00 6.919e+00 6.887e+00 6.891e+00 6.979e+00 7.102e+00 7.226e+00 7.349e+00 7.453e+00 7.523e+00 7.710e+00 8.056e+00 8.435e+00 8.777e+00 9.137e+00 9.468e+00 9.669e+00 9.788e+00 9.898e+00 1.019e+01 1.041e+01 1.039e+01 1.036e+01 1.037e+01 1.029e+01 1.030e+01 1.052e+01 1.063e+01 -9.999e+03 -9.999e+03 -9.999e+03 -9.999e+03 -9.999e+03 -9.999e+03 -9.999e+03 -9.999e+03 -9.999e+03 -9.999e+03 -9.999e+03 -9.999e+03
6.358e+00 6.360e+00 6.371e+00 6.510e+00 6.873e+00 7.236e+00 7.348e+00 7.314e+00 7.404e+00 7.610e+00 7.656e+00 7.597e+00 7.536e+00 7.440e+00 7.320e+00 7.194e+00 7.138e+00 7.092e+00 7.018e+00 6.968e+00 6.950e+00 6.987e+00 7.095e+00 7.219e+00 7.340e+00 7.448e+00 7.500e+00 7.535e+00 7.647e+00 7.918e+00 8.295e+00 8.671e+00 9.048e+00 9.435e+00 9.827e+00 1.007e+01 1.025e+01 1.049e+01 1.071e+01 1.076e+01 1.078e+01 1.082e+01 1.082e+01 1.094e+01 1.096e+01 -9.999e+03 -9.999e+03 -9.999e+03 -9.999e+03 -9.999e+03 -9.999e+03 -9.999e+03 -9.999e+03 -9.999e+03 -9.999e+03 -9.999e+03 -9.999e+03 -9.999e+03
6.348e+00 6.355e+00 6.340e+00 6.427e+00 6.682e+00 6.920e+00 7.041e+00 7.328e+00 7.647e+00 7.797e+00 7.773e+00 7.679e+00 7.584e+00 7.479e+00 7.351e+00 7.214e+00 7.149e+00 7.131e+00 7.073e+00 7.021e+00 7.017e+00 7.093e+00 7.212e+00 7.331e+00 7.437e+00 7.504e+00 7.505e+00 7.548e+00 7.637e+00 7.814e+00 8.144e+00 8.523e+00 8.898e+00 9.289e+00 9.721e+00 1.017e+01 1.051e+01 1.076e+01 1.091e+01 1.104e+01 1.121e+01 1.123e+01 1.112e+01 1.116e+01 -9.999e+03 -9.999e+03 -9.999e+03 -9.999e+03 -9.999e+03 -9.999e+03 -9.999e+03 -9.999e+03 -9.999e+03 -9.999e+03 -9.999e+03 -9.999e+03 -9.999e+03 -9.999e+03
6.353e+00 6.389e+00 6.353e+00 6.379e+00 6.536e+00 6.709e+00 6.947e+00 7.437e+00 7.797e+00 7.885e+00 7.800e+00 7.665e+00 7.578e+00 7.505e+00 7.377e+00 7.232e+00 7.159e+00 7.162e+00 7.123e+00 7.079e+00 7.108e+00 7.207e+00 7.323e+00 7.425e+00 7.503e+00 7.512e+00 7.508e+00 7.566e+00 7.646e+00 7.761e+00 8.008e+00 8.372e+00 8.750e+00 9.144e+00 9.571e+00 1.005e+01 1.057e+01 1.102e+01 1.118e+01 1.128e+01 1.150e+01 1.162e+01 -9.999e+03 -9.999e+03 -9.999e+03 -9.999e+03 -9.999e+03 -9.999e+03 -9.999e+03 -9.999e+03 -9.999e+03 -9.999e+03 -9.999e+03 -9.999e+03 -9.999e+03 -9.999e+03 -9.999e+03 -9.999e+03
6.486e+00 6.652e+00 6.610e+00 6.491e+00 6.503e+00 6.563e+00 6.742e+00 7.198e+00 7.654e+00 7.856e+00 7.773e+00 7.615e+00 7.517e+00 7.509e+00 7.410e+00 7.243e+00 7.158e+00 7.169e+00 7.163e+00 7.145e+00 7.203e+00 7.312e+00 7.412e+00 7.497e+00 7.529e+00 7.501e+00 7.514e+00 7.584e+00 7.665e+00 7.748e+00 7.908e+00 8.224e+00 8.603e+00 8.989e+00 9.428e+00 9.935e+00 1.061e+01 1.120e+01 1.147e+01 1.157e+01 1.165e+01 -9.999e+03 -9.999e+03 -9.999e+03 -9.999e+03 -9.999e+03 -9.999e+03 -9.999e+03 -9.999e+03 -9.999e+03 -9.999e+03 -9.999e+03 -9.999e+03 -9.999e+03 -9.999e+03 -9.999e+03 -9.999e+03 -9.999e+03
6.597e+00 6.804e+00 6.847e+00 6.733e+00 6.579e+00 6.525e+00 6.626e+00 6.908e+00 7.311e+00 7.648e+00 7.690e+00 7.552e+00 7.452e+00 7.471e+00 7.417e+00 7.259e+00 7.164e+00 7.169e+00 7.190e+00 7.221e+00 7.301e+00 7.398e+00 7.487e+00 7.540e+00 7.520e+00 7.493e+00 7.528e+00 7.602e+00 7.684e+00 7.766e+00 7.866e+00 8.090e+00 8.448e+00 8.845e+00 9.291e+00 9.904e+00 1.075e+01 1.144e+01 1.184e+01 1.204e+01 -9.999e+03 -9.999e+03 -9.999e+03 -9.999e+03 -9.999e+03 -9.999e+03 -9.999e+03 -9.999e+03 -9.999e+03 -9.999e+03 -9.999e+03 -9.999e+03 -9.999e+03 -9.999e+03 -9.999e+03 -9.999e+03 -9.999e+03 -9.999e+03
6.868e+00 6.945e+00 6.920e+00 6.941e+00 6.843e+00 6.704e+00 6.695e+00 6.829e+00 7.098e+00 7.414e+00 7.544e+00 7.479e+00 7.471e+00 7.549e+00 7.471e+00 7.291e+00 7.235e+00 7.279e+00 7.295e+00 7.309e+00 7.380e+00 7.475e+00 7.544e+00 7.542e+00 7.503e+00 7.492e+00 7.545e+00 7.621e+00 7.703e+00 7.786e+00 7.872e+00 8.018e+00 8.306e+00 8.691e+00 9.183e+00 9.957e+00 1.090e+01 1.158e+01 1.195e+01 -9.999e+03 -9.999e+03 -9.999e+03 -9.999e+03 -9.999e+03 -9.999e+03 -9.999e+03 -9.999e+03 -9.999e+03 -9.999e+03 -9.999e+03 -9.999e+03 -9.999e+03 -9.999e+03 -9.999e+03 -9.999e+03 -9.999e+03 -9.999e+03 -9.999e+03
7.297e+00 7.248e+00 7.080e+00 7.004e+00 6.950e+00 6.845e+00 6.787e+00 6.812e+00 6.984e+00 7.257e+00 7.455e+00 7.490e+00 7.584e+00 7.663e+00 7.541e+00 7.382e+00 7.382e+00 7.514e+00 7.482e+00 7.400e+00 7.423e+00 7.513e+00 7.557e+00 7.525e+00 7.489e+00 7.497e+00 7.562e+00 7.640e+00 7.722e+00 7.805e+00 7.887e+00 7.984e+00 8.191e+00 8.554e+00 9.173e+00 1.009e+01 1.109e+01 1.171e+01 -9.999e+03 -9.999e+03 -9.999e+03 -9.999e+03 -9.999e+03 -9.999e+03 -9.999e+03 -9.999e+03 -9.999e+03 -9.999e+03 -9.999e+03 -9.999e+03 -9.999e+03 -9.999e+03 -9.999e+03 -9.999e+03 -9.999e+03 -9.999e+03 -9.999e+03 -9.999e+03
7.605e+00 7.526e+00 7.275e+00 7.085e+00 7.033e+00 6.985e+00 6.920e+00 6.943e+00 7.070e+00 7.244e+00 7.409e+00 7.566e+00 7.738e+00 7.783e+00 7.640e+00 7.507e+00 7.525e+00 7.552e+00 7.397e+00 7.277e+00 7.315e+00 7.428e+00 7.503e+00 7.502e+00 7.484e+00 7.512e+00 7.581e+00 7.658e+00 7.741e+00 7.823e+00 7.906e+00 7.988e+00 8.100e+00 8.456e+00 9.247e+00 1.025e+01 1.108e+01 -9.999e+03 -9.999e+03 -9.999e+03 -9.999e+03 -9.999e+03 -9.999e+03 -9.999e+03 -9.999e+03 -9.999e+03 -9.999e+03 -9.999e+03 -9.999e+03 -9.999e+03 -9.999e+03 -9.999e+03 -9.999e+03 -9.999e+03 -9.999e+03 -9.999e+03 -9.999e+03 -9.999e+03
7.804e+00 7.670e+00 7.234e+00 6.937e+00 7.053e+00 7.207e+00 7.182e+00 7.151e+00 7.196e+00 7.275e+00 7.408e+00 7.652e+00 7.886e+00 7.895e+00 7.750e+00 7.626e+00 7.596e+00 7.439e+00 7.251e+00 7.333e+00 7.436e+00 7.530e+00 7.616e+00 7.600e+00 7.554e+00 7.562e+00 7.608e+00 7.678e+00 7.774e+00 7.867e+00 7.949e+00 8.054e+00 8.182e+00 8.552e+00 9.317e+00 1.010e+01 -9.999e+03 -9.999e+03 -9.999e+03 -9.999e+03 -9.999e+03 -9.999e+03 -9.999e+03 -9.999e+03 -9.999e+03 -9.999e+03 -9.999e+03 -9.999e+03 -9.999e+03 -9.999e+03 -9.999e+03 -9.999e+03 -9.999e+03 -9.999e+03 -9.999e+03 -9.999e+03 -9.999e+03 -9.999e+03
8.158e+00 8.036e+00 7.335e+00 6.732e+00 6.899e+00 7.362e+00 7.564e+00 7.561e+00 7.445e+00 7.473e+00 7.579e+00 7.767e+00 7.993e+00 8.063e+00 7.907e+00 7.768e+00 7.691e+00 7.565e+00 7.581e+00 7.751e+00 7.855e+00 7.942e+00 7.950e+00 7.889e+00 7.810e+00 7.788e+00 7.799e+00 7.862e+00 7.976e+00 8.114e+00 8.241e+00 8.387e+00 8.635e+00 9.098e+00 9.446e+00 -9.999e+03 -9.999e+03 -9.999e+03 -9.999e+03 -9.999e+03 -9.999e+03 -9.999e+03 -9.999e+03 -9.999e+03 -9.999e+03 -9.999e+03 -9.999e+03 -9.999e+03 -9.999e+03 -9.999e+03 -9.999e+03 -9.999e+03 -9.999e+03 -9.999e+03 -9.999e+03 -9.999e+03 -9.999e+03 -9.999e+03
8.521e+00 8.457e+00 7.662e+00 6.820e+00 6.689e+00 7.037e+00 7.435e+00 7.657e+00 7.710e+00 7.745e+00 7.820e+00 7.876e+00 8.016e+00 8.192e+00 8.196e+00 8.088e+00 7.986e+00 7.942e+00 8.061e+00 8.209e+00 8.290e+00 8.307e+00 8.268e+00 8.197e+00 8.142e+00 8.182e+00 8.221e+00 8.330e+00 8.505e+00 8.637e+00 8.776e+00 8.950e+00 9.353e+00 9.614e+00 -9.999e+03 -9.999e+03 -9.999e+03 -9.999e+03 -9.999e+03 -9.999e+03 -9.999e+03 -9.999e+03 -9.999e+03 -9.999e+03 -9.999e+03 -9.999e+03 -9.999e+03 -9.999e+03 -9.999e+03 -9.999e+03 -9.999e+03 -9.999e+03 -9.999e+03 -9.999e+03 -9.999e+03 -9.999e+03 -9.999e+03 -9.999e+03
8.639e+00 8.446e+00 7.665e+00 6.925e+00 6.701e+00 6.854e+00 7.194e+00 7.643e+00 8.090e+00 8.184e+00 8.116e+00 8.080e+00 8.130e+00 8.281e+00 8.455e+00 8.549e+00 8.478e+00 8.418e+00 8.526e+00 8.635e+00 8.660e+00 8.633e+00 8.580e+00 8.508e+00 8.500e+00 8.610e+00 8.693e+00 8.864e+00 9.083e+00 9.247e+00 9.380e+00 9.559e+00 9.727e+00 -9.999e+03 -9.999e+03 -9.999e+03 -9.999e+03 -9.999e+03 -9.999e+03 -9.999e+03 -9.999e+03 -9.999e+03 -9.999e+03 -9.999e+03 -9.999e+03 -9.999e+03 -9.999e+03 -9.999e+03 -9.999e+03 -9.999e+03 -9.999e+03 -9.999e+03 -9.999e+03 -9.999e+03 -9.999e+03 -9.999e+03 -9.999e+03 -9.999e+03
8.707e+00 8.312e+00 7.517e+00 6.941e+00 6.733e+00 6.721e+00 6.983e+00 7.462e+00 8.077e+00 8.406e+00 8.380e+00 8.326e+00 8.327e+00 8.421e+00 8.574e+00 8.768e+00 8.952e+00 8.937e+00 8.977e+00 9.008e+00 8.985e+00 8.953e+00 8.895e+00 8.841e+00 8.889e+00 9.045e+00 9.164e+00 9.373e+00 9.630e+00 9.828e+00 9.969e+00 -9.999e+03 -9.999e+03 -9.999e+03 -9.999e+03 -9.999e+03 -9.999e+03 -9.999e+03 -9.999e+03 -9.999e+03 -9.999e+03 -9.999e+03 -9.999e+03 -9.999e+03 -9.999e+03 -9.999e+03 -9.999e+03 -9.999e+03 -9.999e+03 -9.999e+03 -9.999e+03 -9.999e+03 -9.999e+03 -9.999e+03 -9.999e+03 -9.999e+03 -9.999e+03 -9.999e+03
8.520e+00 7.935e+00 7.263e+00 6.955e+00 6.883e+00 6.825e+00 6.971e+00 7.288e+00 7.613e+00 7.938e+00 8.310e+00 8.560e+00 8.578e+00 8.610e+00 8.715e+00 8.850e+00 9.031e+00 9.218e+00 9.317e+00 9.335e+00 9.303e+00 9.270e+00 9.215e+00 9.191e+00 9.290e+00 9.489e+00 9.658e+00 9.895e+00 1.017e+01 1.036e+01 -9.999e+03 -9.999e+03 -9.999e+03 -9.999e+03 -9.999e+03 -9.999e+03 -9.999e+03 -9.999e+03 -9.999e+03 -9.999e+03 -9.999e+03 -9.999e+03 -9.999e+03 -9.999e+03 -9.999e+03 -9.999e+03 -9.999e+03 -9.999e+03 -9.999e+03 -9.999e+03 -9.999e+03 -9.999e+03 -9.999e+03 -9.999e+03 -9.999e+03 -9.999e+03 -9.999e+03 -9.999e+03
7.868e+00 7.243e+00 6.957e+00 7.022e+00 7.059e+00 7.027e+00 7.011e+00 7.008e+00 7.098e+00 7.378e+00 7.916e+00 8.509e+00 8.813e+00 8.857e+00 8.887e+00 8.966e+00 9.088e+00 9.270e+00 9.517e+00 9.616e+00 9.616e+00 9.587e+00 9.551e+00 9.569e+00 9.714e+00 9.942e+00 1.014e+01 1.041e+01 1.065e+01 -9.999e+03 -9.999e+03 -9.999e+03 -9.999e+03 -9.999e+03 -9.999e+03 -9.999e+03 -9.999e+03 -9.999e+03 -9.999e+03 -9.999e+03 -9.999e+03 -9.999e+03 -9.999e+03 -9.999e+03 -9.999e+03 -9.999e+03 -9.999e+03 -9.999e+03 -9.999e+03 -9.999e+03 -9.999e+03 -9.999e+03 -9.999e+03 -9.999e+03 -9.999e+03 -9.999e+03 -9.999e+03 -9.999e+03
