Project1/jiangbei.asc
ncols         319
nrows         411
xllcorner     657492
yllcorner     3548067
cellsize      10.000000
NODATA_value  -9999
[rows 52 to 77 of 411, columns 58 to 115 of 319]
-9.999e+03 -9.999e+03 -9.999e+03 -9.999e+03 -9.999e+03 -9.999e+03 -9.999e+03 6.239e+00 6.124e+00 5.925e+00 5.785e+00 5.684e+00 5.638e+00 5.745e+00 5.861e+00 5.881e+00 5.671e+00 5.544e+00 5.584e+00 5.772e+00 6.018e+00 6.054e+00 5.992e+00 5.977e+00 5.978e+00 6.143e+00 6.520e+00 7.035e+00 7.496e+00 7.703e+00 7.719e+00 7.646e+00 7.061e+00 6.094e+00 5.872e+00 5.845e+00 5.795e+00 5.685e+00 5.519e+00 5.397e+00 5.368e+00 5.394e+00 5.478e+00 5.800e+00 6.162e+00 6.566e+00 6.956e+00 7.048e+00 7.000e+00 6.920e+00 6.790e+00 6.807e+00 6.797e+00 6.727e+00 6.791e+00 6.972e+00 6.912e+00 6.610e+00
-9.999e+03 -9.999e+03 -9.999e+03 -9.999e+03 -9.999e+03 -9.999e+03 6.246e+00 6.047e+00 5.791e+00 5.646e+00 5.530e+00 5.466e+00 5.531e+00 5.686e+00 5.875e+00 5.836e+00 5.698e+00 5.556e+00 5.573e+00 5.675e+00 5.964e+00 6.026e+00 5.926e+00 5.837e+00 5.829e+00 5.996e+00 6.464e+00 6.894e+00 7.309e+00 7.576e+00 7.694e+00 7.636e+00 6.946e+00 6.281e+00 6.007e+00 5.865e+00 5.760e+00 5.640e+00 5.486e+00 5.380e+00 5.373e+00 5.405e+00 5.557e+00 5.823e+00 6.096e+00 6.411e+00 6.797e+00 6.961e+00 7.029e+00 7.017e+00 6.894e+00 6.923e+00 6.966e+00 6.841e+00 6.797e+00 6.859e+00 6.801e+00 6.629e+00
-9.999e+03 -9.999e+03 -9.999e+03 -9.999e+03 -9.999e+03 6.306e+00 6.102e+00 5.841e+00 5.652e+00 5.540e+00 5.496e+00 5.492e+00 5.548e+00 5.730e+00 5.884e+00 5.849e+00 5.660e+00 5.514e+00 5.509e+00 5.627e+00 5.936e+00 6.028e+00 5.893e+00 5.753e+00 5.686e+00 5.848e+00 6.162e+00 6.581e+00 6.968e+00 7.181e+00 7.358e+00 7.425e+00 7.106e+00 6.640e+00 6.035e+00 5.780e+00 5.688e+00 5.589e+00 5.476e+00 5.411e+00 5.400e+00 5.450e+00 5.638e+00 5.843e+00 6.033e+00 6.223e+00 6.513e+00 6.788e+00 7.021e+00 7.072e+00 7.011e+00 7.049e+00 7.066e+00 6.918e+00 6.840e+00 6.843e+00 6.823e+00 6.718e+00
-9.999e+03 -9.999e+03 -9.999e+03 -9.999e+03 6.210e+00 5.967e+00 5.787e+00 5.664e+00 5.590e+00 5.508e+00 5.477e+00 5.482e+00 5.523e+00 5.642e+00 5.885e+00 5.879e+00 5.660e+00 5.458e+00 5.492e+00 5.652e+00 5.933e+00 6.006e+00 5.837e+00 5.677e+00 5.656e+00 5.735e+00 5.955e+00 6.356e+00 6.720e+00 6.815e+00 6.902e+00 7.072e+00 7.040e+00 6.546e+00 5.887e+00 5.647e+00 5.601e+00 5.532e+00 5.463e+00 5.415e+00 5.410e+00 5.454e+00 5.604e+00 5.773e+00 5.945e+00 6.116e+00 6.303e+00 6.662e+00 6.999e+00 7.103e+00 7.059e+00 7.026e+00 7.042e+00 7.008e+00 6.872e+00 6.863e+00 6.840e+00 6.824e+00
-9.999e+03 -9.999e+03 6.567e+00 6.220e+00 5.935e+00 5.655e+00 5.522e+00 5.557e+00 5.541e+00 5.505e+00 5.473e+00 5.469e+00 5.493e+00 5.598e+00 5.880e+00 5.914e+00 5.719e+00 5.539e+00 5.552e+00 5.693e+00 5.896e+00 5.906e+00 5.708e+00 5.651e+00 5.694e+00 5.762e+00 5.940e+00 6.310e+00 6.647e+00 6.654e+00 6.627e+00 6.869e+00 7.043e+00 6.678e+00 5.947e+00 5.581e+00 5.537e+00 5.484e+00 5.435e+00 5.414e+00 5.426e+00 5.454e+00 5.541e+00 5.722e+00 5.874e+00 6.022e+00 6.117e+00 6.583e+00 7.063e+00 7.142e+00 6.873e+00 6.820e+00 6.933e+00 7.056e+00 6.938e+00 6.851e+00 6.867e+00 6.811e+00
-9.999e+03 6.723e+00 6.471e+00 6.040e+00 5.817e+00 5.572e+00 5.525e+00 5.613e+00 5.628e+00 5.573e+00 5.508e+00 5.477e+00 5.506e+00 5.608e+00 5.859e+00 5.933e+00 5.777e+00 5.626e+00 5.576e+00 5.644e+00 5.759e+00 5.727e+00 5.631e+00 5.669e+00 5.731e+00 5.806e+00 5.967e+00 6.282e+00 6.594e+00 6.712e+00 6.781e+00 6.978e+00 7.216e+00 7.097e+00 6.263e+00 5.593e+00 5.497e+00 5.451e+00 5.418e+00 5.429e+00 5.448e+00 5.460e+00 5.529e+00 5.652e+00 5.796e+00 5.886e+00 5.872e+00 6.285e+00 7.076e+00 6.883e+00 6.430e+00 6.414e+00 6.620e+00 6.971e+00 6.962e+00 6.885e+00 6.864e+00 6.849e+00
6.725e+00 6.519e+00 6.198e+00 5.858e+00 5.717e+00 5.550e+00 5.548e+00 5.712e+00 5.741e+00 5.648e+00 5.524e+00 5.496e+00 5.531e+00 5.610e+00 5.814e+00 5.904e+00 5.778e+00 5.665e+00 5.603e+00 5.602e+00 5.604e+00 5.596e+00 5.621e+00 5.699e+00 5.773e+00 5.850e+00 5.961e+00 6.216e+00 6.539e+00 6.826e+00 7.032e+00 7.186e+00 7.379e+00 7.112e+00 6.416e+00 5.688e+00 5.487e+00 5.460e+00 5.457e+00 5.462e+00 5.469e+00 5.475e+00 5.505e+00 5.588e+00 5.674e+00 5.717e+00 5.673e+00 5.937e+00 6.445e+00 6.174e+00 5.882e+00 6.033e+00 6.303e+00 6.671e+00 6.936e+00 6.941e+00 6.883e+00 6.864e+00
6.563e+00 6.266e+00 5.932e+00 5.712e+00 5.608e+00 5.519e+00 5.541e+00 5.730e+00 5.768e+00 5.641e+00 5.515e+00 5.512e+00 5.554e+00 5.571e+00 5.695e+00 5.753e+00 5.687e+00 5.674e+00 5.689e+00 5.662e+00 5.630e+00 5.644e+00 5.708e+00 5.773e+00 5.829e+00 5.892e+00 5.991e+00 6.191e+00 6.524e+00 6.825e+00 6.983e+00 7.118e+00 7.187e+00 6.904e+00 6.209e+00 5.640e+00 5.517e+00 5.543e+00 5.562e+00 5.532e+00 5.511e+00 5.509e+00 5.522e+00 5.535e+00 5.570e+00 5.592e+00 5.551e+00 5.563e+00 5.709e+00 5.641e+00 5.658e+00 5.764e+00 6.001e+00 6.241e+00 6.540e+00 6.810e+00 6.913e+00 6.946e+00
6.470e+00 6.204e+00 5.909e+00 5.723e+00 5.636e+00 5.558e+00 5.552e+00 5.700e+00 5.739e+00 5.607e+00 5.507e+00 5.520e+00 5.547e+00 5.514e+00 5.563e+00 5.573e+00 5.589e+00 5.677e+00 5.759e+00 5.773e+00 5.781e+00 5.791e+00 5.801e+00 5.819e+00 5.857e+00 5.911e+00 5.974e+00 6.164e+00 6.442e+00 6.535e+00 6.660e+00 6.751e+00 6.703e+00 6.450e+00 6.004e+00 5.701e+00 5.600e+00 5.648e+00 5.699e+00 5.669e+00 5.645e+00 5.636e+00 5.630e+00 5.585e+00 5.549e+00 5.541e+00 5.525e+00 5.523e+00 5.547e+00 5.564e+00 5.629e+00 5.677e+00 5.748e+00 5.832e+00 6.051e+00 6.329e+00 6.662e+00 6.947e+00
6.423e+00 6.246e+00 6.035e+00 5.814e+00 5.712e+00 5.613e+00 5.562e+00 5.658e+00 5.705e+00 5.583e+00 5.490e+00 5.499e+00 5.504e+00 5.494e+00 5.548e+00 5.555e+00 5.551e+00 5.683e+00 5.802e+00 5.864e+00 5.864e+00 5.853e+00 5.827e+00 5.831e+00 5.863e+00 5.896e+00 5.962e+00 6.127e+00 6.263e+00 6.344e+00 6.479e+00 6.617e+00 6.522e+00 6.343e+00 6.090e+00 5.738e+00 5.668e+00 5.756e+00 5.842e+00 5.834e+00 5.808e+00 5.791e+00 5.760e+00 5.694e+00 5.591e+00 5.536e+00 5.517e+00 5.523e+00 5.534e+00 5.569e+00 5.627e+00 5.694e+00 5.739e+00 5.766e+00 5.830e+00 6.033e+00 6.474e+00 6.877e+00
6.267e+00 6.179e+00 6.045e+00 5.850e+00 5.720e+00 5.628e+00 5.576e+00 5.635e+00 5.677e+00 5.562e+00 5.468e+00 5.460e+00 5.464e+00 5.530e+00 5.667e+00 5.636e+00 5.571e+00 5.680e+00 5.828e+00 5.918e+00 5.929e+00 5.911e+00 5.909e+00 5.939e+00 5.965e+00 5.931e+00 5.941e+00 6.086e+00 6.298e+00 6.475e+00 6.626e+00 6.773e+00 6.924e+00 6.919e+00 6.528e+00 5.986e+00 5.700e+00 5.877e+00 5.981e+00 5.970e+00 5.944e+00 5.914e+00 5.875e+00 5.807e+00 5.696e+00 5.572e+00 5.505e+00 5.499e+00 5.513e+00 5.562e+00 5.630e+00 5.699e+00 5.760e+00 5.796e+00 5.875e+00 6.125e+00 6.590e+00 6.964e+00
6.087e+00 6.033e+00 5.957e+00 5.823e+00 5.706e+00 5.633e+00 5.599e+00 5.637e+00 5.640e+00 5.534e+00 5.453e+00 5.455e+00 5.484e+00 5.586e+00 5.715e+00 5.726e+00 5.630e+00 5.675e+00 5.808e+00 5.939e+00 5.915e+00 5.874e+00 5.909e+00 5.966e+00 5.935e+00 5.822e+00 5.796e+00 5.965e+00 6.284e+00 6.594e+00 6.814e+00 7.068e+00 7.377e+00 7.513e+00 6.959e+00 6.121e+00 5.790e+00 5.947e+00 6.042e+00 6.037e+00 6.009e+00 5.988e+00 5.970e+00 5.930e+00 5.813e+00 5.636e+00 5.502e+00 5.473e+00 5.499e+00 5.562e+00 5.634e+00 5.703e+00 5.770e+00 5.826e+00 5.953e+00 6.274e+00 6.742e+00 7.028e+00
5.924e+00 5.875e+00 5.825e+00 5.767e+00 5.696e+00 5.659e+00 5.630e+00 5.642e+00 5.593e+00 5.514e+00 5.470e+00 5.494e+00 5.556e+00 5.658e+00 5.765e+00 5.784e+00 5.713e+00 5.683e+00 5.757e+00 5.899e+00 5.831e+00 5.698e+00 5.723e+00 5.799e+00 5.767e+00 5.691e+00 5.689e+00 5.850e+00 6.176e+00 6.570e+00 6.941e+00 7.273e+00 7.594e+00 7.701e+00 7.339e+00 6.456e+00 5.920e+00 5.979e+00 6.055e+00 6.043e+00 6.019e+00 6.005e+00 6.000e+00 5.974e+00 5.885e+00 5.691e+00 5.517e+00 5.460e+00 5.494e+00 5.563e+00 5.633e+00 5.703e+00 5.775e+00 5.855e+00 6.028e+00 6.398e+00 6.837e+00 7.051e+00
5.819e+00 5.775e+00 5.746e+00 5.723e+00 5.709e+00 5.689e+00 5.662e+00 5.644e+00 5.601e+00 5.563e+00 5.525e+00 5.567e+00 5.644e+00 5.758e+00 5.845e+00 5.863e+00 5.794e+00 5.708e+00 5.722e+00 5.806e+00 5.725e+00 5.630e+00 5.652e+00 5.710e+00 5.716e+00 5.688e+00 5.687e+00 5.796e+00 6.081e+00 6.450e+00 6.830e+00 7.225e+00 7.407e+00 7.691e+00 7.659e+00 6.999e+00 6.360e+00 6.044e+00 6.016e+00 6.025e+00 6.016e+00 6.006e+00 5.987e+00 5.955e+00 5.867e+00 5.702e+00 5.527e+00 5.454e+00 5.493e+00 5.564e+00 5.634e+00 5.705e+00 5.764e+00 5.836e+00 6.053e+00 6.472e+00 6.874e+00 7.033e+00
5.758e+00 5.733e+00 5.722e+00 5.720e+00 5.721e+00 5.712e+00 5.694e+00 5.692e+00 5.698e+00 5.701e+00 5.665e+00 5.699e+00 5.778e+00 5.858e+00 5.942e+00 5.948e+00 5.864e+00 5.757e+00 5.689e+00 5.709e+00 5.666e+00 5.647e+00 5.691e+00 5.749e+00 5.756e+00 5.740e+00 5.720e+00 5.756e+00 5.950e+00 6.200e+00 6.597e+00 7.008e+00 7.096e+00 7.177e+00 7.498e+00 7.683e+00 6.883e+00 6.117e+00 6.008e+00 6.013e+00 6.010e+00 5.997e+00 5.958e+00 5.890e+00 5.799e+00 5.663e+00 5.516e+00 5.448e+00 5.492e+00 5.564e+00 5.631e+00 5.691e+00 5.728e+00 5.811e+00 6.104e+00 6.538e+00 6.897e+00 7.017e+00
5.728e+00 5.725e+00 5.725e+00 5.727e+00 5.727e+00 5.725e+00 5.727e+00 5.781e+00 5.877e+00 5.925e+00 5.921e+00 5.957e+00 5.953e+00 5.970e+00 6.041e+00 6.039e+00 5.935e+00 5.819e+00 5.725e+00 5.687e+00 5.689e+00 5.715e+00 5.749e+00 5.775e+00 5.783e+00 5.769e+00 5.744e+00 5.726e+00 5.777e+00 5.942e+00 6.402e+00 6.977e+00 7.038e+00 7.009e+00 7.539e+00 7.914e+00 7.256e+00 6.413e+00 6.040e+00 6.033e+00 6.033e+00 6.030e+00 5.964e+00 5.861e+00 5.745e+00 5.628e+00 5.528e+00 5.480e+00 5.497e+00 5.559e+00 5.619e+00 5.642e+00 5.673e+00 5.814e+00 6.165e+00 6.583e+00 6.937e+00 7.043e+00
5.727e+00 5.729e+00 5.733e+00 5.735e+00 5.736e+00 5.743e+00 5.773e+00 5.895e+00 6.065e+00 6.193e+00 6.224e+00 6.259e+00 6.197e+00 6.094e+00 6.146e+00 6.121e+00 6.011e+00 5.894e+00 5.767e+00 5.710e+00 5.746e+00 5.768e+00 5.784e+00 5.804e+00 5.798e+00 5.764e+00 5.719e+00 5.681e+00 5.705e+00 5.891e+00 6.367e+00 6.898e+00 7.228e+00 7.417e+00 7.885e+00 8.105e+00 7.449e+00 6.462e+00 6.092e+00 6.065e+00 6.078e+00 6.071e+00 5.995e+00 5.863e+00 5.703e+00 5.603e+00 5.552e+00 5.517e+00 5.510e+00 5.552e+00 5.608e+00 5.634e+00 5.666e+00 5.855e+00 6.187e+00 6.544e+00 6.882e+00 7.050e+00
5.763e+00 5.774e+00 5.767e+00 5.765e+00 5.766e+00 5.783e+00 5.833e+00 5.983e+00 6.189e+00 6.374e+00 6.514e+00 6.555e+00 6.435e+00 6.287e+00 6.255e+00 6.197e+00 6.069e+00 5.930e+00 5.751e+00 5.707e+00 5.743e+00 5.784e+00 5.815e+00 5.834e+00 5.824e+00 5.781e+00 5.724e+00 5.672e+00 5.672e+00 5.864e+00 6.341e+00 6.904e+00 7.364e+00 7.709e+00 8.042e+00 8.033e+00 7.442e+00 6.617e+00 6.134e+00 6.110e+00 6.104e+00 6.024e+00 5.889e+00 5.726e+00 5.604e+00 5.546e+00 5.527e+00 5.511e+00 5.504e+00 5.548e+00 5.620e+00 5.672e+00 5.710e+00 5.964e+00 6.339e+00 6.645e+00 6.906e+00 7.087e+00
5.864e+00 5.851e+00 5.838e+00 5.825e+00 5.826e+00 5.840e+00 5.891e+00 6.052e+00 6.274e+00 6.477e+00 6.653e+00 6.755e+00 6.615e+00 6.441e+00 6.362e+00 6.243e+00 6.076e+00 5.868e+00 5.704e+00 5.645e+00 5.687e+00 5.756e+00 5.817e+00 5.861e+00 5.865e+00 5.825e+00 5.768e+00 5.707e+00 5.703e+00 5.902e+00 6.385e+00 6.971e+00 7.539e+00 7.958e+00 8.192e+00 8.165e+00 7.611e+00 6.743e+00 6.217e+00 6.134e+00 6.040e+00 5.886e+00 5.713e+00 5.563e+00 5.502e+00 5.483e+00 5.476e+00 5.468e+00 5.496e+00 5.552e+00 5.625e+00 5.694e+00 5.768e+00 6.094e+00 6.569e+00 6.905e+00 7.086e+00 7.180e+00
5.944e+00 5.917e+00 5.903e+00 5.899e+00 5.902e+00 5.908e+00 5.952e+00 6.119e+00 6.311e+00 6.472e+00 6.615e+00 6.676e+00 6.611e+00 6.474e+00 6.355e+00 6.209e+00 6.031e+00 5.823e+00 5.688e+00 5.645e+00 5.682e+00 5.753e+00 5.832e+00 5.910e+00 5.919e+00 5.872e+00 5.816e+00 5.756e+00 5.718e+00 5.950e+00 6.504e+00 7.134e+00 7.738e+00 8.154e+00 8.289e+00 8.227e+00 7.877e+00 7.130e+00 6.479e+00 6.108e+00 5.891e+00 5.708e+00 5.547e+00 5.451e+00 5.435e+00 5.431e+00 5.432e+00 5.452e+00 5.504e+00 5.563e+00 5.632e+00 5.705e+00 5.833e+00 6.211e+00 6.761e+00 7.095e+00 7.204e+00 7.245e+00
5.985e+00 5.976e+00 5.973e+00 5.977e+00 5.976e+00 5.971e+00 5.991e+00 6.117e+00 6.216e+00 6.316e+00 6.403e+00 6.458e+00 6.424e+00 6.328e+00 6.227e+00 6.126e+00 5.999e+00 5.851e+00 5.701e+00 5.658e+00 5.709e+00 5.798e+00 5.905e+00 6.005e+00 6.034e+00 5.994e+00 5.931e+00 5.851e+00 5.790e+00 5.930e+00 6.434e+00 7.050e+00 7.633e+00 8.083e+00 8.250e+00 8.255e+00 8.091e+00 7.501e+00 6.727e+00 6.051e+00 5.705e+00 5.542e+00 5.434e+00 5.404e+00 5.403e+00 5.404e+00 5.412e+00 5.457e+00 5.517e+00 5.576e+00 5.653e+00 5.742e+00 5.921e+00 6.335e+00 6.887e+00 7.168e+00 7.232e+00 7.260e+00
6.047e+00 6.043e+00 6.035e+00 6.030e+00 6.010e+00 5.991e+00 5.982e+00 6.023e+00 6.080e+00 6.136e+00 6.178e+00 6.231e+00 6.230e+00 6.170e+00 6.119e+00 6.080e+00 6.024e+00 5.927e+00 5.786e+00 5.689e+00 5.743e+00 5.860e+00 5.972e+00 6.079e+00 6.147e+00 6.113e+00 6.018e+00 5.901e+00 5.793e+00 5.891e+00 6.305e+00 6.851e+00 7.391e+00 7.876e+00 8.187e+00 8.258e+00 8.175e+00 7.777e+00 7.021e+00 6.099e+00 5.562e+00 5.428e+00 5.411e+00 5.408e+00 5.401e+00 5.400e+00 5.411e+00 5.461e+00 5.522e+00 5.576e+00 5.683e+00 5.817e+00 6.045e+00 6.482e+00 6.986e+00 7.172e+00 7.211e+00 7.244e+00
6.082e+00 6.061e+00 6.044e+00 6.020e+00 5.989e+00 5.958e+00 5.942e+00 5.953e+00 5.979e+00 6.006e+00 6.038e+00 6.068e+00 6.102e+00 6.108e+00 6.110e+00 6.091e+00 6.070e+00 6.021e+00 5.907e+00 5.771e+00 5.704e+00 5.781e+00 5.885e+00 5.999e+00 6.092e+00 6.051e+00 5.942e+00 5.843e+00 5.742e+00 5.756e+00 6.097e+00 6.618e+00 7.173e+00 7.711e+00 8.034e+00 8.190e+00 8.234e+00 7.983e+00 7.292e+00 6.337e+00 5.629e+00 5.415e+00 5.423e+00 5.426e+00 5.409e+00 5.400e+00 5.414e+00 5.462e+00 5.501e+00 5.521e+00 5.650e+00 5.862e+00 6.181e+00 6.629e+00 7.023e+00 7.157e+00 7.211e+00 7.256e+00
6.044e+00 6.010e+00 5.983e+00 5.955e+00 5.925e+00 5.895e+00 5.889e+00 5.884e+00 5.873e+00 5.890e+00 5.907e+00 5.938e+00 5.989e+00 6.077e+00 6.114e+00 6.117e+00 6.098e+00 6.073e+00 6.001e+00 5.824e+00 5.694e+00 5.696e+00 5.773e+00 5.893e+00 5.986e+00 5.946e+00 5.807e+00 5.701e+00 5.639e+00 5.690e+00 5.877e+00 6.259e+00 6.858e+00 7.418e+00 7.771e+00 7.983e+00 8.142e+00 8.052e+00 7.444e+00 6.536e+00 5.743e+00 5.428e+00 5.435e+00 5.449e+00 5.429e+00 5.407e+00 5.414e+00 5.445e+00 5.447e+00 5.449e+00 5.596e+00 5.906e+00 6.305e+00 6.750e+00 7.083e+00 7.198e+00 7.262e+00 7.322e+00
5.948e+00 5.915e+00 5.886e+00 5.856e+00 5.828e+00 5.818e+00 5.849e+00 5.820e+00 5.757e+00 5.750e+00 5.768e+00 5.819e+00 5.875e+00 5.949e+00 6.083e+00 6.121e+00 6.098e+00 6.026e+00 5.937e+00 5.825e+00 5.668e+00 5.649e+00 5.677e+00 5.757e+00 5.839e+00 5.801e+00 5.672e+00 5.596e+00 5.597e+00 5.669e+00 5.819e+00 6.025e+00 6.411e+00 7.033e+00 7.463e+00 7.694e+00 7.921e+00 7.975e+00 7.518e+00 6.727e+00 5.944e+00 5.503e+00 5.458e+00 5.472e+00 5.457e+00 5.429e+00 5.413e+00 5.410e+00 5.407e+00 5.442e+00 5.665e+00 6.050e+00 6.471e+00 6.899e+00 7.164e+00 7.255e+00 7.323e+00 7.390e+00
5.836e+00 5.805e+00 5.780e+00 5.753e+00 5.734e+00 5.753e+00 5.833e+00 5.800e+00 5.667e+00 5.621e+00 5.635e+00 5.712e+00 5.753e+00 5.810e+00 5.940e+00 6.035e+00 5.987e+00 5.856e+00 5.801e+00 5.727e+00 5.650e+00 5.607e+00 5.581e+00 5.603e+00 5.652e+00 5.665e+00 5.671e+00 5.721e+00 5.797e+00 5.890e+00 6.009e+00 6.108e+00 6.299e+00 6.756e+00 7.162e+00 7.451e+00 7.731e+00 7.955e+00 7.717e+00 6.997e+00 6.294e+00 5.726e+00 5.533e+00 5.513e+00 5.499e+00 5.476e+00 5.435e+00 5.408e+00 5.399e+00 5.478e+00 5.782e+00 6.205e+00 6.637e+00 7.011e+00 7.219e+00 7.292e+00 7.348e+00 7.412e+00
