Project1/res/jiangbei-0002.wd
ncols         319
nrows         411
xllcorner     657492.000000
yllcorner     3548067.000000
cellsize      10.000000
NODATA_value  -9999.000000
[rows 102 to 135 of 411, columns 77 to 153 of 319]
0.117 0.002 0.001 0.001 0.002 0.002 0.004 0.007 0.008 0.008 0.008 0.008 0.008 0.008 0.010 0.014 0.020 0.077 0.087 0.019 0.011 0.009 0.005 0.003 0.003 0.003 0.002 0.001 0.000 0.001 0.002 0.070 0.148 0.001 0.001 0.001 0.002 0.002 0.001 0.001 0.001 0.009 0.011 0.008 0.016 0.159 0.446 0.650 0.710 0.661 0.545 0.316 0.085 0.001 0.001 0.001 0.001 0.002 0.005 0.010 0.008 0.003 0.003 0.002 0.002 0.002 0.002 0.002 0.002 0.002 0.001 0.002 0.028 0.062 0.097 0.127 0.132
0.046 0.001 0.001 0.001 0.002 0.002 0.003 0.004 0.007 0.007 0.007 0.006 0.005 0.004 0.003 0.002 0.007 0.101 0.113 0.011 0.009 0.010 0.007 0.003 0.002 0.006 0.003 0.002 0.002 0.002 0.003 0.003 0.115 0.154 0.007 0.001 0.001 0.001 0.001 0.002 0.013 0.011 0.009 0.011 0.013 0.120 0.381 0.542 0.596 0.661 0.585 0.335 0.103 0.001 0.001 0.001 0.001 0.003 0.006 0.007 0.004 0.003 0.002 0.002 0.002 0.002 0.001 0.001 0.002 0.031 0.004 0.001 0.008 0.042 0.077 0.108 0.116
0.002 0.001 0.001 0.001 0.001 0.002 0.002 0.003 0.004 0.007 0.007 0.006 0.006 0.004 0.003 0.003 0.010 0.050 0.007 0.006 0.009 0.017 0.004 0.002 0.005 0.065 0.007 0.002 0.001 0.002 0.003 0.002 0.002 0.048 0.121 0.073 0.002 0.002 0.001 0.012 0.019 0.011 0.012 0.013 0.011 0.028 0.264 0.374 0.348 0.447 0.527 0.348 0.133 0.005 0.001 0.001 0.001 0.002 0.005 0.004 0.003 0.003 0.002 0.002 0.002 0.001 0.001 0.002 0.102 0.166 0.116 0.037 0.006 0.024 0.059 0.087 0.101
0.001 0.001 0.001 0.001 0.001 0.001 0.002 0.002 0.002 0.003 0.006 0.006 0.006 0.004 0.003 0.005 0.008 0.003 0.002 0.002 0.004 0.045 0.041 0.015 0.021 0.022 0.002 0.002 0.001 0.002 0.003 0.001 0.002 0.002 0.002 0.043 0.054 0.035 0.015 0.015 0.017 0.022 0.023 0.017 0.012 0.011 0.127 0.213 0.102 0.109 0.261 0.275 0.173 0.081 0.002 0.001 0.001 0.001 0.003 0.003 0.003 0.003 0.002 0.001 0.001 0.001 0.002 0.100 0.254 0.307 0.239 0.136 0.036 0.016 0.034 0.033 0.072
0.003 0.001 0.001 0.001 0.001 0.001 0.001 0.002 0.002 0.002 0.003 0.006 0.006 0.004 0.004 0.006 0.002 0.002 0.001 0.001 0.003 0.073 0.081 0.044 0.016 0.003 0.002 0.002 0.002 0.002 0.001 0.001 0.001 0.001 0.000 0.001 0.001 0.031 0.025 0.021 0.018 0.015 0.013 0.011 0.008 0.006 0.011 0.048 0.001 0.001 0.002 0.104 0.155 0.144 0.073 0.002 0.001 0.001 0.001 0.002 0.002 0.002 0.001 0.001 0.001 0.003 0.227 0.344 0.420 0.443 0.365 0.243 0.090 0.029 0.033 0.031 0.004
0.043 0.003 0.001 0.001 0.001 0.001 0.001 0.001 0.002 0.002 0.002 0.003 0.006 0.006 0.003 0.002 0.002 0.001 0.001 0.001 0.009 0.076 0.056 0.004 0.003 0.003 0.002 0.002 0.001 0.001 0.001 0.001 0.001 0.001 0.001 0.001 0.001 0.006 0.014 0.009 0.008 0.006 0.003 0.003 0.003 0.003 0.004 0.004 0.001 0.001 0.001 0.001 0.043 0.128 0.126 0.051 0.002 0.001 0.001 0.001 0.002 0.002 0.001 0.001 0.001 0.033 0.300 0.433 0.502 0.522 0.476 0.344 0.168 0.074 0.028 0.002 0.001
0.049 0.010 0.002 0.001 0.001 0.001 0.001 0.001 0.001 0.002 0.002 0.002 0.004 0.005 0.002 0.002 0.001 0.001 0.001 0.002 0.010 0.046 0.003 0.002 0.002 0.002 0.003 0.002 0.001 0.001 0.001 0.001 0.001 0.001 0.002 0.002 0.002 0.011 0.002 0.001 0.004 0.004 0.001 0.001 0.002 0.002 0.002 0.004 0.002 0.002 0.001 0.001 0.002 0.048 0.095 0.087 0.018 0.002 0.001 0.001 0.001 0.001 0.001 0.001 0.002 0.021 0.258 0.377 0.427 0.451 0.445 0.358 0.223 0.086 0.002 0.001 0.001
0.076 0.067 0.008 0.002 0.002 0.001 0.001 0.001 0.001 0.001 0.002 0.002 0.002 0.004 0.002 0.001 0.001 0.001 0.001 0.002 0.009 0.009 0.002 0.001 0.001 0.002 0.002 0.002 0.001 0.001 0.001 0.001 0.001 0.002 0.004 0.002 0.002 0.010 0.002 0.001 0.003 0.003 0.001 0.001 0.001 0.002 0.002 0.022 0.019 0.010 0.007 0.005 0.003 0.006 0.067 0.037 0.036 0.023 0.002 0.001 0.001 0.001 0.001 0.002 0.002 0.042 0.204 0.250 0.254 0.249 0.232 0.162 0.042 0.002 0.001 0.001 0.001
0.085 0.070 0.020 0.006 0.003 0.002 0.002 0.001 0.001 0.001 0.001 0.001 0.002 0.002 0.001 0.001 0.001 0.002 0.001 0.001 0.007 0.002 0.001 0.001 0.001 0.001 0.002 0.002 0.002 0.002 0.002 0.002 0.002 0.002 0.013 0.005 0.004 0.002 0.001 0.001 0.002 0.003 0.001 0.001 0.001 0.002 0.006 0.035 0.004 0.001 0.001 0.003 0.003 0.024 0.101 0.047 0.014 0.036 0.023 0.001 0.001 0.001 0.001 0.001 0.003 0.034 0.080 0.046 0.015 0.008 0.006 0.003 0.002 0.002 0.001 0.001 0.001
0.071 0.038 0.012 0.006 0.002 0.001 0.003 0.002 0.000 0.001 0.001 0.001 0.001 0.002 0.001 0.001 0.001 0.003 0.001 0.001 0.004 0.002 0.001 0.001 0.001 0.001 0.001 0.001 0.001 0.001 0.002 0.002 0.003 0.002 0.008 0.002 0.002 0.001 0.001 0.001 0.001 0.002 0.001 0.002 0.003 0.003 0.004 0.010 0.001 0.001 0.001 0.002 0.004 0.084 0.138 0.049 0.006 0.012 0.067 0.037 0.001 0.001 0.001 0.001 0.002 0.005 0.004 0.003 0.002 0.002 0.003 0.002 0.002 0.001 0.001 0.001 0.001
0.041 0.006 0.013 0.008 0.003 0.002 0.002 0.002 0.002 0.001 0.001 0.001 0.001 0.001 0.001 0.001 0.002 0.004 0.002 0.002 0.002 0.001 0.002 0.002 0.001 0.001 0.001 0.001 0.001 0.001 0.001 0.003 0.112 0.096 0.005 0.002 0.001 0.001 0.001 0.001 0.001 0.001 0.002 0.002 0.002 0.002 0.002 0.009 0.021 0.001 0.001 0.002 0.070 0.162 0.171 0.061 0.003 0.001 0.020 0.085 0.122 0.087 0.026 0.003 0.001 0.002 0.003 0.003 0.002 0.002 0.002 0.002 0.001 0.001 0.001 0.001 0.002
0.023 0.015 0.016 0.012 0.004 0.002 0.000 0.001 0.001 0.001 0.001 0.002 0.002 0.002 0.002 0.002 0.005 0.005 0.003 0.003 0.003 0.002 0.002 0.002 0.001 0.001 0.001 0.002 0.001 0.001 0.002 0.107 0.175 0.117 0.005 0.002 0.002 0.002 0.002 0.001 0.001 0.001 0.001 0.001 0.002 0.002 0.001 0.001 0.014 0.107 0.120 0.177 0.214 0.218 0.147 0.006 0.002 0.002 0.003 0.012 0.079 0.133 0.118 0.054 0.002 0.001 0.002 0.002 0.003 0.002 0.002 0.002 0.001 0.001 0.001 0.002 0.052
0.021 0.015 0.020 0.018 0.005 0.004 0.002 0.001 0.001 0.001 0.002 0.002 0.002 0.002 0.002 0.003 0.010 0.007 0.005 0.005 0.003 0.003 0.002 0.001 0.001 0.001 0.002 0.004 0.002 0.020 0.137 0.180 0.154 0.085 0.009 0.005 0.004 0.004 0.002 0.002 0.001 0.001 0.001 0.001 0.001 0.003 0.001 0.001 0.001 0.044 0.230 0.262 0.227 0.147 0.006 0.002 0.002 0.003 0.003 0.003 0.004 0.048 0.090 0.088 0.021 0.001 0.001 0.001 0.002 0.002 0.002 0.001 0.001 0.002 0.002 0.007 0.016
0.023 0.015 0.020 0.025 0.020 0.009 0.002 0.001 0.001 0.001 0.002 0.003 0.003 0.003 0.004 0.013 0.011 0.007 0.006 0.005 0.003 0.003 0.002 0.002 0.003 0.108 0.183 0.172 0.124 0.135 0.157 0.117 0.069 0.008 0.004 0.003 0.002 0.002 0.002 0.001 0.001 0.002 0.001 0.001 0.001 0.002 0.002 0.002 0.001 0.001 0.002 0.137 0.091 0.002 0.002 0.003 0.003 0.004 0.003 0.002 0.002 0.003 0.004 0.009 0.062 0.002 0.001 0.001 0.002 0.001 0.002 0.002 0.002 0.002 0.002 0.005 0.003
0.031 0.014 0.018 0.028 0.028 0.016 0.001 0.001 0.001 0.002 0.009 0.033 0.023 0.035 0.055 0.051 0.012 0.007 0.007 0.007 0.003 0.002 0.003 0.062 0.159 0.237 0.233 0.216 0.180 0.114 0.004 0.002 0.002 0.002 0.002 0.002 0.001 0.001 0.001 0.001 0.003 0.003 0.001 0.001 0.001 0.001 0.003 0.003 0.001 0.001 0.001 0.003 0.001 0.001 0.001 0.005 0.003 0.003 0.003 0.002 0.002 0.002 0.002 0.001 0.009 0.009 0.002 0.003 0.002 0.001 0.002 0.003 0.002 0.001 0.002 0.002 0.002
0.076 0.009 0.013 0.025 0.033 0.026 0.001 0.001 0.019 0.108 0.187 0.189 0.149 0.137 0.141 0.102 0.018 0.012 0.013 0.016 0.018 0.034 0.071 0.139 0.206 0.210 0.136 0.117 0.092 0.003 0.001 0.001 0.001 0.001 0.001 0.001 0.001 0.001 0.001 0.002 0.004 0.004 0.001 0.001 0.001 0.001 0.001 0.007 0.035 0.022 0.002 0.001 0.001 0.001 0.005 0.003 0.002 0.003 0.003 0.003 0.002 0.002 0.001 0.001 0.004 0.072 0.006 0.003 0.003 0.001 0.001 0.001 0.001 0.001 0.002 0.002 0.001
0.024 0.014 0.012 0.018 0.033 0.046 0.054 0.086 0.170 0.259 0.311 0.306 0.271 0.242 0.210 0.136 0.031 0.019 0.023 0.030 0.049 0.088 0.143 0.181 0.189 0.117 0.027 0.003 0.002 0.001 0.001 0.001 0.001 0.001 0.001 0.001 0.001 0.001 0.002 0.003 0.004 0.007 0.002 0.001 0.001 0.001 0.000 0.002 0.083 0.096 0.009 0.001 0.001 0.001 0.005 0.001 0.001 0.002 0.003 0.002 0.002 0.001 0.004 0.062 0.010 0.004 0.003 0.003 0.004 0.011 0.003 0.001 0.001 0.001 0.003 0.005 0.003
0.005 0.005 0.006 0.009 0.020 0.033 0.051 0.142 0.208 0.273 0.316 0.315 0.292 0.249 0.205 0.161 0.056 0.019 0.016 0.011 0.002 0.009 0.066 0.099 0.071 0.005 0.002 0.001 0.001 0.001 0.001 0.003 0.002 0.001 0.001 0.001 0.001 0.004 0.002 0.003 0.044 0.061 0.007 0.002 0.002 0.001 0.001 0.001 0.001 0.001 0.035 0.001 0.001 0.005 0.004 0.001 0.001 0.001 0.001 0.002 0.001 0.001 0.003 0.004 0.001 0.001 0.001 0.001 0.001 0.019 0.076 0.005 0.001 0.002 0.016 0.024 0.014
0.003 0.004 0.006 0.009 0.013 0.003 0.001 0.043 0.131 0.214 0.275 0.265 0.208 0.107 0.071 0.135 0.092 0.019 0.009 0.002 0.002 0.001 0.002 0.004 0.005 0.003 0.001 0.001 0.001 0.001 0.001 0.005 0.002 0.000 0.001 0.001 0.132 0.038 0.001 0.011 0.136 0.184 0.115 0.008 0.002 0.002 0.001 0.001 0.001 0.001 0.009 0.020 0.026 0.014 0.012 0.002 0.002 0.001 0.001 0.001 0.001 0.001 0.002 0.001 0.001 0.001 0.001 0.001 0.002 0.057 0.123 0.095 0.026 0.006 0.053 0.064 0.055
0.004 0.005 0.006 0.007 0.007 0.002 0.001 0.001 0.004 0.102 0.185 0.148 0.038 0.001 0.001 0.008 0.072 0.031 0.005 0.002 0.002 0.002 0.001 0.002 0.005 0.002 0.001 0.001 0.001 0.001 0.001 0.005 0.004 0.001 0.001 0.066 0.157 0.051 0.001 0.038 0.164 0.221 0.147 0.014 0.002 0.003 0.002 0.001 0.001 0.001 0.001 0.001 0.007 0.019 0.016 0.017 0.003 0.002 0.001 0.001 0.001 0.001 0.001 0.001 0.001 0.001 0.001 0.002 0.007 0.059 0.102 0.135 0.125 0.079 0.098 0.108 0.097
0.005 0.005 0.006 0.005 0.004 0.001 0.001 0.001 0.001 0.003 0.071 0.046 0.001 0.001 0.001 0.001 0.009 0.018 0.002 0.001 0.001 0.002 0.001 0.002 0.005 0.001 0.001 0.001 0.001 0.001 0.001 0.003 0.003 0.002 0.003 0.033 0.057 0.029 0.011 0.036 0.117 0.152 0.109 0.008 0.002 0.003 0.004 0.004 0.001 0.001 0.001 0.001 0.001 0.001 0.015 0.017 0.023 0.003 0.002 0.002 0.002 0.001 0.001 0.001 0.001 0.001 0.002 0.002 0.003 0.014 0.021 0.047 0.135 0.146 0.143 0.153 0.139
0.018 0.006 0.005 0.004 0.002 0.001 0.001 0.001 0.001 0.001 0.002 0.004 0.001 0.001 0.001 0.002 0.061 0.003 0.001 0.001 0.001 0.001 0.001 0.002 0.004 0.001 0.001 0.001 0.001 0.001 0.002 0.003 0.004 0.003 0.003 0.002 0.001 0.001 0.003 0.003 0.022 0.052 0.053 0.014 0.004 0.004 0.005 0.010 0.005 0.001 0.001 0.001 0.001 0.001 0.002 0.015 0.036 0.030 0.003 0.002 0.002 0.001 0.001 0.001 0.001 0.001 0.001 0.001 0.002 0.005 0.002 0.001 0.018 0.127 0.177 0.197 0.185
0.145 0.032 0.006 0.003 0.002 0.001 0.001 0.001 0.001 0.001 0.001 0.001 0.001 0.003 0.105 0.204 0.132 0.002 0.002 0.002 0.002 0.001 0.001 0.002 0.001 0.001 0.001 0.002 0.002 0.002 0.002 0.003 0.003 0.004 0.004 0.003 0.003 0.002 0.002 0.002 0.002 0.011 0.016 0.013 0.008 0.007 0.007 0.012 0.041 0.010 0.001 0.001 0.001 0.001 0.001 0.001 0.015 0.036 0.004 0.003 0.002 0.002 0.001 0.001 0.001 0.001 0.001 0.001 0.001 0.003 0.002 0.001 0.002 0.002 0.055 0.202 0.250
0.089 0.028 0.024 0.016 0.007 0.001 0.001 0.001 0.001 0.001 0.002 0.002 0.025 0.161 0.303 0.318 0.079 0.001 0.002 0.002 0.001 0.001 0.001 0.001 0.001 0.001 0.001 0.002 0.002 0.002 0.003 0.003 0.003 0.003 0.003 0.004 0.003 0.003 0.002 0.002 0.003 0.011 0.014 0.012 0.009 0.007 0.008 0.021 0.054 0.104 0.009 0.001 0.001 0.001 0.001 0.001 0.001 0.035 0.005 0.004 0.003 0.002 0.002 0.002 0.001 0.001 0.001 0.002 0.002 0.002 0.002 0.001 0.001 0.001 0.001 0.047 0.240
0.006 0.009 0.015 0.019 0.017 0.010 0.001 0.001 0.001 0.002 0.003 0.002 0.034 0.150 0.230 0.084 0.002 0.002 0.001 0.001 0.001 0.001 0.002 0.001 0.001 0.001 0.001 0.002 0.003 0.003 0.002 0.003 0.003 0.004 0.009 0.005 0.003 0.002 0.002 0.002 0.004 0.010 0.012 0.012 0.012 0.015 0.023 0.031 0.047 0.097 0.142 0.030 0.004 0.001 0.001 0.001 0.001 0.033 0.034 0.030 0.008 0.028 0.004 0.002 0.002 0.002 0.002 0.002 0.002 0.001 0.001 0.001 0.001 0.001 0.001 0.002 0.080
0.002 0.004 0.008 0.011 0.017 0.027 0.085 0.095 0.002 0.003 0.021 0.019 0.031 0.008 0.003 0.001 0.001 0.002 0.002 0.001 0.001 0.001 0.003 0.002 0.001 0.001 0.001 0.002 0.002 0.003 0.003 0.003 0.091 0.217 0.261 0.156 0.046 0.005 0.003 0.003 0.005 0.009 0.010 0.014 0.021 0.027 0.026 0.017 0.003 0.011 0.068 0.016 0.003 0.003 0.001 0.001 0.004 0.003 0.005 0.040 0.031 0.118 0.155 0.066 0.003 0.002 0.002 0.002 0.002 0.001 0.001 0.001 0.001 0.001 0.001 0.002 0.002
0.004 0.004 0.001 0.001 0.001 0.001 0.003 0.279 0.197 0.083 0.076 0.044 0.004 0.002 0.002 0.001 0.001 0.002 0.001 0.001 0.001 0.002 0.005 0.007 0.005 0.004 0.004 0.005 0.002 0.003 0.003 0.024 0.234 0.296 0.313 0.308 0.241 0.171 0.074 0.007 0.007 0.010 0.013 0.019 0.026 0.026 0.018 0.005 0.002 0.002 0.002 0.001 0.001 0.001 0.001 0.004 0.001 0.001 0.001 0.082 0.100 0.119 0.198 0.189 0.039 0.003 0.004 0.002 0.002 0.001 0.001 0.001 0.001 0.002 0.002 0.003 0.002
0.008 0.001 0.001 0.001 0.001 0.001 0.001 0.095 0.186 0.139 0.132 0.065 0.002 0.002 0.003 0.002 0.002 0.002 0.001 0.001 0.001 0.002 0.002 0.003 0.005 0.007 0.009 0.004 0.002 0.003 0.005 0.203 0.233 0.121 0.159 0.248 0.319 0.299 0.210 0.106 0.045 0.027 0.022 0.019 0.018 0.013 0.008 0.004 0.003 0.002 0.001 0.001 0.001 0.001 0.002 0.016 0.001 0.001 0.068 0.150 0.156 0.093 0.165 0.216 0.158 0.108 0.092 0.011 0.002 0.001 0.001 0.001 0.001 0.001 0.003 0.003 0.002
0.010 0.001 0.001 0.001 0.001 0.001 0.001 0.001 0.002 0.100 0.091 0.004 0.002 0.001 0.008 0.003 0.002 0.001 0.001 0.001 0.001 0.001 0.002 0.002 0.002 0.002 0.002 0.001 0.001 0.003 0.064 0.154 0.043 0.001 0.046 0.177 0.283 0.335 0.318 0.243 0.170 0.123 0.061 0.016 0.011 0.007 0.004 0.003 0.002 0.002 0.001 0.001 0.001 0.001 0.002 0.013 0.015 0.056 0.092 0.047 0.096 0.060 0.157 0.227 0.219 0.203 0.157 0.130 0.017 0.002 0.001 0.001 0.001 0.001 0.001 0.001 0.001
0.007 0.005 0.002 0.001 0.001 0.001 0.001 0.001 0.001 0.004 0.003 0.002 0.003 0.003 0.003 0.002 0.001 0.001 0.001 0.001 0.001 0.001 0.001 0.001 0.002 0.002 0.002 0.001 0.001 0.001 0.002 0.003 0.001 0.001 0.015 0.159 0.261 0.303 0.332 0.326 0.274 0.195 0.082 0.014 0.009 0.007 0.002 0.002 0.002 0.002 0.001 0.001 0.001 0.001 0.006 0.028 0.068 0.065 0.001 0.002 0.002 0.001 0.009 0.190 0.204 0.168 0.153 0.175 0.184 0.053 0.002 0.002 0.002 0.001 0.001 0.001 0.001
0.004 0.003 0.002 0.001 0.001 0.001 0.088 0.054 0.001 0.003 0.002 0.002 0.002 0.002 0.001 0.001 0.001 0.001 0.001 0.001 0.001 0.001 0.001 0.001 0.002 0.006 0.006 0.003 0.003 0.001 0.002 0.039 0.026 0.020 0.030 0.155 0.223 0.256 0.287 0.317 0.304 0.223 0.090 0.012 0.007 0.002 0.001 0.001 0.001 0.001 0.001 0.001 0.001 0.018 0.062 0.047 0.038 0.003 0.002 0.002 0.002 0.001 0.001 0.002 0.132 0.124 0.131 0.144 0.183 0.241 0.189 0.027 0.002 0.002 0.001 0.001 0.001
0.003 0.002 0.001 0.001 0.001 0.002 0.410 0.445 0.107 0.002 0.002 0.002 0.002 0.001 0.001 0.001 0.001 0.004 0.025 0.025 0.024 0.021 0.000 0.001 0.004 0.005 0.003 0.006 0.005 0.006 0.071 0.146 0.173 0.175 0.140 0.142 0.162 0.181 0.198 0.223 0.216 0.160 0.077 0.006 0.002 0.001 0.001 0.001 0.000 0.001 0.001 0.002 0.005 0.059 0.117 0.105 0.002 0.002 0.002 0.002 0.002 0.001 0.001 0.002 0.002 0.004 0.101 0.118 0.113 0.200 0.301 0.305 0.203 0.003 0.001 0.001 0.001
0.003 0.001 0.001 0.001 0.001 0.001 0.230 0.220 0.036 0.002 0.002 0.002 0.001 0.001 0.001 0.012 0.105 0.166 0.198 0.206 0.187 0.102 0.033 0.014 0.007 0.005 0.004 0.004 0.007 0.009 0.031 0.114 0.106 0.084 0.113 0.109 0.100 0.102 0.104 0.114 0.098 0.053 0.006 0.004 0.001 0.001 0.001 0.001 0.001 0.001 0.001 0.002 0.025 0.086 0.135 0.033 0.002 0.002 0.002 0.002 0.001 0.001 0.002 0.002 0.002 0.002 0.005 0.109 0.072 0.078 0.144 0.282 0.404 0.274 0.002 0.002 0.002
0.002 0.001 0.001 0.001 0.001 0.010 0.079 0.017 0.002 0.002 0.001 0.001 0.001 0.001 0.003 0.120 0.243 0.326 0.342 0.294 0.190 0.066 0.023 0.013 0.003 0.002 0.002 0.002 0.003 0.005 0.004 0.007 0.007 0.006 0.011 0.010 0.006 0.006 0.001 0.002 0.012 0.003 0.002 0.007 0.004 0.002 0.001 0.001 0.001 0.001 0.002 0.055 0.129 0.134 0.052 0.002 0.001 0.001 0.001 0.001 0.001 0.001 0.002 0.002 0.002 0.002 0.002 0.005 0.048 0.028 0.006 0.079 0.316 0.477 0.351 0.003 0.002
