Project1/res/jiangbei-0001.Vx
ncols         320
nrows         411
xllcorner     657487.000000
yllcorner     3548067.000000
cellsize      10.000000
NODATA_value  -9999.000000
[rows 102 to 135 of 411, columns 75 to 149 of 320]
0.067 0.029 -0.054 -0.091 -0.045 -0.022 0.019 0.028 0.004 -0.047 -0.077 -0.081 -0.082 -0.082 -0.081 -0.084 -0.090 -0.103 -0.123 -0.110 -0.087 -0.207 -0.239 -0.167 -0.089 -0.081 -0.059 -0.030 -0.049 -0.043 -0.015 -0.011 0.030 0.037 0.063 -0.027 -0.033 0.010 0.028 0.021 -0.009 0.025 0.041 0.045 0.125 0.092 0.130 0.173 0.054 0.012 0.007 0.006 0.006 0.007 0.021 -0.034 -0.029 -0.022 -0.013 0.016 0.028 0.042 0.024 -0.025 -0.027 -0.024 -0.013 0.011 0.021 0.024 0.033 0.031 0.016 0.019 0.013
0.074 0.076 -0.175 -0.045 -0.047 -0.024 0.016 0.027 0.031 0.029 -0.005 -0.042 -0.044 -0.041 -0.037 -0.033 -0.034 -0.041 -0.035 -0.041 -0.036 -0.165 -0.215 -0.159 -0.086 -0.057 -0.037 0.025 -0.057 -0.082 -0.060 -0.016 0.029 0.048 0.067 0.075 0.074 -0.035 -0.024 0.014 0.030 0.049 0.045 0.107 0.116 0.120 0.149 0.171 0.077 0.015 0.009 0.008 0.007 0.010 0.030 -0.033 -0.027 -0.017 0.008 0.021 0.026 0.022 -0.019 -0.030 -0.023 -0.014 -0.002 0.006 0.019 0.025 0.036 0.034 -0.019 -0.016 0.008
0.094 0.165 -0.075 -0.048 -0.042 -0.023 0.014 0.025 0.030 0.033 0.031 0.004 -0.037 -0.038 -0.032 -0.025 -0.022 -0.014 0.039 -0.002 -0.078 -0.174 -0.189 -0.145 -0.056 -0.045 -0.023 -0.031 -0.077 -0.090 -0.051 -0.008 0.023 0.029 0.043 0.039 0.088 0.116 0.035 0.028 0.050 0.030 0.127 0.112 0.122 0.129 0.146 0.173 0.110 0.019 0.016 0.016 0.011 0.013 0.031 -0.028 -0.036 -0.027 -0.011 0.012 0.011 -0.019 -0.025 -0.026 -0.021 -0.011 0.006 0.017 0.025 0.036 0.043 -0.003 -0.002 -0.045 -0.056
0.058 0.089 -0.030 -0.037 -0.035 -0.025 0.006 0.021 0.026 0.030 0.033 0.031 0.011 -0.035 -0.034 -0.024 -0.014 0.030 0.057 -0.048 -0.091 -0.124 -0.114 -0.064 -0.058 -0.057 -0.062 -0.066 -0.066 -0.071 -0.048 -0.014 0.013 0.001 0.020 0.031 0.043 0.040 0.177 0.185 0.140 0.165 0.152 0.136 0.154 0.148 0.144 0.155 0.138 0.037 0.060 0.057 0.059 0.025 0.032 0.054 -0.034 -0.038 -0.032 -0.024 -0.017 -0.024 -0.026 -0.023 -0.018 -0.012 0.015 0.030 0.042 0.042 -0.000 -0.001 -0.002 -0.010 -0.060
0.065 0.075 0.005 -0.045 -0.051 -0.044 -0.022 0.009 0.022 0.026 0.029 0.032 0.031 0.017 -0.034 -0.022 0.021 0.040 -0.035 -0.047 -0.058 -0.061 -0.023 -0.019 -0.023 -0.059 -0.059 -0.062 -0.072 -0.063 -0.046 -0.027 -0.017 -0.009 0.015 0.023 0.021 0.000 0.027 0.048 0.117 0.159 0.160 0.140 0.132 0.120 0.111 0.111 0.113 0.062 -0.030 -0.018 0.024 0.032 0.060 0.082 0.055 -0.035 -0.037 -0.019 -0.031 -0.025 -0.025 -0.023 -0.014 0.008 0.031 0.055 0.045 0.002 0.001 -0.000 -0.001 -0.003 -0.024
0.069 0.054 0.036 -0.015 -0.057 -0.056 -0.042 -0.024 -0.005 0.020 0.025 0.029 0.031 0.030 0.020 -0.019 -0.010 -0.030 -0.041 -0.040 -0.040 -0.027 0.018 0.006 -0.004 -0.034 -0.058 -0.069 -0.072 -0.058 -0.042 -0.032 -0.015 0.015 0.023 0.026 0.024 0.027 0.029 0.028 0.050 0.096 0.093 0.066 0.062 0.063 0.059 0.057 0.059 0.019 -0.021 -0.011 0.012 0.026 0.038 0.033 0.084 0.047 -0.039 -0.042 -0.044 -0.038 -0.022 -0.016 -0.011 0.024 0.038 0.059 0.050 0.002 0.001 -0.000 -0.001 -0.002 -0.010
0.069 0.030 0.034 0.125 -0.052 -0.060 -0.052 -0.043 -0.028 -0.013 0.017 0.024 0.029 0.032 0.032 -0.003 -0.033 -0.039 -0.036 -0.032 -0.023 0.012 0.030 0.013 -0.037 -0.056 -0.050 -0.055 -0.057 -0.048 -0.034 -0.024 0.007 0.018 0.029 0.045 0.038 0.028 0.028 0.016 -0.038 -0.010 0.017 0.006 0.003 0.027 0.039 0.043 0.048 0.031 -0.015 -0.007 0.007 0.021 0.031 0.042 0.053 0.088 -0.037 -0.045 -0.048 -0.040 -0.027 0.011 0.026 0.040 0.049 0.060 0.034 0.003 0.001 0.000 -0.001 -0.002 -0.006
0.067 0.063 0.019 0.018 -0.045 -0.064 -0.062 -0.054 -0.045 -0.031 -0.019 0.016 0.025 0.028 0.031 0.012 -0.035 -0.035 -0.029 -0.020 -0.007 0.019 0.030 0.011 -0.051 -0.054 -0.045 -0.040 -0.031 -0.036 -0.033 -0.017 0.018 0.020 0.032 0.054 0.047 -0.034 -0.023 -0.110 -0.037 -0.020 0.015 -0.010 -0.013 0.016 0.033 0.043 0.054 0.032 0.004 0.020 0.034 0.062 0.067 0.059 0.032 0.161 -0.145 -0.116 -0.044 -0.048 -0.031 0.005 0.029 0.039 0.053 0.060 0.062 0.008 0.003 0.000 -0.001 -0.002 -0.038
0.059 0.062 0.005 -0.000 -0.057 -0.098 -0.086 -0.069 -0.059 -0.049 -0.035 -0.022 0.016 0.023 0.023 0.015 -0.026 -0.027 -0.012 0.008 -0.008 0.017 0.024 -0.032 -0.052 -0.048 -0.038 -0.026 -0.008 -0.018 -0.021 0.027 0.040 0.048 0.045 0.053 0.036 -0.074 -0.053 -0.043 -0.041 -0.021 0.023 0.017 -0.014 0.008 0.033 0.043 0.070 0.063 -0.006 -0.017 0.011 0.032 0.059 0.055 0.049 0.036 -0.086 -0.090 -0.133 -0.045 -0.042 -0.020 0.026 0.040 0.049 0.069 0.058 -0.033 -0.036 -0.026 -0.027 -0.050 -0.051
0.057 0.064 0.029 -0.001 -0.067 -0.082 -0.066 -0.046 -0.082 -0.061 -0.025 -0.034 -0.016 0.011 0.012 0.017 -0.008 -0.004 0.018 0.019 -0.022 -0.010 0.015 -0.039 -0.043 -0.039 -0.035 -0.026 -0.016 -0.013 -0.010 0.024 0.050 0.065 0.064 0.048 -0.091 -0.050 -0.041 -0.041 -0.037 -0.022 0.018 0.025 0.025 0.012 0.045 0.075 0.087 0.065 -0.016 -0.013 0.011 0.026 0.043 0.035 0.031 0.007 -0.077 -0.075 -0.095 -0.094 -0.035 -0.034 -0.011 0.028 0.036 0.036 -0.022 -0.045 -0.044 -0.026 -0.020 -0.039 -0.054
0.056 0.064 0.036 -0.009 -0.102 -0.087 -0.074 -0.071 -0.066 -0.063 -0.057 -0.038 -0.018 0.011 0.014 0.017 0.016 0.024 0.029 0.013 -0.031 -0.029 -0.025 -0.040 -0.048 -0.045 -0.041 -0.033 -0.019 -0.008 -0.013 0.020 0.042 0.062 0.038 0.002 -0.053 -0.047 -0.036 -0.034 -0.032 -0.026 -0.011 0.017 0.032 0.032 0.042 0.054 0.066 0.073 0.127 -0.020 -0.014 0.026 0.025 0.035 0.014 0.023 -0.046 -0.030 0.007 -0.061 -0.055 -0.032 -0.033 -0.020 -0.028 -0.032 -0.027 -0.038 -0.052 -0.042 -0.030 -0.033 -0.050
0.053 0.061 0.030 -0.102 -0.108 -0.095 -0.063 -0.058 -0.023 -0.027 -0.045 -0.031 -0.002 0.018 0.017 0.021 0.022 0.026 0.029 -0.032 -0.048 -0.049 -0.046 -0.048 -0.051 -0.046 -0.037 -0.021 0.020 0.021 0.007 0.024 0.044 0.044 -0.005 -0.004 -0.050 -0.058 -0.055 -0.045 -0.041 -0.036 -0.026 -0.007 0.018 0.028 0.034 0.039 0.046 0.059 0.065 0.098 0.019 0.018 0.017 0.011 0.014 -0.011 -0.054 -0.029 0.022 0.031 -0.031 -0.027 -0.014 -0.022 -0.028 -0.042 -0.038 -0.036 -0.046 -0.050 -0.042 -0.035 -0.041
0.044 0.052 0.019 -0.137 -0.123 -0.114 -0.060 -0.083 -0.058 -0.047 -0.039 -0.014 0.019 0.024 0.025 0.023 0.026 0.026 0.012 -0.073 -0.080 -0.073 -0.053 -0.046 -0.047 -0.037 -0.016 0.028 0.037 0.031 0.012 0.028 -0.029 -0.014 -0.008 -0.011 -0.061 -0.096 -0.081 -0.063 -0.048 -0.038 -0.027 -0.013 -0.013 0.013 0.033 0.042 0.039 0.035 0.046 0.058 0.023 0.009 0.008 0.011 -0.006 -0.063 -0.043 -0.021 0.018 0.034 0.043 0.018 -0.016 -0.016 -0.035 -0.047 -0.045 -0.045 -0.041 -0.047 -0.047 -0.037 -0.027
0.050 0.060 -0.069 -0.183 -0.156 -0.140 -0.133 -0.106 -0.055 -0.044 -0.027 0.015 0.026 0.028 0.024 0.026 0.028 -0.008 -0.081 -0.102 -0.097 -0.079 -0.054 -0.039 -0.033 0.000 0.033 0.011 -0.014 -0.013 -0.020 -0.025 -0.021 -0.019 -0.017 -0.022 -0.051 -0.067 -0.054 -0.040 -0.031 -0.019 0.014 0.017 -0.034 -0.021 0.020 0.041 0.050 0.039 0.048 0.044 0.049 0.039 0.007 -0.036 -0.049 -0.048 -0.018 -0.012 -0.005 0.021 0.034 0.041 0.037 0.022 -0.017 -0.042 -0.054 -0.036 -0.055 -0.043 -0.044 -0.034 -0.015
0.051 0.059 -0.093 -0.218 -0.181 -0.140 -0.147 -0.136 -0.048 -0.037 -0.012 0.022 0.031 -0.021 -0.041 -0.048 -0.052 -0.047 -0.081 -0.111 -0.110 -0.103 -0.067 -0.040 -0.021 -0.020 -0.031 -0.021 -0.012 -0.012 -0.014 -0.021 -0.030 -0.040 -0.026 -0.029 -0.031 -0.036 -0.035 -0.020 0.008 0.030 0.038 -0.008 -0.043 -0.037 -0.018 0.029 0.046 0.060 0.033 -0.011 0.023 0.057 -0.032 -0.026 0.013 0.014 -0.024 -0.018 -0.013 -0.004 0.019 0.031 0.022 -0.005 0.026 -0.062 -0.085 -0.097 -0.069 -0.023 -0.036 -0.021 -0.017
0.056 0.003 -0.080 -0.176 -0.181 -0.125 -0.145 -0.167 -0.041 -0.024 0.014 -0.040 -0.036 -0.025 -0.029 -0.031 -0.028 -0.030 -0.072 -0.131 -0.142 -0.150 -0.121 -0.093 -0.076 -0.056 -0.024 -0.016 -0.020 -0.023 -0.017 -0.021 -0.047 -0.033 -0.013 -0.016 -0.010 -0.013 -0.010 0.017 0.031 0.040 0.040 0.013 -0.043 -0.044 -0.038 -0.009 0.036 0.042 0.049 0.011 0.020 -0.029 -0.015 0.022 0.027 -0.025 -0.031 -0.018 -0.015 -0.012 -0.004 0.015 0.018 0.027 0.033 -0.074 -0.130 -0.127 -0.094 -0.030 -0.022 -0.011 -0.015
-0.084 -0.053 -0.088 -0.224 -0.193 -0.148 -0.135 -0.190 -0.230 -0.153 -0.106 -0.048 -0.023 -0.017 -0.018 -0.019 -0.021 -0.028 -0.070 -0.153 -0.188 -0.206 -0.176 -0.131 -0.081 -0.033 -0.019 -0.026 -0.038 -0.023 -0.035 -0.043 -0.037 -0.005 -0.014 -0.018 -0.010 0.011 0.026 0.038 0.035 0.041 0.037 0.020 -0.035 -0.041 -0.044 -0.032 0.022 0.000 0.030 0.009 0.049 -0.026 0.008 0.033 0.024 -0.027 -0.025 -0.017 -0.015 -0.015 -0.012 -0.004 0.033 0.071 0.049 -0.049 -0.095 -0.145 -0.139 -0.090 -0.028 -0.027 -0.019
-0.073 -0.089 -0.081 -0.109 -0.112 -0.104 -0.095 -0.151 -0.173 -0.149 -0.064 -0.035 -0.021 -0.016 -0.017 -0.020 -0.023 -0.028 -0.067 -0.126 -0.162 -0.141 -0.063 -0.036 -0.041 -0.038 -0.029 -0.027 -0.041 -0.043 -0.036 -0.029 0.013 0.028 -0.017 -0.022 -0.008 0.026 0.046 0.036 -0.010 0.037 0.035 0.001 -0.002 -0.039 -0.043 -0.042 -0.029 -0.015 -0.015 0.032 0.040 0.028 0.025 0.033 -0.033 -0.030 -0.029 -0.022 -0.024 -0.016 -0.014 0.007 0.039 0.035 -0.047 -0.035 -0.019 -0.046 -0.025 0.008 -0.020 -0.008 -0.020
-0.037 -0.045 -0.063 -0.079 -0.094 -0.094 -0.077 -0.057 -0.029 0.007 -0.058 -0.042 -0.021 -0.016 -0.021 -0.047 -0.059 -0.056 -0.041 -0.080 -0.123 -0.063 -0.046 -0.026 0.015 0.020 -0.023 -0.027 -0.042 -0.047 -0.030 0.012 0.035 0.043 -0.009 0.000 0.000 0.042 0.041 0.000 -0.011 0.032 0.009 0.003 0.005 -0.005 -0.044 -0.036 -0.042 -0.035 0.000 0.000 0.045 0.104 0.065 0.054 0.041 -0.017 -0.036 -0.034 -0.028 -0.020 -0.020 -0.007 0.015 -0.037 -0.043 -0.035 -0.021 -0.014 0.018 0.015 -0.001 -0.001 0.001
-0.026 -0.026 -0.061 -0.084 -0.091 -0.093 -0.080 -0.046 -0.034 0.009 0.030 -0.016 -0.025 -0.016 -0.041 -0.028 -0.017 0.023 -0.029 -0.050 -0.096 -0.068 -0.054 -0.040 -0.023 0.008 0.023 -0.016 -0.042 -0.039 -0.020 0.020 0.036 0.046 0.031 -0.008 0.030 0.045 0.005 0.009 0.023 0.047 0.016 0.006 0.004 -0.002 -0.035 -0.014 -0.021 -0.043 -0.035 0.021 0.027 0.047 0.044 0.054 0.082 0.081 0.007 -0.039 -0.040 -0.037 -0.034 -0.028 -0.035 -0.036 -0.036 -0.025 0.006 0.022 0.034 0.023 0.003 0.002 0.003
-0.017 0.014 -0.045 -0.088 -0.096 -0.091 -0.073 -0.051 -0.041 -0.015 0.024 0.036 0.018 -0.014 -0.029 -0.027 -0.013 0.020 0.024 -0.032 -0.063 -0.059 -0.049 -0.042 -0.028 0.013 0.034 -0.034 -0.036 -0.027 -0.005 0.026 0.038 0.044 0.050 0.061 0.065 0.052 0.012 0.026 0.062 0.085 0.035 0.015 0.009 0.006 -0.018 0.019 0.033 0.013 -0.043 -0.052 -0.042 -0.009 0.042 0.051 0.042 0.091 0.097 -0.004 -0.047 -0.048 -0.044 -0.043 -0.040 -0.034 -0.033 -0.023 0.012 0.028 0.035 0.028 0.010 0.009 0.008
0.011 0.027 -0.033 -0.084 -0.102 -0.092 -0.071 -0.052 -0.043 -0.019 0.018 0.029 0.035 0.019 -0.026 -0.019 0.014 0.031 0.015 -0.031 -0.063 -0.033 -0.026 -0.038 -0.022 0.021 0.035 -0.037 -0.022 0.008 0.022 0.031 0.040 0.044 0.053 0.063 0.056 0.039 0.017 0.015 0.023 0.043 0.022 0.024 0.025 0.049 0.045 0.050 0.044 0.039 0.009 -0.053 -0.054 -0.038 0.032 0.048 0.049 0.042 0.092 0.076 -0.031 -0.052 -0.049 -0.051 -0.051 -0.041 -0.037 -0.024 0.008 0.014 0.019 0.024 -0.011 -0.016 0.025
0.011 -0.079 -0.036 -0.109 -0.124 -0.091 -0.070 -0.056 -0.041 -0.020 0.015 0.021 0.025 0.019 0.013 0.025 -0.003 -0.007 -0.008 -0.051 -0.076 -0.061 -0.044 -0.035 -0.020 0.012 -0.018 -0.008 0.023 0.032 0.033 0.036 0.043 0.041 0.047 0.057 0.053 0.040 0.024 -0.005 -0.014 0.015 0.019 0.023 0.028 0.055 0.061 0.055 0.047 0.032 0.019 -0.003 -0.053 -0.047 0.012 0.043 0.037 0.045 0.040 0.081 0.037 -0.045 -0.047 -0.049 -0.053 -0.051 -0.045 -0.034 -0.022 -0.016 0.007 0.009 -0.029 -0.021 0.026
-0.093 -0.059 -0.065 -0.135 -0.266 -0.239 -0.167 -0.064 -0.045 -0.021 0.016 0.024 0.028 0.026 0.027 -0.025 -0.009 -0.004 -0.011 -0.044 -0.072 -0.052 -0.037 -0.029 -0.014 -0.021 -0.011 0.022 0.036 0.044 0.044 0.044 0.041 0.043 0.047 0.051 0.050 0.032 -0.005 -0.027 -0.022 0.001 0.013 -0.005 0.009 0.035 0.044 0.042 0.032 0.000 -0.022 -0.011 -0.014 -0.052 -0.030 -0.014 -0.004 0.027 0.042 0.033 0.124 -0.043 -0.045 -0.038 -0.049 -0.057 -0.052 -0.044 -0.041 -0.031 -0.032 -0.028 -0.039 -0.032 -0.008
-0.061 -0.072 -0.098 -0.118 -0.144 -0.197 -0.249 -0.200 -0.044 -0.024 -0.003 0.027 0.030 0.011 -0.010 -0.044 -0.012 -0.011 -0.064 -0.074 -0.055 -0.039 -0.029 -0.007 0.025 -0.024 -0.013 0.025 0.038 0.046 0.048 0.046 0.044 0.062 0.069 0.061 0.050 -0.044 -0.057 -0.039 -0.034 -0.035 -0.027 -0.019 0.004 0.023 0.024 -0.007 -0.046 -0.073 -0.066 -0.031 -0.013 -0.018 -0.056 -0.046 -0.028 0.012 0.037 0.028 0.070 0.036 0.028 -0.043 -0.035 -0.060 -0.057 -0.053 -0.050 -0.050 -0.046 -0.044 -0.042 -0.033 -0.017
-0.024 -0.038 -0.048 -0.073 -0.103 -0.155 -0.213 -0.251 -0.183 -0.103 -0.045 -0.032 -0.034 -0.070 -0.104 -0.048 -0.057 -0.059 -0.053 -0.052 -0.042 -0.034 -0.017 0.017 0.039 0.021 -0.009 0.029 0.036 0.039 0.041 0.047 0.055 0.076 0.066 0.002 -0.000 0.001 -0.006 -0.024 -0.054 -0.068 -0.061 -0.044 -0.033 -0.031 -0.044 -0.066 -0.087 -0.085 -0.049 -0.024 -0.014 -0.013 -0.050 -0.049 -0.018 0.031 0.035 0.033 0.036 0.035 0.168 -0.224 -0.076 -0.061 -0.055 -0.056 -0.053 -0.056 -0.060 -0.057 -0.038 -0.026 0.003
-0.041 -0.027 -0.071 -0.094 -0.058 -0.054 -0.037 0.020 0.046 -0.038 -0.033 -0.048 -0.038 -0.030 -0.054 -0.074 -0.071 -0.049 -0.030 -0.047 -0.041 -0.026 0.023 0.022 0.061 0.077 0.091 0.099 0.093 0.063 -0.023 0.036 0.059 0.067 0.004 0.002 0.002 -0.000 -0.004 -0.010 -0.021 -0.048 -0.080 -0.076 -0.080 -0.094 -0.104 -0.106 -0.086 -0.062 -0.040 -0.031 -0.014 -0.041 -0.031 0.012 0.039 0.042 -0.031 -0.009 0.022 0.036 0.041 -0.043 -0.046 -0.028 -0.075 -0.045 -0.027 -0.060 -0.069 -0.061 -0.049 -0.038 -0.021
-0.017 -0.011 -0.035 -0.056 -0.055 -0.052 0.000 0.000 0.048 0.055 -0.032 -0.029 -0.019 -0.020 -0.072 -0.080 -0.071 -0.045 -0.048 -0.045 -0.042 -0.024 0.026 0.045 0.053 0.052 0.068 0.112 0.139 0.155 -0.040 0.041 0.067 0.015 0.001 0.006 0.013 -0.000 -0.007 -0.009 -0.016 -0.034 -0.056 -0.070 -0.087 -0.142 -0.134 -0.094 -0.070 -0.047 -0.048 -0.041 -0.040 -0.042 -0.027 0.021 0.045 0.065 -0.021 0.017 0.044 0.096 0.025 -0.011 -0.036 -0.029 -0.035 -0.052 -0.038 -0.045 -0.062 -0.065 -0.056 -0.049 -0.040
-0.029 -0.022 -0.035 -0.061 -0.062 -0.064 -0.057 -0.024 0.033 0.052 0.051 0.011 -0.008 -0.041 -0.086 -0.054 -0.006 -0.062 -0.053 -0.045 -0.039 -0.022 0.020 0.038 0.046 0.045 0.043 0.053 0.043 0.023 0.037 0.041 0.064 0.004 -0.004 0.006 0.019 -0.004 -0.015 -0.013 -0.014 -0.018 -0.024 -0.030 -0.044 -0.108 -0.119 -0.082 -0.059 -0.049 -0.050 -0.045 -0.043 -0.036 -0.020 0.030 0.050 0.055 0.061 0.115 0.224 0.121 0.065 -0.000 -0.044 -0.031 -0.024 -0.025 -0.026 -0.024 -0.049 -0.062 -0.060 -0.056 -0.053
-0.015 -0.025 -0.041 -0.108 -0.108 -0.093 -0.068 -0.032 0.015 0.032 0.036 0.041 -0.033 -0.070 -0.069 -0.057 -0.035 -0.050 -0.045 -0.036 -0.030 -0.020 0.009 0.025 0.033 0.042 0.047 0.058 0.038 0.021 0.038 0.043 0.038 0.011 -0.015 -0.010 0.017 -0.056 -0.032 -0.021 -0.017 -0.015 -0.016 -0.020 -0.031 -0.082 -0.105 -0.083 -0.049 -0.045 -0.043 -0.040 -0.038 -0.023 0.022 0.039 0.043 0.077 0.130 0.143 -0.008 -0.047 -0.013 0.000 0.042 -0.039 -0.025 -0.024 -0.025 -0.021 -0.017 -0.034 -0.054 -0.062 -0.058
-0.018 -0.017 -0.024 -0.063 -0.087 -0.084 -0.066 0.013 0.039 -0.000 -0.010 0.022 -0.035 -0.047 -0.032 -0.038 -0.040 -0.038 -0.032 -0.025 -0.017 -0.012 -0.008 0.014 0.026 0.031 0.044 0.063 0.078 0.048 0.065 0.062 0.025 0.026 0.051 0.079 0.161 -0.264 -0.066 -0.032 -0.022 -0.017 -0.014 -0.016 -0.025 -0.069 -0.088 -0.049 -0.054 -0.039 -0.027 -0.024 -0.016 0.024 0.038 0.037 0.070 0.110 0.133 -0.027 -0.061 -0.040 -0.031 -0.020 0.030 0.056 0.041 -0.021 -0.032 -0.022 -0.018 -0.015 -0.018 -0.035 -0.059
-0.010 -0.015 -0.030 -0.053 -0.066 -0.062 -0.039 0.023 0.035 -0.000 -0.003 -0.037 -0.039 -0.035 -0.035 -0.037 -0.030 -0.023 -0.008 0.016 0.021 0.003 -0.000 -0.006 0.000 -0.004 0.028 0.065 0.076 0.036 0.077 0.080 0.077 0.022 0.019 0.023 0.031 -0.055 -0.050 -0.038 -0.029 -0.023 -0.018 -0.018 -0.024 -0.057 -0.045 -0.050 -0.049 -0.037 0.000 0.000 0.030 0.043 0.038 0.063 0.063 0.038 -0.047 -0.060 -0.044 -0.033 -0.033 -0.033 -0.014 0.049 0.063 0.070 0.020 -0.018 -0.017 -0.018 -0.014 -0.010 -0.014
-0.015 0.006 -0.032 -0.057 -0.060 -0.051 -0.031 0.026 0.028 -0.002 -0.008 -0.054 -0.044 -0.044 -0.041 -0.028 -0.007 0.016 0.020 -0.001 -0.002 -0.001 -0.002 -0.005 -0.028 -0.014 0.033 0.064 0.069 0.072 0.078 0.094 0.092 0.024 0.019 0.024 0.005 -0.032 -0.047 -0.047 -0.041 -0.037 -0.032 -0.029 -0.035 -0.049 -0.037 -0.043 -0.046 -0.033 0.006 0.029 0.040 0.044 0.044 0.080 0.043 0.062 -0.070 -0.063 -0.039 -0.034 -0.036 -0.029 0.025 0.048 0.062 0.077 0.084 0.000 -0.016 -0.017 -0.024 -0.024 -0.013
-0.022 0.002 -0.047 -0.057 -0.048 -0.032 -0.015 0.025 -0.030 -0.013 -0.044 -0.043 -0.048 -0.043 -0.031 0.018 0.034 0.028 0.001 -0.000 -0.001 -0.001 -0.002 -0.006 -0.030 -0.019 -0.005 0.028 0.055 0.070 0.081 0.069 0.026 -0.000 -0.071 -0.065 0.071 0.121 0.051 0.022 -0.018 -0.020 -0.026 -0.027 -0.043 -0.021 -0.064 -0.075 -0.054 -0.027 0.022 0.042 0.049 0.033 0.082 0.066 0.057 -0.061 -0.073 -0.058 -0.039 -0.037 -0.033 0.012 0.041 0.055 0.062 0.071 0.089 0.086 0.035 -0.002 -0.025 -0.065 -0.042
