Project1/res/jiangbei.totaltm
ncols         319
nrows         411
xllcorner     657492.000000
yllcorner     3548067.000000
cellsize      10.000000
NODATA_value  -9999.000000
[rows 102 to 135 of 411, columns 231 to 307 of 319]
1.601 0.819 1.508 0.244 0.000 0.000 0.000 0.000 0.000 0.201 0.000 0.000 0.000 0.000 0.000 0.000 0.000 0.000 3.730 0.725 0.000 0.000 0.000 0.000 0.000 0.000 3.720 3.790 3.639 3.503 1.666 1.602 0.000 0.000 2.066 2.609 1.020 0.000 0.000 0.000 0.000 0.000 0.000 0.000 0.000 0.433 0.084 0.000 0.000 0.000 0.000 0.000 0.000 1.112 1.636 0.608 0.000 0.000 0.000 0.000 0.000 0.000 0.000 0.000 0.000 0.000 0.000 0.000 0.000 0.000 0.000 0.000 0.000 0.000 0.000 0.000 0.000
3.680 3.624 2.330 2.692 2.392 3.151 0.000 0.000 0.000 0.000 0.000 0.000 0.000 0.000 0.000 0.052 0.133 0.211 1.572 1.990 0.511 0.000 0.000 0.000 0.000 0.000 3.631 3.785 3.810 3.673 2.365 0.000 0.000 0.000 0.000 2.318 1.890 0.185 0.071 0.000 0.000 0.000 0.000 0.000 0.000 0.224 0.000 0.000 0.000 0.000 0.000 3.820 1.242 0.304 0.218 0.551 1.072 0.000 0.000 0.000 0.000 0.000 0.000 0.000 0.000 0.000 0.000 0.000 0.000 0.000 0.000 0.000 0.000 0.000 0.000 0.000 0.000
3.654 3.391 3.643 3.775 3.495 2.136 0.600 0.000 0.000 0.000 0.000 0.000 0.000 0.000 0.000 0.038 0.092 0.155 0.670 2.937 1.288 0.268 0.000 0.000 0.000 0.000 0.000 3.742 3.744 3.611 0.737 0.000 0.000 0.000 0.000 0.968 3.768 1.973 0.106 0.000 0.000 0.000 0.000 0.000 0.000 0.000 0.000 0.000 0.000 0.000 3.397 3.702 0.832 0.642 0.709 0.668 0.863 1.886 0.000 0.000 0.000 0.000 0.000 0.000 0.000 0.000 0.000 0.000 0.000 0.000 0.000 0.000 0.000 0.000 0.000 0.000 0.000
0.000 0.099 1.501 3.765 3.643 2.446 3.634 3.788 2.058 0.000 0.000 0.000 0.000 0.000 0.000 0.000 0.000 0.069 0.302 2.253 2.127 0.421 0.162 0.000 0.000 0.000 0.101 3.765 3.555 0.611 0.799 0.696 1.214 0.783 0.456 0.806 1.866 1.983 3.788 0.000 0.000 0.000 0.000 0.000 0.000 0.000 0.000 0.000 0.000 0.000 3.686 3.676 1.102 0.688 0.454 0.258 0.373 1.118 1.831 0.540 0.000 0.000 0.000 0.000 0.000 0.000 0.000 0.000 0.000 0.000 0.000 0.000 0.000 0.000 0.000 0.000 0.000
0.000 0.000 0.118 3.679 3.789 1.931 2.295 3.663 3.795 0.801 0.000 0.000 0.000 0.000 0.000 0.000 0.000 0.000 0.152 1.119 2.425 0.812 0.480 0.300 0.212 0.000 0.151 1.833 0.000 0.000 1.381 2.020 2.183 2.462 1.858 1.286 1.857 2.704 3.716 0.000 0.000 0.000 0.000 0.000 0.000 0.000 0.000 0.000 3.682 3.765 3.829 3.651 0.680 0.058 0.000 0.000 0.000 0.101 0.302 0.386 0.367 0.000 0.000 0.000 0.000 0.000 0.000 0.000 0.000 0.000 0.000 0.000 0.000 0.000 0.000 0.000 0.000
0.000 0.000 0.000 0.162 3.707 3.754 1.969 3.591 3.724 3.621 0.000 0.000 0.000 0.000 0.000 0.000 0.000 0.000 0.000 0.284 2.419 1.664 0.851 0.676 0.875 0.000 0.000 0.852 0.378 1.009 3.622 2.781 2.973 3.650 3.667 2.836 2.364 2.732 2.657 2.492 0.000 0.000 0.000 0.000 0.000 0.000 0.000 0.648 3.601 3.566 3.707 3.731 3.597 0.119 0.082 0.000 0.000 0.000 0.000 0.391 0.298 0.320 0.000 0.000 0.000 0.000 0.000 0.000 0.000 0.000 0.000 0.000 0.000 0.000 0.000 0.000 0.000
0.000 0.000 0.000 0.000 0.139 3.684 3.713 3.723 3.739 3.630 1.466 1.011 0.000 0.000 0.000 0.000 0.000 0.000 0.000 0.064 0.839 1.014 0.703 0.671 0.556 0.000 0.000 0.000 3.678 3.770 3.671 3.603 3.585 3.656 3.687 3.695 3.600 3.293 2.456 3.679 3.733 1.360 0.000 0.000 1.871 1.713 2.271 2.480 2.193 0.000 0.000 3.634 3.837 1.811 0.242 0.000 0.000 0.000 0.000 1.076 0.239 0.000 0.000 0.000 0.000 0.000 0.000 0.000 0.000 0.000 0.000 0.000 0.000 0.000 0.000 0.000 0.000
0.000 0.000 0.000 0.000 0.079 0.000 1.657 3.810 3.783 3.742 3.743 3.796 1.072 0.000 0.000 0.000 0.000 0.000 0.000 0.000 0.000 0.237 0.283 0.134 0.344 0.000 0.000 0.000 0.000 3.656 3.692 3.598 3.306 3.616 3.652 3.699 3.717 3.610 0.676 1.633 3.671 3.634 3.739 3.791 3.575 2.167 1.825 0.856 0.000 0.000 0.000 1.464 3.782 0.204 0.000 0.000 0.000 0.000 0.000 1.168 0.393 0.000 0.000 0.000 0.000 0.000 0.000 0.000 0.000 0.000 0.000 0.000 0.000 0.000 0.000 0.000 0.000
0.000 0.000 0.000 0.000 0.000 0.000 0.000 0.832 3.687 3.801 3.741 2.220 0.988 0.000 0.000 0.000 0.000 0.000 0.000 0.000 0.000 0.000 0.288 0.627 0.469 0.000 0.000 0.000 0.000 2.424 3.719 3.608 2.999 2.547 3.610 3.651 3.739 3.714 1.572 0.000 2.739 3.768 3.736 3.672 2.094 1.926 1.396 0.000 0.000 0.000 0.000 0.369 0.334 0.000 0.000 0.000 0.000 0.000 0.000 0.238 0.059 0.000 0.000 0.000 0.000 0.000 0.000 0.000 0.000 0.000 0.000 0.000 0.000 0.000 0.000 0.000 0.000
0.000 0.000 0.000 0.000 0.000 0.000 0.000 0.000 0.040 0.610 2.684 2.827 3.008 1.403 1.202 0.080 0.000 0.000 0.000 0.000 0.000 0.238 3.743 3.824 0.346 0.000 0.000 0.000 0.036 3.652 3.728 3.611 3.555 1.960 2.103 3.606 3.654 3.775 3.689 0.324 0.000 3.445 3.720 3.624 2.615 2.061 1.478 0.000 0.000 0.000 0.215 0.124 0.000 0.000 0.000 0.000 0.000 0.000 0.000 0.000 0.000 0.000 0.000 0.000 0.000 0.000 0.000 0.000 0.000 0.000 0.000 0.000 0.000 0.000 0.000 0.000 0.000
0.000 0.000 0.000 0.000 0.084 0.000 0.000 0.000 0.000 0.000 0.172 1.195 3.786 3.279 3.069 2.978 0.000 0.186 0.000 0.469 3.742 3.801 3.253 1.108 0.229 0.000 0.000 0.000 1.680 3.814 3.738 3.649 3.660 3.601 1.778 1.570 2.075 3.667 3.659 0.636 0.000 1.612 3.642 3.258 3.485 2.966 1.966 1.005 0.828 0.975 0.365 0.000 0.000 0.000 0.000 0.000 0.000 3.346 3.675 0.469 0.000 0.000 0.000 0.000 0.000 0.000 0.000 0.000 0.000 0.000 0.000 0.000 0.000 0.000 0.000 0.000 0.000
3.813 3.256 0.000 0.000 0.000 0.000 0.000 0.000 0.000 0.000 0.146 0.462 0.712 2.333 2.312 3.023 3.685 3.811 3.754 3.706 2.181 0.000 0.000 0.854 3.804 0.681 0.000 0.000 0.217 3.718 3.770 3.700 3.671 3.705 3.334 0.810 0.000 1.099 3.495 3.664 1.100 1.704 2.008 2.484 2.361 2.599 2.845 2.473 1.613 0.194 0.000 0.000 0.000 0.000 0.000 0.000 0.000 3.720 3.779 0.000 0.000 0.000 0.000 0.000 0.000 0.000 0.000 0.000 0.000 0.000 0.000 0.000 0.000 0.000 0.000 0.000 0.000
3.628 3.799 3.594 2.437 0.000 0.000 0.000 0.000 0.000 0.000 0.334 0.662 0.212 0.232 1.779 1.518 1.658 3.674 3.157 2.236 0.579 0.000 0.000 0.000 3.685 0.149 0.000 0.000 0.179 3.269 3.721 3.723 3.664 2.216 3.741 2.174 0.000 0.000 1.787 3.763 3.687 1.879 0.870 1.752 1.831 1.818 2.696 0.000 0.000 0.000 0.000 0.000 0.000 0.000 0.000 0.000 0.000 3.813 3.286 0.000 0.000 0.000 0.000 0.000 0.000 0.029 0.339 0.000 0.000 0.000 0.000 0.000 0.000 0.000 0.000 0.000 0.000
0.000 3.692 3.595 0.000 0.000 0.000 0.000 0.225 0.213 0.204 0.397 0.966 0.000 0.000 0.000 2.189 1.296 0.384 1.115 1.987 0.548 0.000 0.000 0.000 0.000 0.000 0.000 0.000 0.000 0.107 0.319 1.327 2.806 1.771 1.518 3.764 0.501 0.000 1.220 3.160 3.688 3.704 1.654 1.948 2.063 1.751 0.131 0.000 0.000 0.000 0.000 0.000 0.000 0.000 0.000 0.000 0.000 3.616 0.000 0.000 0.000 0.000 0.000 0.000 0.000 0.731 0.557 0.000 0.000 0.000 0.000 0.000 0.000 0.000 0.000 0.000 0.000
0.000 3.598 3.649 3.232 0.131 0.000 0.287 0.173 0.000 0.042 0.131 0.477 0.000 0.000 0.000 1.280 1.956 0.451 0.996 1.633 1.486 0.000 0.000 0.000 0.000 0.000 0.000 0.000 0.000 0.000 0.066 0.295 0.344 1.863 1.995 1.241 0.465 0.000 1.041 1.025 1.965 3.786 3.558 3.202 2.146 0.141 0.000 0.000 0.000 0.000 0.000 3.616 0.000 0.000 0.000 0.659 1.369 0.000 0.000 0.000 0.000 0.000 0.000 0.000 0.087 1.806 0.979 0.275 0.000 0.000 0.000 0.000 0.000 0.000 0.000 0.000 0.000
0.000 3.435 3.717 3.660 0.000 0.000 0.000 0.000 0.000 0.000 0.282 0.263 0.000 0.000 0.000 0.562 1.528 0.084 0.875 1.136 1.618 1.764 0.000 0.000 0.000 0.000 0.000 0.000 0.000 0.000 0.000 0.000 0.000 0.307 3.792 1.797 0.000 0.000 1.802 0.577 0.000 0.950 2.187 3.199 1.244 0.000 0.000 0.000 0.000 0.000 0.000 3.798 0.571 0.000 3.608 3.805 0.000 0.000 0.000 0.000 0.000 0.000 0.000 0.000 0.355 1.931 1.206 0.218 0.339 0.345 0.410 0.000 0.000 0.000 0.000 0.000 0.000
0.000 3.593 3.766 3.576 0.000 0.000 0.000 0.000 0.000 0.000 0.000 0.000 0.000 0.000 2.306 1.739 0.921 0.000 0.000 1.513 0.794 1.728 3.767 0.819 0.000 0.000 0.000 0.000 0.000 0.000 0.000 0.000 0.000 0.000 0.750 3.794 1.917 2.623 1.055 0.647 0.430 0.740 2.370 1.772 1.028 0.000 0.000 0.000 0.000 0.000 0.000 0.505 0.000 1.574 3.782 0.470 0.000 0.000 0.000 0.000 0.000 0.000 0.000 0.159 1.809 1.824 0.225 0.000 0.058 0.257 0.909 0.066 0.000 0.000 0.000 0.000 0.000
3.703 3.774 3.824 0.000 0.000 0.000 0.000 0.000 0.000 0.000 0.000 0.000 0.000 3.807 3.644 3.183 1.342 0.000 0.615 3.611 1.100 1.544 2.565 3.796 2.336 0.746 0.055 0.000 0.000 0.000 0.000 0.000 0.000 0.000 0.644 0.767 1.755 1.069 0.959 0.077 0.943 0.549 0.739 0.810 0.914 0.589 0.000 0.130 0.061 0.000 0.000 0.000 0.219 3.775 0.262 0.000 0.000 0.000 0.000 0.000 0.000 0.000 0.129 1.852 1.891 1.281 0.000 0.000 0.000 0.308 0.840 0.401 0.000 0.000 0.000 0.000 0.000
3.660 3.598 3.643 0.000 0.000 0.000 0.000 0.000 0.000 0.000 0.000 0.000 1.377 3.662 3.636 3.654 2.152 1.911 3.604 3.707 3.594 1.206 0.864 1.696 2.284 2.428 0.054 0.000 0.000 0.000 0.000 0.000 0.000 0.000 0.901 0.022 0.000 0.284 1.959 0.706 0.141 0.000 0.000 0.000 0.825 1.329 1.135 0.000 0.000 0.000 0.000 0.000 3.702 1.471 0.000 0.000 0.000 0.000 0.000 0.000 0.000 0.016 0.866 3.796 1.730 0.292 0.000 0.000 0.000 0.895 1.153 0.437 0.598 0.000 0.553 1.361 0.000
3.724 0.000 0.000 0.000 0.000 0.000 0.000 0.000 0.000 0.011 1.030 3.598 3.698 3.775 3.676 2.791 3.022 3.369 3.635 3.820 3.625 2.451 0.489 0.550 1.178 2.392 2.250 0.000 0.000 0.000 0.000 0.000 0.000 0.691 0.720 0.000 0.000 0.000 0.246 0.539 0.085 0.000 0.000 0.000 0.773 1.938 2.179 0.959 0.000 0.000 0.000 3.750 3.697 0.000 0.000 0.000 0.000 0.000 0.000 0.000 0.000 0.346 3.787 3.756 1.768 0.264 0.000 0.000 0.152 1.943 1.641 0.831 0.487 0.938 1.700 2.808 1.703
0.540 0.000 0.000 0.000 0.000 0.000 0.000 0.000 0.000 0.000 3.714 3.763 3.670 3.582 0.119 0.000 1.065 3.604 3.462 3.569 3.649 3.620 1.552 1.178 1.106 1.664 2.145 2.328 0.479 0.000 1.802 3.800 3.641 3.795 0.000 0.000 0.000 0.000 0.000 0.000 0.000 0.000 0.000 0.000 0.000 1.365 2.836 2.402 0.000 0.000 3.663 3.801 0.000 0.000 0.000 0.000 0.000 0.000 0.000 0.000 0.041 1.126 3.789 3.124 2.689 2.178 1.669 0.901 2.142 3.807 0.837 0.743 0.789 0.797 1.299 0.819 0.688
0.066 0.000 0.000 0.000 0.000 0.000 0.000 0.000 0.000 3.553 3.747 3.705 3.704 0.000 0.000 0.000 0.000 3.298 3.606 3.698 3.739 3.661 1.762 0.779 0.917 1.154 1.490 2.209 2.441 0.263 0.000 0.389 0.411 0.402 0.000 0.000 0.000 0.000 0.000 0.000 0.000 0.000 0.000 0.000 0.000 0.000 0.739 2.823 3.655 3.662 3.800 0.591 0.000 0.000 0.000 0.000 0.000 0.000 0.000 0.039 0.269 1.532 3.749 1.866 1.710 1.801 1.667 1.791 3.725 1.402 0.830 1.308 1.746 1.618 1.134 0.268 0.024
0.000 0.077 0.000 0.000 0.000 0.000 0.000 0.000 3.326 3.653 3.778 3.740 3.653 1.339 0.000 0.000 0.000 0.000 3.588 3.831 3.761 3.500 0.000 0.097 0.589 0.068 0.078 0.495 2.329 2.260 1.460 0.000 0.000 0.659 0.000 0.000 0.000 0.084 0.000 0.000 0.000 0.000 0.000 0.000 0.000 0.000 0.000 1.963 3.803 3.644 0.196 0.000 0.000 0.000 0.000 0.000 0.000 0.000 0.000 0.312 0.611 1.935 2.358 0.692 0.504 0.914 1.447 3.694 3.805 0.779 0.836 1.910 2.384 3.424 1.813 0.501 0.827
0.152 0.198 0.174 0.000 0.000 0.000 0.000 0.000 3.620 3.794 3.777 3.681 3.666 1.549 0.000 0.000 0.000 0.000 0.000 3.628 3.765 3.673 0.000 0.000 0.000 0.000 0.000 0.000 1.625 2.119 2.430 2.114 1.925 2.302 0.741 0.288 0.210 0.000 0.000 0.000 0.000 0.000 0.000 0.000 0.000 0.000 0.000 0.525 3.772 0.258 0.000 0.000 0.000 0.000 0.000 0.000 0.000 0.042 0.350 0.792 0.699 3.783 1.619 0.000 0.000 0.534 2.159 3.806 3.643 0.326 0.376 0.691 1.143 1.939 2.368 2.071 1.306
0.000 0.077 0.134 0.000 0.000 0.000 2.561 3.616 3.720 3.722 3.644 3.630 2.069 1.322 1.251 0.460 0.000 0.000 0.000 0.000 3.355 3.707 2.260 0.536 0.268 0.280 0.612 1.695 0.990 0.972 1.700 1.974 1.919 1.206 0.352 0.000 0.000 0.000 0.000 0.000 0.000 0.000 0.000 0.000 0.000 0.000 0.000 0.516 1.665 0.000 0.000 0.000 0.000 0.000 0.000 0.000 0.000 0.383 1.330 0.267 0.509 1.871 0.393 0.000 0.000 0.521 3.688 3.763 2.150 0.000 0.000 0.000 0.000 0.288 1.050 3.788 0.000
0.000 0.000 0.113 0.195 3.627 3.650 3.687 3.719 3.807 3.669 3.605 1.243 0.816 0.763 0.666 0.403 0.140 0.000 0.000 0.000 0.000 0.138 3.806 3.811 0.953 0.470 0.768 0.551 0.621 0.814 1.053 1.385 1.719 1.716 1.213 0.459 0.000 0.000 0.000 0.000 0.000 0.000 0.000 0.000 0.000 0.000 0.000 0.661 1.285 0.000 0.000 0.000 0.000 0.000 0.000 0.000 0.083 0.724 0.676 0.000 0.176 0.644 0.000 0.000 0.000 1.028 3.778 3.683 0.695 0.000 0.000 0.000 0.000 0.000 0.583 0.938 0.000
0.000 0.000 0.183 2.481 3.655 3.684 3.734 3.791 3.673 3.616 0.681 0.484 0.000 0.482 0.474 0.443 0.571 3.806 0.000 0.000 0.000 0.000 0.690 2.073 1.864 0.000 0.000 0.000 0.000 0.367 0.631 1.120 1.550 1.830 1.836 1.307 0.322 0.000 0.000 0.000 0.000 0.000 0.000 0.000 0.000 0.000 0.000 1.337 0.718 0.000 0.000 0.000 0.000 0.000 0.000 0.000 0.170 0.991 0.539 0.000 0.022 0.000 0.000 0.000 0.000 2.151 3.724 1.764 0.000 0.000 0.000 0.000 0.000 0.000 0.492 0.000 0.000
0.000 0.186 0.384 3.611 3.671 3.768 3.795 3.699 3.665 1.569 0.642 0.718 0.320 0.232 0.194 0.000 0.000 1.763 0.347 0.000 0.000 0.209 0.000 0.000 2.084 1.849 0.000 0.000 0.000 0.000 0.123 0.773 0.981 1.453 1.773 1.733 1.435 0.301 0.003 0.000 0.000 0.000 0.000 0.000 0.000 0.000 0.310 3.716 0.000 0.000 0.000 0.000 0.000 0.000 0.000 0.000 0.249 1.748 0.756 0.146 0.104 0.000 0.000 0.000 0.000 2.378 3.642 0.385 0.000 0.000 0.000 0.000 0.000 0.417 0.000 0.000 0.000
0.092 3.631 3.619 3.631 3.733 3.658 3.617 3.666 3.075 1.777 1.028 0.637 0.153 0.000 0.061 0.040 0.127 0.383 0.684 0.462 0.611 0.509 0.000 0.000 0.000 2.519 1.849 0.000 0.297 0.289 0.267 0.000 0.121 0.836 1.431 1.465 1.772 1.822 1.422 0.556 0.000 0.000 0.000 0.000 0.000 0.000 1.649 3.783 0.878 0.000 0.000 0.000 0.000 0.000 0.000 0.000 0.419 3.774 3.663 3.625 1.230 0.000 0.000 0.000 1.740 3.780 2.173 0.517 0.127 0.138 0.099 0.000 0.126 0.857 0.000 0.000 0.000
3.065 3.675 3.751 3.780 3.813 3.600 0.000 0.000 1.579 1.904 1.092 0.449 0.110 0.000 0.000 0.000 0.042 0.000 0.270 0.571 0.314 0.000 0.000 0.000 0.000 0.116 3.817 1.927 0.828 0.627 0.197 0.000 0.000 0.000 1.166 1.046 1.138 1.448 1.446 1.786 1.803 0.000 0.000 0.000 0.000 0.393 3.746 2.207 3.734 0.000 0.000 0.000 0.000 0.056 0.382 0.261 3.659 3.799 3.756 3.732 3.658 1.950 0.597 0.498 3.739 3.763 2.255 1.786 0.824 0.362 0.226 0.192 0.299 0.676 0.044 0.000 0.000
3.633 3.749 3.810 3.697 3.621 3.542 0.000 0.000 0.000 1.790 0.824 0.289 0.000 0.000 0.000 0.000 0.000 0.000 0.000 0.387 0.229 0.056 0.000 0.000 0.000 0.000 0.167 1.873 1.919 0.000 0.000 0.000 0.000 0.000 0.000 0.858 0.894 0.809 0.993 1.498 1.884 0.818 0.323 0.426 0.930 0.691 0.000 0.000 0.000 0.000 0.000 0.000 0.000 0.431 3.778 3.788 3.760 3.737 3.754 3.655 0.971 1.543 1.491 1.625 3.746 2.964 1.946 1.940 1.918 1.505 0.541 0.308 0.232 0.231 1.376 0.000 0.000
3.614 3.702 3.732 3.587 0.000 0.000 0.000 0.000 0.000 1.148 0.440 0.171 0.000 0.000 0.000 0.000 0.000 0.000 0.000 0.443 0.347 0.183 0.167 0.000 0.337 0.000 0.000 0.059 0.159 0.000 0.000 0.000 0.000 0.000 0.000 0.000 0.734 0.509 0.627 0.968 0.958 0.598 0.593 0.474 0.080 0.000 0.000 0.000 0.000 0.000 0.000 0.000 0.197 0.542 1.785 3.721 3.632 3.581 3.657 3.604 0.000 0.125 0.930 3.022 3.735 1.867 1.332 1.566 1.791 1.874 1.858 1.298 1.151 1.625 3.762 1.899 0.000
3.796 3.722 3.636 0.000 0.000 0.000 0.000 0.000 0.130 0.696 0.219 0.271 0.359 0.000 0.000 0.000 0.000 0.000 0.000 0.115 0.349 0.000 0.088 1.934 3.785 0.000 0.000 0.000 0.000 0.000 0.000 0.000 0.000 0.000 0.000 0.000 0.000 0.301 0.295 0.647 0.839 0.192 0.000 0.000 0.000 0.000 0.000 0.000 0.000 0.000 0.000 0.000 0.245 0.315 0.668 1.663 0.626 0.000 1.590 3.636 0.553 0.339 1.171 3.739 2.713 1.018 0.780 0.799 0.960 1.245 1.635 1.806 1.639 1.139 3.692 3.742 0.000
3.646 3.613 1.755 0.000 0.000 0.000 0.000 0.000 0.207 0.236 0.000 0.229 0.926 1.834 1.786 1.002 0.140 0.000 0.000 0.000 0.019 0.000 0.208 0.516 0.000 0.000 0.000 0.000 0.000 0.000 0.000 0.025 0.423 0.000 0.000 0.000 0.000 0.000 0.000 0.454 0.810 0.103 0.000 0.000 0.000 0.000 0.000 0.000 0.000 0.175 0.000 0.000 0.000 0.371 3.780 1.894 0.222 0.000 0.299 1.346 0.964 1.119 3.666 3.631 0.660 0.346 0.475 0.441 0.363 0.324 0.332 0.223 0.000 0.000 0.297 3.804 0.000
