Project1/res/jiangbei-0001.Qx
ncols         320
nrows         411
xllcorner     657487.000000
yllcorner     3548067.000000
cellsize      10.000000
NODATA_value  -9999.000000
[rows 102 to 135 of 411, columns 225 to 299 of 320]
0.015 0.011 0.007 0.010 0.009 0.008 0.011 0.009 0.008 -0.004 -0.001 -0.001 -0.000 -0.000 0.000 0.001 -0.001 -0.001 -0.001 -0.001 -0.001 -0.000 -0.001 0.000 0.001 0.001 -0.000 -0.000 -0.000 0.000 0.001 0.001 0.002 0.017 0.029 0.046 0.052 0.041 -0.000 -0.000 0.001 -0.059 -0.012 -0.001 -0.002 -0.002 -0.001 -0.001 0.000 0.001 0.001 0.002 -0.000 -0.001 -0.000 0.000 0.000 0.001 -0.004 -0.010 -0.016 -0.011 0.000 0.000 0.000 0.000 0.000 0.000 0.000 0.000 0.000 0.000 0.000 0.000 0.000
-0.000 0.000 0.001 0.002 0.012 0.023 0.036 0.076 0.167 -0.243 -0.131 -0.070 -0.001 -0.001 -0.000 -0.001 -0.001 0.000 -0.001 -0.000 0.000 0.001 0.001 0.002 0.003 0.004 -0.001 -0.001 -0.000 0.000 0.001 0.001 0.002 0.007 0.019 0.027 0.029 -0.003 -0.001 0.000 0.001 0.003 -0.028 -0.002 -0.002 -0.001 -0.001 -0.000 0.000 0.001 0.001 0.002 -0.000 -0.000 0.000 0.000 0.001 0.001 -0.013 -0.010 -0.007 -0.012 -0.015 0.000 0.000 0.000 0.000 0.000 0.000 0.000 0.000 0.000 0.000 0.000 0.000
-0.000 -0.000 0.000 0.001 0.007 0.017 0.013 -0.015 -0.095 -0.253 -0.157 -0.069 -0.013 -0.001 -0.001 -0.001 -0.001 -0.001 -0.000 0.000 0.001 0.001 0.001 0.002 0.003 0.003 0.002 -0.001 -0.000 0.001 0.001 0.001 0.002 0.004 0.012 0.015 -0.012 -0.005 -0.000 0.000 0.001 0.005 0.011 0.023 -0.002 -0.001 -0.001 -0.000 0.000 0.001 0.001 0.001 -0.000 0.000 0.000 0.001 0.001 -0.016 -0.014 -0.016 -0.018 -0.017 -0.017 -0.023 0.000 0.000 0.000 0.000 0.000 0.000 0.000 0.000 0.000 0.000 0.000
0.000 -0.001 -0.000 0.001 0.002 -0.002 -0.001 0.001 0.001 -0.061 -0.125 -0.118 -0.157 -0.107 -0.058 -0.001 -0.001 -0.001 -0.000 -0.000 0.000 0.001 0.001 0.002 0.002 0.003 0.013 0.001 0.001 0.002 0.002 0.002 0.004 0.006 0.011 -0.010 -0.018 -0.009 -0.006 0.002 0.008 0.009 0.018 0.038 -0.109 -0.001 0.000 -0.001 0.000 0.000 0.000 0.001 0.001 0.001 0.001 0.001 0.002 -0.015 -0.016 -0.017 -0.012 -0.008 -0.008 -0.011 -0.025 -0.013 0.000 0.000 0.000 0.000 0.000 0.000 0.000 0.000 0.000
-0.015 -0.005 -0.001 0.000 0.001 -0.001 -0.001 0.001 0.002 0.003 -0.131 -0.107 -0.113 -0.097 -0.065 -0.014 -0.002 -0.001 -0.001 -0.000 0.000 0.000 0.001 0.001 0.002 0.003 0.007 0.007 0.006 0.005 0.005 0.005 0.008 0.008 -0.004 -0.001 0.000 -0.008 0.001 0.010 0.019 0.027 0.028 0.042 0.038 -0.002 -0.001 -0.001 -0.000 -0.000 0.000 0.000 0.001 0.001 0.002 -0.042 -0.055 -0.031 -0.008 -0.004 -0.003 -0.004 -0.004 -0.004 -0.006 -0.009 -0.008 0.000 0.000 0.000 0.000 0.000 0.000 0.000 0.000
-0.003 -0.002 -0.002 -0.001 -0.001 -0.001 0.000 0.001 0.002 0.003 0.003 -0.156 -0.102 -0.096 -0.090 -0.095 -0.002 -0.002 -0.001 -0.001 -0.001 -0.000 0.000 0.001 0.001 0.002 0.002 0.020 0.014 0.011 0.009 0.011 0.009 0.006 -0.006 -0.004 0.002 0.009 0.013 0.019 0.028 0.040 0.051 0.056 0.065 0.086 -0.002 -0.001 -0.001 -0.000 0.000 0.001 0.001 0.001 -0.018 -0.073 -0.058 -0.045 -0.025 -0.004 -0.005 -0.004 -0.003 -0.003 -0.003 -0.007 -0.002 -0.004 0.000 0.000 0.000 0.000 0.000 0.000 0.000
-0.003 -0.001 -0.001 -0.001 -0.000 0.000 0.001 0.002 0.002 0.003 0.003 0.004 -0.108 -0.107 -0.104 -0.101 -0.097 -0.029 -0.002 -0.002 -0.001 -0.001 -0.000 0.000 0.001 0.001 0.002 0.008 0.010 0.009 0.007 -0.000 0.000 0.001 0.001 -0.002 0.011 0.013 0.020 0.024 0.031 0.042 0.058 0.065 0.075 0.011 -0.327 -0.038 -0.003 -0.003 -0.006 -0.026 -0.051 -0.095 -0.102 -0.000 0.000 0.001 -0.015 -0.017 -0.009 -0.003 -0.002 -0.001 -0.001 0.000 -0.003 -0.002 -0.002 0.000 0.000 0.000 0.000 0.000 0.000
-0.003 -0.001 -0.001 -0.001 -0.000 0.000 0.001 0.002 0.002 0.002 0.003 0.003 0.003 -0.059 -0.117 -0.109 -0.130 -0.095 -0.022 -0.003 -0.002 -0.001 -0.001 -0.000 0.000 0.001 0.001 0.001 0.004 0.004 0.003 -0.000 0.000 0.001 0.001 0.001 0.005 0.011 0.019 0.024 0.025 0.027 0.025 0.020 0.005 0.007 -0.070 -0.212 -0.154 -0.104 -0.073 -0.038 -0.039 -0.021 -0.001 -0.000 0.000 0.000 0.000 -0.004 -0.003 -0.002 -0.001 -0.001 0.000 0.001 -0.003 -0.002 -0.002 -0.001 0.000 0.000 0.000 0.000 0.000
-0.006 -0.005 -0.002 -0.001 -0.000 0.000 0.001 0.001 0.001 0.001 0.001 0.002 0.002 0.003 -0.004 -0.089 -0.150 -0.090 -0.024 -0.002 -0.002 -0.002 -0.001 -0.001 -0.000 0.000 0.000 0.001 0.004 0.005 -0.004 -0.001 0.000 0.001 0.001 0.001 0.005 0.009 0.014 0.022 0.022 0.015 0.010 -0.001 -0.010 -0.001 0.001 -0.140 -0.111 -0.084 -0.059 -0.026 -0.018 -0.006 -0.001 -0.000 0.000 0.001 -0.001 -0.003 -0.002 -0.002 -0.001 -0.001 0.000 0.001 -0.001 -0.002 -0.001 -0.000 0.000 0.000 0.000 0.000 0.000
-0.003 -0.003 -0.003 -0.001 -0.001 -0.000 0.000 -0.000 0.000 0.001 0.001 0.002 0.002 0.002 0.002 0.003 0.003 -0.136 -0.244 -0.066 -0.027 -0.002 -0.001 -0.001 -0.000 -0.000 0.001 0.001 0.004 -0.042 -0.008 -0.001 0.000 0.001 0.002 0.002 0.006 0.005 0.005 0.011 0.018 0.018 0.000 -0.019 -0.035 -0.003 0.001 -0.000 -0.067 -0.060 -0.053 -0.050 -0.012 -0.003 -0.002 -0.002 -0.003 -0.004 -0.003 -0.002 -0.002 -0.001 -0.001 -0.000 0.000 0.000 -0.001 -0.001 -0.001 0.000 0.000 0.001 0.000 0.000 0.000
-0.002 -0.001 -0.001 -0.001 0.000 0.001 -0.001 -0.001 -0.000 0.000 0.001 0.002 0.002 0.002 0.002 0.002 0.002 0.003 -0.023 -0.224 -0.160 -0.108 -0.001 0.000 -0.000 0.001 -0.000 -0.089 -0.080 -0.013 -0.005 -0.001 0.000 0.001 0.002 0.009 0.004 0.001 -0.002 -0.002 0.009 0.016 0.008 -0.015 -0.044 -0.006 -0.000 0.000 -0.015 -0.037 -0.044 -0.051 -0.039 -0.008 -0.011 -0.018 -0.010 -0.004 -0.002 -0.002 -0.001 -0.001 -0.000 0.000 -0.001 -0.002 -0.001 -0.001 -0.000 0.000 0.001 0.001 0.002 0.000 0.000
-0.001 -0.001 -0.001 -0.000 0.000 0.002 0.005 0.002 -0.000 0.000 0.001 -0.000 0.000 0.001 0.001 0.002 0.003 0.004 0.008 0.005 -0.084 -0.110 -0.181 -0.149 -0.107 -0.094 -0.101 -0.001 -0.001 0.000 -0.013 -0.003 -0.000 0.001 0.003 0.003 0.000 -0.004 -0.008 -0.008 -0.017 -0.004 -0.001 -0.000 -0.015 -0.068 -0.008 0.010 0.016 -0.027 -0.037 -0.040 -0.032 -0.033 -0.023 -0.006 -0.004 -0.003 -0.002 -0.001 -0.001 -0.000 0.000 0.001 -0.000 -0.001 -0.001 -0.000 0.000 0.001 0.001 0.002 0.002 0.002 0.000
-0.001 -0.001 -0.001 -0.001 -0.000 0.000 0.001 0.002 0.000 -0.003 -0.001 -0.000 0.000 0.000 0.001 0.002 0.003 0.005 0.008 0.005 0.003 -0.034 -0.038 -0.053 -0.081 -0.069 -0.006 -0.001 -0.000 0.001 0.002 -0.001 -0.001 0.001 0.003 0.004 -0.002 -0.010 -0.017 -0.016 -0.016 -0.032 -0.001 -0.000 0.000 -0.020 -0.039 -0.008 -0.005 0.005 0.007 0.014 0.011 -0.001 -0.004 -0.004 -0.005 -0.004 -0.001 -0.001 -0.000 0.000 0.001 0.002 0.000 -0.001 -0.000 -0.000 0.001 0.001 0.002 0.002 0.002 -0.001 0.000
-0.002 -0.002 -0.001 -0.000 -0.001 -0.000 0.000 0.001 0.000 -0.001 -0.000 -0.000 0.000 0.001 0.005 0.006 0.006 0.005 -0.000 0.001 0.001 0.001 -0.012 -0.002 0.001 0.002 -0.009 -0.001 -0.001 -0.000 -0.000 -0.000 0.000 0.001 0.001 0.002 0.002 0.003 -0.002 -0.023 -0.013 0.012 -0.004 -0.000 0.000 0.003 -0.031 -0.045 -0.018 -0.006 0.009 0.014 -0.003 -0.002 -0.002 -0.002 -0.004 -0.006 -0.001 -0.000 -0.000 0.000 0.001 0.001 -0.001 -0.001 -0.000 0.001 0.001 0.002 0.002 0.003 -0.003 -0.002 -0.001
-0.037 -0.020 -0.007 -0.003 -0.000 -0.000 0.000 0.001 0.000 -0.001 -0.003 -0.001 0.001 0.004 0.004 0.003 0.003 0.003 -0.000 0.000 0.001 0.001 -0.007 -0.006 -0.007 -0.010 -0.020 -0.001 -0.001 -0.000 -0.000 -0.000 -0.000 0.000 0.001 0.001 0.002 0.002 0.002 0.002 -0.026 -0.013 -0.000 -0.000 0.000 0.009 0.007 -0.019 -0.067 -0.037 0.003 -0.008 -0.003 -0.002 -0.001 -0.001 0.000 0.000 -0.001 -0.001 0.000 0.001 -0.004 -0.001 -0.001 -0.000 0.000 0.001 0.001 0.002 0.003 0.003 -0.005 -0.002 -0.001
-0.007 -0.006 -0.003 -0.003 -0.001 0.000 0.000 0.000 0.000 -0.001 -0.002 -0.001 0.000 0.001 0.001 0.002 0.002 0.002 -0.000 0.000 0.000 0.001 0.002 -0.004 -0.007 -0.014 -0.025 -0.041 -0.001 -0.001 -0.001 -0.001 -0.001 -0.000 0.000 0.001 0.001 0.001 0.001 0.002 0.002 -0.036 -0.000 -0.000 0.000 -0.003 -0.002 0.002 0.003 0.015 -0.025 -0.013 -0.004 -0.002 -0.001 -0.000 -0.000 0.000 -0.003 -0.001 0.000 -0.013 -0.002 -0.001 -0.000 0.000 0.001 0.001 0.002 0.002 0.003 0.003 -0.011 -0.002 0.001
-0.003 -0.002 -0.002 -0.001 -0.001 0.000 0.001 0.001 0.001 0.000 -0.001 -0.000 0.000 0.001 0.001 0.001 0.001 0.001 0.002 0.002 0.001 -0.020 -0.012 -0.000 0.000 -0.003 -0.017 -0.037 -0.066 -0.012 -0.002 -0.002 -0.001 -0.001 -0.000 0.000 0.000 0.000 0.001 0.001 0.001 0.007 -0.043 -0.018 -0.005 -0.003 -0.005 0.005 0.008 -0.033 -0.038 -0.023 -0.006 -0.002 -0.001 -0.000 0.000 0.002 -0.000 0.000 -0.020 -0.002 -0.001 -0.001 -0.000 0.001 0.001 0.002 0.002 0.003 0.003 -0.022 -0.001 -0.000 0.000
0.001 0.002 -0.002 -0.001 -0.000 0.001 0.003 0.006 0.002 -0.002 -0.001 -0.000 0.000 0.001 0.001 0.001 0.000 0.000 0.001 0.001 -0.057 -0.061 -0.041 -0.000 0.000 -0.011 -0.023 -0.036 -0.077 -0.122 -0.093 -0.014 -0.003 -0.002 -0.001 -0.001 -0.001 -0.000 0.000 0.001 0.001 0.014 0.009 -0.007 -0.012 -0.002 0.001 -0.007 -0.013 -0.027 -0.043 -0.039 -0.012 -0.005 -0.003 -0.001 -0.000 0.000 0.000 -0.001 -0.002 -0.001 -0.001 -0.000 0.000 0.001 0.002 0.002 0.003 0.003 -0.020 -0.016 -0.000 0.000 0.001
0.001 -0.001 -0.002 -0.001 -0.000 0.001 0.001 0.005 0.002 -0.002 -0.001 -0.000 0.001 0.001 0.001 0.002 0.001 0.001 0.001 -0.046 -0.099 -0.125 -0.142 -0.138 -0.106 -0.091 -0.064 -0.028 -0.020 -0.034 -0.059 -0.103 -0.003 -0.002 -0.001 -0.001 -0.000 -0.000 -0.000 0.001 0.001 0.008 0.004 0.003 0.003 -0.011 -0.004 -0.004 -0.006 -0.012 -0.029 -0.050 -0.031 -0.006 -0.002 -0.001 -0.000 0.000 0.001 -0.030 -0.001 -0.001 -0.000 0.000 0.001 0.001 0.002 0.003 0.003 0.004 -0.015 -0.003 -0.000 0.000 0.001
0.001 -0.001 -0.001 -0.001 -0.000 0.000 0.001 -0.001 -0.000 0.000 0.000 -0.000 0.001 0.001 0.002 0.002 0.004 -0.002 -0.090 -0.144 -0.169 -0.143 -0.187 -0.221 -0.143 -0.095 -0.070 -0.058 -0.013 -0.012 -0.025 -0.040 -0.102 -0.003 -0.002 -0.001 -0.000 0.000 -0.000 0.000 0.030 -0.001 0.000 0.001 0.002 0.002 -0.004 -0.003 -0.001 -0.001 -0.000 -0.028 -0.068 -0.023 -0.001 -0.000 0.000 0.001 -0.043 -0.001 -0.001 -0.000 0.000 0.001 0.001 0.002 0.002 0.003 0.004 0.001 0.010 -0.001 0.000 0.001 0.001
-0.004 -0.002 -0.001 -0.001 -0.000 0.000 0.001 -0.001 -0.000 0.000 0.000 0.001 0.001 0.002 0.002 0.003 0.003 -0.076 -0.082 -0.116 -0.001 -0.001 0.000 -0.043 -0.083 -0.076 -0.063 -0.050 -0.033 -0.041 -0.029 -0.039 -0.066 -0.123 -0.006 -0.001 0.000 0.004 0.012 0.019 -0.001 -0.001 -0.000 0.000 0.001 -0.001 -0.001 -0.002 -0.001 -0.001 0.000 0.001 -0.032 -0.098 -0.001 -0.000 0.000 -0.052 -0.001 -0.001 -0.000 0.000 0.001 0.001 0.001 0.002 0.002 0.003 0.008 0.035 0.074 0.095 0.059 0.032 0.017
-0.007 -0.002 -0.001 -0.001 0.001 0.001 0.001 -0.001 -0.000 0.000 0.000 0.001 0.002 0.002 0.003 0.003 -0.081 -0.070 -0.049 -0.000 -0.001 0.000 0.000 0.001 -0.068 -0.064 -0.056 -0.047 -0.048 -0.024 -0.023 -0.026 -0.037 -0.070 -0.176 -0.001 -0.000 0.000 -0.002 -0.004 -0.001 -0.001 -0.001 -0.001 -0.001 -0.001 -0.001 -0.001 -0.001 -0.000 0.000 0.001 0.001 -0.011 -0.087 -0.057 -0.066 -0.005 -0.001 -0.000 0.000 0.001 0.001 0.002 0.002 0.002 0.003 0.004 0.013 0.028 0.040 0.057 0.064 0.051 -0.002
0.001 -0.001 -0.001 0.000 0.001 0.004 0.003 0.001 -0.000 -0.000 0.000 0.001 0.001 0.002 0.003 -0.278 -0.137 -0.076 -0.043 -0.007 -0.001 0.000 -0.000 0.001 0.001 -0.056 -0.050 -0.035 -0.002 -0.004 -0.009 -0.002 -0.002 -0.002 -0.006 -0.133 -0.046 -0.000 -0.000 0.000 -0.003 -0.002 -0.002 -0.002 -0.002 -0.001 -0.002 -0.001 -0.001 -0.000 0.000 0.001 0.001 0.002 -0.034 -0.019 -0.002 -0.001 -0.001 -0.000 0.000 0.001 0.002 0.002 0.002 0.003 0.004 0.007 0.017 0.005 0.005 0.006 0.025 0.034 -0.033
0.001 -0.001 -0.000 0.000 0.001 0.002 0.006 0.005 0.005 0.002 0.001 0.001 0.001 0.002 0.003 -0.092 -0.076 -0.055 -0.040 -0.013 -0.002 -0.001 -0.001 0.000 0.001 0.001 -0.053 -0.040 -0.003 -0.003 -0.001 -0.001 -0.000 0.000 0.000 -0.033 -0.098 -0.103 -0.059 -0.036 -0.015 -0.008 -0.005 -0.003 -0.002 -0.002 -0.002 -0.002 -0.001 -0.000 0.000 0.001 0.001 0.002 0.005 -0.002 -0.001 -0.001 -0.000 0.000 0.001 0.002 0.002 0.003 0.003 0.004 0.008 0.008 0.009 -0.000 0.000 0.001 0.010 -0.071 -0.051
0.001 -0.000 -0.000 0.000 0.001 0.001 0.001 0.003 0.004 0.005 0.004 0.003 0.003 0.038 0.085 -0.002 -0.023 -0.026 -0.019 -0.019 -0.024 -0.011 -0.001 -0.000 0.000 0.001 0.001 -0.068 -0.163 -0.006 -0.007 -0.010 -0.012 -0.018 -0.013 -0.015 -0.020 -0.038 -0.048 -0.024 -0.007 -0.001 -0.002 -0.002 -0.001 -0.001 -0.001 -0.001 -0.001 -0.000 0.001 0.001 0.002 0.002 0.006 -0.001 -0.001 -0.000 0.000 0.001 0.001 0.002 0.003 0.004 0.004 0.002 0.002 0.005 -0.001 -0.000 0.000 0.001 0.005 -0.061 -0.093
0.001 -0.000 0.000 0.000 0.001 0.001 0.001 0.002 0.004 0.005 0.005 0.031 0.053 0.050 0.047 0.023 0.013 -0.006 -0.007 -0.011 -0.012 -0.012 -0.008 -0.001 0.000 0.000 0.001 0.001 0.003 -0.137 -0.030 -0.015 -0.016 -0.008 -0.008 -0.011 -0.014 -0.020 -0.028 -0.036 -0.027 -0.008 -0.002 -0.001 -0.001 -0.001 -0.002 -0.001 -0.001 -0.000 0.001 0.001 0.002 0.002 0.009 -0.001 -0.000 0.000 0.001 0.001 0.002 0.002 0.003 0.004 0.000 -0.000 0.001 0.001 -0.000 0.000 0.001 0.002 -0.035 -0.084 -0.017
0.001 -0.000 0.000 0.001 0.001 0.002 0.002 0.003 0.004 0.005 0.031 0.035 0.041 0.037 0.031 0.033 -0.006 -0.004 -0.001 -0.009 -0.010 -0.014 -0.020 -0.024 -0.001 -0.000 0.000 0.001 0.005 0.004 -0.088 -0.005 -0.000 -0.001 -0.002 -0.005 -0.008 -0.014 -0.023 -0.038 -0.049 -0.032 -0.006 -0.003 -0.002 -0.002 -0.002 -0.002 -0.001 -0.000 0.000 0.001 0.002 0.002 0.009 -0.001 -0.000 0.000 0.001 0.002 0.002 0.003 0.003 0.004 -0.002 -0.000 0.000 0.000 -0.000 0.000 0.001 0.002 -0.142 -0.117 -0.001
0.002 0.001 0.001 0.001 0.002 0.002 0.003 0.003 0.004 0.005 0.029 0.035 0.037 0.026 0.009 -0.015 -0.008 -0.006 -0.005 -0.005 -0.005 -0.004 -0.003 0.001 -0.009 -0.000 0.000 0.001 0.007 0.003 0.002 -0.084 -0.002 -0.002 -0.002 -0.002 -0.004 -0.008 -0.015 -0.025 -0.038 -0.045 -0.038 -0.005 -0.003 -0.002 -0.002 -0.002 -0.001 -0.000 0.000 0.001 0.002 0.002 -0.000 -0.000 0.000 0.001 0.001 0.002 0.002 0.003 0.003 0.004 -0.002 -0.001 -0.001 -0.001 -0.000 0.000 0.001 0.002 -0.300 -0.003 -0.001
0.002 0.003 0.002 0.002 0.002 0.003 0.003 0.004 0.033 0.058 0.041 0.037 0.048 0.022 -0.009 -0.029 -0.013 -0.008 -0.006 -0.004 -0.004 -0.004 -0.004 -0.004 -0.008 -0.008 0.002 0.009 -0.000 0.001 0.001 0.002 -0.067 -0.003 -0.004 -0.005 -0.006 -0.004 -0.004 -0.006 -0.021 -0.032 -0.046 -0.058 -0.034 -0.009 -0.003 -0.002 -0.001 -0.000 0.000 0.001 0.002 0.005 -0.003 -0.001 -0.000 0.001 0.001 0.002 0.002 0.002 0.003 0.004 0.014 0.009 0.000 -0.001 -0.000 0.001 0.001 0.082 -0.059 -0.003 -0.003
0.002 0.003 0.003 0.003 0.003 0.004 0.004 0.033 0.037 0.044 0.040 0.025 -0.001 -0.000 0.000 -0.023 -0.013 -0.009 -0.006 -0.004 -0.003 -0.003 -0.002 -0.002 -0.002 -0.004 -0.003 -0.002 -0.001 0.000 0.001 0.003 0.004 -0.047 -0.011 -0.012 -0.006 -0.002 -0.001 -0.000 0.000 -0.019 -0.021 -0.026 -0.032 -0.038 -0.024 -0.003 -0.002 -0.001 0.000 0.001 0.000 0.002 -0.003 -0.000 0.001 0.001 0.002 0.003 0.003 0.003 0.003 0.002 0.011 0.019 0.032 0.035 0.019 0.011 0.007 0.070 0.006 -0.040 -0.012
0.002 0.003 0.004 0.004 0.004 0.004 0.004 0.029 0.037 0.043 0.050 0.024 -0.002 -0.001 0.000 0.002 -0.009 -0.010 -0.007 -0.004 -0.002 -0.001 -0.001 -0.001 -0.001 -0.002 -0.002 -0.002 -0.001 -0.000 0.000 0.005 0.005 0.005 -0.019 -0.002 -0.001 -0.001 -0.001 -0.000 0.000 0.001 -0.012 -0.012 -0.017 -0.021 -0.020 -0.018 -0.008 -0.008 -0.010 -0.006 -0.001 -0.000 -0.000 0.000 0.001 0.002 0.002 0.003 0.005 0.010 0.003 0.004 0.010 0.012 0.007 0.014 0.028 0.024 0.038 0.060 0.003 -0.039 -0.043
0.002 0.003 0.004 0.005 0.006 0.006 0.049 0.039 0.038 0.041 -0.002 -0.002 -0.002 -0.001 0.000 0.003 -0.009 -0.010 -0.008 -0.004 -0.001 -0.000 -0.001 -0.001 0.000 0.001 -0.002 -0.002 -0.002 -0.000 0.000 0.008 0.005 0.003 0.001 -0.001 -0.001 -0.000 -0.000 -0.000 0.000 0.001 0.001 -0.007 -0.008 -0.010 -0.011 -0.011 -0.013 -0.008 -0.002 -0.001 -0.000 0.000 -0.000 0.000 0.001 0.002 0.002 0.004 0.005 0.004 -0.002 0.003 0.011 0.013 -0.000 0.000 0.004 0.013 0.102 0.048 -0.011 -0.021 -0.030
0.003 0.004 0.005 0.006 0.006 0.043 0.044 0.041 0.036 -0.003 -0.002 -0.001 -0.001 -0.001 0.000 0.002 -0.008 -0.011 -0.013 -0.007 -0.001 -0.000 -0.001 -0.001 0.000 0.001 0.001 -0.001 -0.000 0.002 0.010 -0.001 0.000 0.000 0.000 -0.001 -0.000 0.000 0.000 -0.001 -0.000 0.000 0.000 -0.002 -0.003 -0.005 -0.007 -0.004 -0.003 -0.002 -0.001 -0.000 0.000 0.002 0.002 0.002 0.001 0.002 0.002 0.003 0.003 0.002 -0.003 -0.000 0.000 0.007 0.014 0.008 0.006 0.029 0.092 0.009 -0.006 -0.008 -0.010
0.005 0.006 0.006 0.006 0.006 0.033 0.042 0.045 0.005 -0.003 -0.002 -0.001 -0.000 0.000 0.001 -0.000 -0.006 -0.010 -0.018 -0.032 -0.021 -0.006 -0.003 -0.001 -0.000 0.000 0.000 0.000 0.001 0.002 -0.002 -0.001 -0.001 -0.000 -0.000 0.000 0.000 0.001 0.001 -0.001 -0.001 -0.000 -0.000 0.000 -0.001 -0.003 -0.005 -0.003 -0.002 -0.002 -0.001 -0.000 0.000 0.001 0.002 0.003 -0.001 -0.002 -0.001 0.001 0.003 -0.023 -0.002 -0.000 0.000 0.002 0.018 0.016 0.013 0.080 0.001 -0.002 -0.003 -0.003 -0.003
