Project1/res/jiangbei.maxVy
ncols         319
nrows         412
xllcorner     657492.000000
yllcorner     3548062.000000
cellsize      10.000000
NODATA_value  -9999.000000
[rows 136 to 169 of 412, columns 0 to 76 of 319]
0.000 0.000 0.000 0.000 0.000 0.000 0.000 0.000 0.000 0.000 0.000 0.000 0.000 0.000 0.000 0.000 0.000 0.000 0.000 0.080 0.105 0.101 0.106 0.103 0.197 0.156 0.099 0.085 0.073 0.016 0.038 0.075 0.085 0.058 0.238 0.156 0.118 0.105 0.088 0.082 0.065 0.107 0.076 0.051 0.017 0.058 0.039 0.014 0.064 0.094 0.277 0.207 0.148 0.102 0.090 0.081 0.080 0.098 0.115 0.077 0.082 0.090 0.096 0.120 0.187 0.057 0.086 0.089 0.102 0.123 0.130 0.131 0.132 0.125 0.145 0.157 0.159
0.000 0.000 0.000 0.000 0.000 0.000 0.000 0.000 0.000 0.000 0.000 0.000 0.000 0.000 0.000 0.000 0.000 0.000 0.000 0.000 0.076 0.095 0.119 0.120 0.097 0.158 0.090 0.124 0.041 0.052 0.053 0.050 0.104 0.152 0.169 0.161 0.104 0.078 0.076 0.073 0.067 0.116 0.090 0.045 0.045 0.081 0.044 0.020 0.025 0.037 0.325 0.335 0.225 0.163 0.156 0.183 0.247 0.151 0.108 0.083 0.181 0.165 0.060 0.301 0.091 0.109 0.089 0.060 0.069 0.106 0.112 0.109 0.113 0.113 0.134 0.142 0.134
0.000 0.000 0.000 0.000 0.000 0.000 0.000 0.000 0.000 0.000 0.000 0.000 0.000 0.000 0.000 0.000 0.000 0.000 0.000 0.000 0.000 0.086 0.117 0.121 0.115 0.125 0.062 0.100 0.077 0.065 0.056 0.117 0.099 0.091 0.106 0.126 0.060 0.044 0.048 0.075 0.109 0.112 0.094 0.066 0.048 0.059 0.048 0.033 0.068 0.057 0.415 0.245 0.160 0.149 0.159 0.201 0.292 0.128 0.110 0.138 0.143 0.144 0.179 0.163 0.122 0.152 0.182 0.055 0.033 0.068 0.075 0.071 0.076 0.073 0.103 0.100 0.090
0.000 0.000 0.000 0.000 0.000 0.000 0.000 0.000 0.000 0.000 0.000 0.000 0.000 0.000 0.000 0.000 0.000 0.000 0.000 0.000 0.000 0.054 0.092 0.116 0.153 0.150 0.114 0.108 0.077 0.036 0.088 0.136 0.063 0.068 0.084 0.061 0.046 0.047 0.044 0.021 0.067 0.080 0.082 0.078 0.066 0.027 0.044 0.040 0.106 0.283 0.106 0.104 0.132 0.143 0.156 0.201 0.266 0.126 0.106 0.137 0.146 0.187 0.321 0.133 0.130 0.107 0.104 0.236 0.027 0.019 0.044 0.052 0.057 0.049 0.082 0.073 0.051
0.000 0.000 0.000 0.000 0.000 0.000 0.000 0.000 0.000 0.000 0.000 0.000 0.000 0.000 0.000 0.000 0.000 0.000 0.000 0.000 0.000 0.000 0.083 0.106 0.125 0.135 0.119 0.070 0.101 0.123 0.153 0.175 0.038 0.024 0.041 0.074 0.036 0.067 0.057 0.035 0.016 0.022 0.029 0.040 0.081 0.043 0.058 0.135 0.187 0.111 0.099 0.100 0.123 0.130 0.144 0.192 0.237 0.120 0.102 0.124 0.129 0.190 0.335 0.157 0.133 0.100 0.120 0.213 0.213 0.122 0.048 0.048 0.052 0.043 0.058 0.058 0.025
0.000 0.000 0.000 0.000 0.000 0.000 0.000 0.000 0.000 0.000 0.000 0.000 0.000 0.000 0.000 0.000 0.000 0.000 0.000 0.000 0.000 0.000 0.080 0.100 0.110 0.117 0.135 0.142 0.161 0.115 0.108 0.245 0.053 0.071 0.051 0.056 0.082 0.031 0.117 0.053 0.039 0.045 0.049 0.033 0.070 0.069 0.056 0.078 0.058 0.063 0.061 0.087 0.099 0.106 0.127 0.165 0.196 0.106 0.088 0.097 0.110 0.205 0.303 0.135 0.105 0.077 0.113 0.174 0.213 0.157 0.062 0.040 0.034 0.020 0.014 0.021 0.034
0.000 0.000 0.000 0.000 0.000 0.000 0.000 0.000 0.000 0.000 0.000 0.000 0.000 0.000 0.000 0.000 0.000 0.000 0.000 0.000 0.000 0.000 0.000 0.078 0.109 0.124 0.137 0.155 0.149 0.146 0.075 0.069 0.075 0.069 0.049 0.055 0.091 0.102 0.140 0.110 0.002 0.040 0.045 0.036 0.029 0.090 0.078 0.083 0.040 0.018 0.015 0.056 0.104 0.084 0.118 0.140 0.161 0.091 0.071 0.064 0.079 0.217 0.219 0.107 0.071 0.045 0.099 0.128 0.137 0.134 0.079 0.045 0.032 0.009 0.014 0.030 0.082
0.000 0.000 0.000 0.000 0.000 0.000 0.000 0.000 0.000 0.000 0.000 0.000 0.000 0.000 0.000 0.000 0.000 0.000 0.000 0.000 0.000 0.000 0.000 0.000 0.095 0.121 0.129 0.144 0.154 0.126 0.080 0.045 0.082 0.072 0.062 0.022 0.061 0.091 0.095 0.100 0.011 0.064 0.117 0.116 0.091 0.087 0.102 0.130 0.092 0.049 0.040 0.052 0.078 0.079 0.112 0.123 0.116 0.100 0.083 0.073 0.071 0.187 0.101 0.070 0.039 0.025 0.110 0.107 0.120 0.091 0.071 0.040 0.025 0.029 0.043 0.058 0.091
0.000 0.000 0.000 0.000 0.000 0.000 0.000 0.000 0.000 0.000 0.000 0.000 0.000 0.000 0.000 0.000 0.000 0.000 0.000 0.000 0.000 0.000 0.000 0.000 0.068 0.094 0.098 0.118 0.139 0.145 0.117 0.073 0.062 0.083 0.089 0.042 0.027 0.042 0.075 0.089 0.104 0.076 0.127 0.123 0.133 0.155 0.161 0.150 0.171 0.159 0.091 0.127 0.071 0.071 0.095 0.099 0.091 0.092 0.086 0.079 0.076 0.085 0.036 0.047 0.012 0.051 0.081 0.054 0.079 0.055 0.036 0.024 0.049 0.073 0.067 0.111 0.140
0.000 0.000 0.000 0.000 0.000 0.000 0.000 0.000 0.000 0.000 0.000 0.000 0.000 0.000 0.000 0.000 0.000 0.000 0.000 0.000 0.000 0.000 0.000 0.000 0.000 0.029 0.041 0.095 0.129 0.128 0.118 0.105 0.076 0.089 0.133 0.060 0.078 0.057 0.041 0.092 0.103 0.092 0.126 0.090 0.138 0.182 0.171 0.148 0.143 0.189 0.172 0.157 0.038 0.061 0.076 0.079 0.073 0.080 0.085 0.097 0.112 0.088 0.054 0.034 0.058 0.062 0.057 0.007 0.010 0.019 0.045 0.077 0.098 0.120 0.048 0.063 0.124
0.000 0.000 0.000 0.000 0.000 0.000 0.000 0.000 0.000 0.000 0.000 0.000 0.000 0.000 0.000 0.000 0.000 0.000 0.000 0.000 0.000 0.000 0.000 0.000 0.000 0.038 0.019 0.073 0.080 0.068 0.078 0.088 0.066 0.066 0.096 0.052 0.067 0.076 0.046 0.043 0.080 0.087 0.102 0.090 0.114 0.153 0.135 0.117 0.119 0.128 0.128 0.172 0.019 0.037 0.054 0.058 0.051 0.066 0.077 0.091 0.100 0.084 0.091 0.037 0.010 0.081 0.056 0.012 0.065 0.064 0.086 0.095 0.116 0.153 0.033 0.071 0.181
0.000 0.000 0.000 0.000 0.000 0.000 0.000 0.000 0.000 0.000 0.000 0.000 0.000 0.000 0.000 0.000 0.000 0.000 0.000 0.000 0.000 0.000 0.000 0.000 0.000 0.000 0.041 0.023 0.041 0.044 0.015 0.044 0.048 0.040 0.060 0.060 0.042 0.066 0.064 0.043 0.040 0.066 0.088 0.079 0.074 0.088 0.069 0.054 0.068 0.088 0.097 0.144 0.024 0.033 0.027 0.030 0.034 0.025 0.035 0.021 0.017 0.010 0.056 0.032 0.041 0.038 0.010 0.069 0.084 0.070 0.129 0.130 0.136 0.184 0.054 0.045 0.212
0.000 0.000 0.000 0.000 0.000 0.000 0.000 0.000 0.000 0.000 0.000 0.000 0.000 0.000 0.000 0.000 0.000 0.000 0.000 0.000 0.000 0.000 0.000 0.000 0.000 0.000 0.057 0.029 0.068 0.083 0.098 0.082 0.024 0.058 0.091 0.076 0.062 0.041 0.095 0.055 0.021 0.051 0.092 0.084 0.077 0.057 0.010 0.019 0.044 0.092 0.095 0.073 0.047 0.070 0.075 0.088 0.122 0.079 0.051 0.051 0.063 0.071 0.045 0.039 0.026 0.012 0.086 0.076 0.050 0.037 0.170 0.178 0.166 0.199 0.061 0.021 0.170
0.000 0.000 0.000 0.000 0.000 0.000 0.000 0.000 0.000 0.000 0.000 0.000 0.000 0.000 0.000 0.000 0.000 0.000 0.000 0.000 0.000 0.000 0.000 0.000 0.000 0.000 0.076 0.075 0.071 0.109 0.144 0.163 0.078 0.064 0.075 0.099 0.062 0.021 0.079 0.047 0.052 0.033 0.077 0.069 0.078 0.069 0.036 0.070 0.079 0.077 0.077 0.032 0.086 0.081 0.067 0.096 0.138 0.100 0.067 0.072 0.057 0.062 0.062 0.068 0.069 0.058 0.034 0.060 0.028 0.055 0.127 0.145 0.064 0.146 0.147 0.090 0.129
0.000 0.000 0.000 0.000 0.000 0.000 0.000 0.000 0.000 0.000 0.000 0.000 0.000 0.000 0.000 0.000 0.000 0.000 0.000 0.000 0.000 0.000 0.000 0.000 0.000 0.000 0.073 0.064 0.022 0.133 0.159 0.107 0.030 0.051 0.069 0.067 0.058 0.029 0.050 0.083 0.041 0.050 0.023 0.052 0.075 0.084 0.095 0.126 0.078 0.076 0.068 0.019 0.140 0.082 0.043 0.057 0.102 0.085 0.037 0.058 0.059 0.069 0.111 0.145 0.155 0.156 0.076 0.063 0.082 0.101 0.092 0.240 0.157 0.125 0.095 0.095 0.155
0.000 0.000 0.000 0.000 0.000 0.000 0.000 0.000 0.000 0.000 0.000 0.000 0.000 0.000 0.000 0.000 0.000 0.000 0.000 0.000 0.000 0.000 0.000 0.000 0.000 0.000 0.000 0.028 0.063 0.115 0.077 0.066 0.078 0.041 0.044 0.079 0.074 0.100 0.037 0.035 0.034 0.069 0.067 0.033 0.040 0.078 0.106 0.123 0.091 0.076 0.052 0.050 0.096 0.064 0.044 0.125 0.098 0.059 0.076 0.064 0.030 0.109 0.163 0.177 0.187 0.201 0.121 0.096 0.099 0.211 0.138 0.181 0.137 0.053 0.049 0.073 0.086
0.000 0.000 0.000 0.000 0.000 0.000 0.000 0.000 0.000 0.000 0.000 0.000 0.000 0.000 0.000 0.000 0.000 0.000 0.000 0.000 0.000 0.000 0.000 0.000 0.000 0.000 0.000 0.051 0.054 0.084 0.094 0.104 0.023 0.049 0.040 0.057 0.091 0.116 0.016 0.028 0.015 0.027 0.074 0.077 0.049 0.038 0.080 0.092 0.078 0.034 0.047 0.017 0.024 0.048 0.052 0.063 0.056 0.075 0.073 0.062 0.062 0.039 0.064 0.110 0.118 0.079 0.064 0.085 0.108 0.149 0.115 0.120 0.099 0.068 0.024 0.054 0.076
0.000 0.000 0.000 0.000 0.000 0.000 0.000 0.000 0.000 0.000 0.000 0.000 0.000 0.000 0.000 0.000 0.000 0.000 0.000 0.000 0.000 0.000 0.000 0.000 0.000 0.000 0.000 0.065 0.061 0.072 0.200 0.047 0.057 0.066 0.045 0.035 0.077 0.094 0.051 0.051 0.041 0.029 0.041 0.081 0.090 0.062 0.038 0.046 0.030 0.040 0.067 0.067 0.123 0.085 0.056 0.033 0.037 0.052 0.060 0.048 0.055 0.053 0.081 0.085 0.196 0.165 0.114 0.160 0.168 0.132 0.067 0.066 0.064 0.041 0.035 0.062 0.064
0.000 0.000 0.000 0.000 0.000 0.000 0.000 0.000 0.000 0.000 0.000 0.000 0.000 0.000 0.000 0.000 0.000 0.000 0.000 0.000 0.000 0.000 0.000 0.000 0.000 0.000 0.000 0.081 0.089 0.054 0.136 0.078 0.091 0.087 0.070 0.057 0.070 0.099 0.099 0.025 0.035 0.044 0.067 0.070 0.105 0.108 0.083 0.071 0.082 0.086 0.010 0.069 0.131 0.069 0.043 0.057 0.082 0.059 0.034 0.034 0.016 0.035 0.029 0.028 0.218 0.328 0.160 0.132 0.114 0.071 0.031 0.036 0.036 0.051 0.033 0.046 0.053
0.000 0.000 0.000 0.000 0.000 0.000 0.000 0.000 0.000 0.000 0.000 0.000 0.000 0.000 0.000 0.000 0.000 0.000 0.000 0.000 0.000 0.000 0.000 0.000 0.000 0.000 0.000 0.000 0.106 0.029 0.110 0.122 0.132 0.133 0.124 0.096 0.079 0.084 0.090 0.079 0.058 0.091 0.072 0.051 0.078 0.154 0.104 0.090 0.101 0.090 0.053 0.030 0.058 0.040 0.034 0.072 0.186 0.129 0.091 0.074 0.055 0.018 0.048 0.097 0.213 0.170 0.107 0.063 0.060 0.051 0.029 0.044 0.050 0.080 0.077 0.048 0.011
0.000 0.000 0.000 0.000 0.000 0.000 0.000 0.000 0.000 0.000 0.000 0.000 0.000 0.000 0.000 0.000 0.000 0.000 0.000 0.000 0.000 0.000 0.000 0.000 0.000 0.000 0.000 0.000 0.093 0.042 0.098 0.123 0.130 0.129 0.129 0.095 0.092 0.063 0.072 0.088 0.062 0.056 0.062 0.046 0.083 0.177 0.118 0.023 0.030 0.056 0.012 0.035 0.014 0.055 0.057 0.093 0.185 0.138 0.121 0.099 0.076 0.045 0.035 0.160 0.162 0.110 0.062 0.009 0.024 0.033 0.037 0.024 0.044 0.049 0.034 0.087 0.057
0.000 0.000 0.000 0.000 0.000 0.000 0.000 0.000 0.000 0.000 0.000 0.000 0.000 0.000 0.000 0.000 0.000 0.000 0.000 0.000 0.000 0.000 0.000 0.000 0.000 0.000 0.000 0.000 0.055 0.027 0.055 0.109 0.123 0.121 0.122 0.088 0.078 0.066 0.087 0.106 0.101 0.078 0.063 0.044 0.052 0.098 0.069 0.056 0.045 0.088 0.040 0.009 0.013 0.119 0.107 0.118 0.160 0.142 0.115 0.116 0.098 0.064 0.044 0.101 0.085 0.073 0.045 0.034 0.048 0.037 0.035 0.031 0.016 0.050 0.040 0.106 0.089
0.000 0.000 0.000 0.000 0.000 0.000 0.000 0.000 0.000 0.000 0.000 0.000 0.000 0.000 0.000 0.000 0.000 0.000 0.000 0.000 0.000 0.000 0.000 0.000 0.000 0.000 0.000 0.000 0.110 0.145 0.147 0.106 0.107 0.099 0.104 0.074 0.072 0.086 0.078 0.076 0.091 0.089 0.084 0.056 0.047 0.050 0.052 0.020 0.004 0.134 0.083 0.055 0.056 0.108 0.131 0.118 0.093 0.104 0.062 0.078 0.056 0.037 0.056 0.098 0.092 0.074 0.043 0.025 0.078 0.063 0.061 0.066 0.048 0.014 0.050 0.094 0.075
0.000 0.000 0.000 0.000 0.000 0.000 0.000 0.000 0.000 0.000 0.000 0.000 0.000 0.000 0.000 0.000 0.000 0.000 0.000 0.000 0.000 0.000 0.000 0.000 0.000 0.000 0.000 0.000 0.221 0.156 0.180 0.183 0.107 0.069 0.046 0.033 0.041 0.027 0.034 0.027 0.021 0.042 0.041 0.034 0.040 0.035 0.036 0.037 0.040 0.079 0.144 0.060 0.090 0.130 0.130 0.077 0.079 0.059 0.059 0.095 0.096 0.081 0.153 0.100 0.083 0.071 0.039 0.011 0.082 0.068 0.072 0.079 0.063 0.052 0.031 0.064 0.065
0.000 0.000 0.000 0.000 0.000 0.000 0.000 0.000 0.000 0.000 0.000 0.000 0.000 0.000 0.000 0.000 0.000 0.000 0.000 0.000 0.000 0.000 0.000 0.000 0.000 0.000 0.000 0.000 0.136 0.104 0.097 0.084 0.037 0.056 0.063 0.065 0.071 0.074 0.079 0.092 0.083 0.050 0.023 0.061 0.074 0.059 0.057 0.034 0.050 0.055 0.046 0.060 0.071 0.123 0.063 0.114 0.075 0.099 0.087 0.093 0.088 0.083 0.137 0.079 0.051 0.036 0.032 0.060 0.116 0.112 0.109 0.101 0.060 0.066 0.030 0.059 0.089
0.000 0.000 0.000 0.000 0.000 0.000 0.000 0.000 0.000 0.000 0.000 0.000 0.000 0.000 0.000 0.000 0.000 0.000 0.000 0.000 0.000 0.000 0.000 0.000 0.000 0.000 0.000 0.000 0.000 0.061 0.062 0.040 0.034 0.103 0.121 0.111 0.115 0.125 0.136 0.141 0.146 0.098 0.028 0.058 0.078 0.064 0.024 0.042 0.009 0.080 0.115 0.106 0.160 0.185 0.145 0.127 0.156 0.137 0.062 0.080 0.070 0.080 0.105 0.050 0.018 0.055 0.083 0.106 0.138 0.133 0.141 0.089 0.054 0.080 0.015 0.040 0.076
0.000 0.000 0.000 0.000 0.000 0.000 0.000 0.000 0.000 0.000 0.000 0.000 0.000 0.000 0.000 0.000 0.000 0.000 0.000 0.000 0.000 0.000 0.000 0.000 0.000 0.000 0.000 0.000 0.000 0.114 0.152 0.130 0.102 0.118 0.179 0.172 0.174 0.167 0.160 0.141 0.185 0.125 0.071 0.049 0.046 0.062 0.061 0.139 0.049 0.071 0.126 0.109 0.117 0.090 0.120 0.137 0.125 0.153 0.071 0.025 0.044 0.059 0.066 0.024 0.053 0.076 0.086 0.105 0.140 0.130 0.115 0.082 0.058 0.069 0.009 0.017 0.052
0.000 0.000 0.000 0.000 0.000 0.000 0.000 0.000 0.000 0.000 0.000 0.000 0.000 0.000 0.000 0.000 0.000 0.000 0.000 0.000 0.000 0.000 0.000 0.000 0.000 0.000 0.000 0.000 0.000 0.145 0.241 0.192 0.139 0.135 0.163 0.147 0.123 0.096 0.114 0.084 0.124 0.284 0.111 0.094 0.033 0.042 0.075 0.084 0.061 0.052 0.050 0.064 0.028 0.033 0.039 0.080 0.087 0.191 0.078 0.088 0.061 0.034 0.076 0.092 0.097 0.095 0.082 0.058 0.061 0.083 0.085 0.083 0.089 0.102 0.042 0.027 0.046
0.000 0.000 0.000 0.000 0.000 0.000 0.000 0.000 0.000 0.000 0.000 0.000 0.000 0.000 0.000 0.000 0.000 0.000 0.000 0.000 0.000 0.000 0.000 0.000 0.000 0.000 0.000 0.000 0.000 0.149 0.185 0.185 0.124 0.118 0.088 0.032 0.062 0.070 0.097 0.055 0.034 0.181 0.275 0.112 0.082 0.033 0.010 0.050 0.070 0.072 0.054 0.041 0.046 0.043 0.038 0.081 0.101 0.114 0.143 0.081 0.104 0.080 0.029 0.063 0.083 0.072 0.062 0.079 0.034 0.039 0.036 0.065 0.090 0.109 0.092 0.075 0.033
0.000 0.000 0.000 0.000 0.000 0.000 0.000 0.000 0.000 0.000 0.000 0.000 0.000 0.000 0.000 0.000 0.000 0.000 0.000 0.000 0.000 0.000 0.000 0.000 0.000 0.000 0.000 0.000 0.000 0.097 0.071 0.115 0.038 0.051 0.037 0.044 0.056 0.069 0.066 0.038 0.044 0.236 0.381 0.140 0.109 0.074 0.060 0.052 0.011 0.051 0.047 0.010 0.046 0.027 0.038 0.071 0.077 0.096 0.102 0.154 0.117 0.134 0.099 0.045 0.008 0.041 0.038 0.045 0.050 0.032 0.044 0.022 0.038 0.055 0.068 0.047 0.048
0.000 0.000 0.000 0.000 0.000 0.000 0.000 0.000 0.000 0.000 0.000 0.000 0.000 0.000 0.000 0.000 0.000 0.000 0.000 0.000 0.000 0.000 0.000 0.000 0.000 0.000 0.000 0.000 0.000 0.097 0.081 0.054 0.036 0.042 0.052 0.055 0.071 0.077 0.066 0.040 0.044 0.122 0.343 0.287 0.110 0.094 0.073 0.096 0.059 0.042 0.022 0.055 0.079 0.077 0.040 0.015 0.030 0.050 0.066 0.070 0.040 0.058 0.122 0.099 0.088 0.087 0.049 0.095 0.093 0.085 0.039 0.036 0.084 0.055 0.080 0.103 0.072
0.000 0.000 0.000 0.000 0.000 0.000 0.000 0.000 0.000 0.000 0.000 0.000 0.000 0.000 0.000 0.000 0.000 0.000 0.000 0.000 0.000 0.000 0.000 0.000 0.000 0.000 0.000 0.000 0.000 0.096 0.124 0.049 0.065 0.047 0.041 0.061 0.062 0.054 0.034 0.012 0.060 0.079 0.182 0.367 0.123 0.114 0.105 0.106 0.086 0.073 0.038 0.037 0.010 0.089 0.063 0.065 0.053 0.039 0.034 0.076 0.121 0.093 0.040 0.099 0.074 0.037 0.069 0.083 0.086 0.069 0.070 0.032 0.078 0.116 0.134 0.105 0.074
0.000 0.000 0.000 0.000 0.000 0.000 0.000 0.000 0.000 0.000 0.000 0.000 0.000 0.000 0.000 0.000 0.000 0.000 0.000 0.000 0.000 0.000 0.000 0.000 0.000 0.000 0.000 0.000 0.000 0.097 0.128 0.066 0.064 0.042 0.025 0.046 0.038 0.014 0.036 0.025 0.056 0.081 0.082 0.316 0.134 0.135 0.130 0.112 0.096 0.099 0.058 0.039 0.073 0.059 0.146 0.075 0.087 0.040 0.037 0.038 0.201 0.173 0.115 0.042 0.064 0.059 0.017 0.043 0.053 0.069 0.099 0.091 0.110 0.109 0.111 0.083 0.060
0.000 0.000 0.000 0.000 0.000 0.000 0.000 0.000 0.000 0.000 0.000 0.000 0.000 0.000 0.000 0.000 0.000 0.000 0.000 0.000 0.000 0.000 0.000 0.000 0.000 0.000 0.000 0.000 0.000 0.102 0.099 0.051 0.039 0.020 0.008 0.024 0.009 0.044 0.056 0.052 0.024 0.058 0.092 0.130 0.333 0.158 0.142 0.111 0.059 0.080 0.064 0.019 0.056 0.073 0.051 0.158 0.111 0.072 0.082 0.133 0.196 0.089 0.108 0.035 0.096 0.111 0.081 0.045 0.028 0.043 0.102 0.104 0.095 0.089 0.080 0.058 0.047
