Project1/res/jiangbei.maxVy
ncols         319
nrows         412
xllcorner     657492.000000
yllcorner     3548062.000000
cellsize      10.000000
NODATA_value  -9999.000000
[rows 204 to 237 of 412, columns 77 to 153 of 319]
0.097 0.144 0.158 0.139 0.140 0.123 0.107 0.083 0.060 0.051 0.059 0.036 0.047 0.093 0.109 0.089 0.091 0.069 0.033 0.025 0.011 0.025 0.061 0.056 0.025 0.067 0.035 0.035 0.033 0.027 0.016 0.019 0.046 0.115 0.138 0.135 0.103 0.098 0.053 0.055 0.045 0.044 0.046 0.046 0.045 0.065 0.077 0.057 0.023 0.042 0.189 0.093 0.092 0.127 0.128 0.102 0.130 0.161 0.138 0.011 0.031 0.077 0.076 0.049 0.059 0.064 0.051 0.043 0.048 0.046 0.043 0.119 0.060 0.064 0.060 0.051 0.035
0.058 0.114 0.076 0.068 0.107 0.146 0.126 0.031 0.061 0.037 0.068 0.077 0.042 0.061 0.085 0.066 0.045 0.053 0.035 0.020 0.027 0.023 0.027 0.021 0.027 0.159 0.141 0.097 0.045 0.047 0.042 0.045 0.052 0.078 0.122 0.115 0.045 0.159 0.134 0.016 0.016 0.014 0.049 0.049 0.112 0.149 0.146 0.094 0.076 0.159 0.102 0.093 0.072 0.119 0.100 0.103 0.153 0.164 0.102 0.025 0.046 0.110 0.103 0.114 0.070 0.053 0.056 0.041 0.052 0.054 0.059 0.079 0.066 0.068 0.064 0.050 0.035
0.038 0.077 0.079 0.052 0.065 0.133 0.032 0.078 0.099 0.064 0.024 0.059 0.014 0.050 0.057 0.041 0.037 0.035 0.033 0.044 0.038 0.015 0.043 0.034 0.014 0.228 0.189 0.119 0.113 0.111 0.073 0.077 0.076 0.077 0.086 0.044 0.118 0.103 0.123 0.051 0.031 0.046 0.089 0.134 0.144 0.132 0.077 0.132 0.161 0.136 0.111 0.111 0.097 0.117 0.092 0.126 0.149 0.146 0.137 0.036 0.055 0.115 0.113 0.124 0.125 0.093 0.040 0.037 0.045 0.032 0.044 0.046 0.057 0.058 0.052 0.040 0.013
0.046 0.068 0.063 0.048 0.041 0.046 0.042 0.050 0.045 0.083 0.063 0.073 0.034 0.038 0.033 0.045 0.085 0.026 0.018 0.088 0.045 0.039 0.014 0.047 0.051 0.237 0.082 0.082 0.047 0.203 0.155 0.107 0.084 0.058 0.087 0.141 0.117 0.028 0.128 0.193 0.104 0.137 0.152 0.142 0.120 0.095 0.024 0.086 0.152 0.106 0.109 0.145 0.108 0.129 0.084 0.133 0.134 0.099 0.107 0.053 0.053 0.094 0.106 0.113 0.124 0.128 0.093 0.026 0.051 0.055 0.070 0.069 0.053 0.043 0.038 0.019 0.019
0.033 0.071 0.047 0.045 0.048 0.071 0.050 0.024 0.020 0.051 0.056 0.050 0.051 0.075 0.079 0.011 0.101 0.115 0.065 0.070 0.076 0.057 0.017 0.029 0.119 0.194 0.069 0.074 0.055 0.057 0.073 0.110 0.146 0.130 0.105 0.086 0.066 0.047 0.239 0.127 0.148 0.154 0.145 0.114 0.066 0.069 0.031 0.137 0.072 0.047 0.086 0.177 0.111 0.121 0.053 0.145 0.089 0.064 0.072 0.088 0.084 0.102 0.097 0.105 0.121 0.137 0.135 0.100 0.074 0.089 0.105 0.073 0.049 0.026 0.019 0.013 0.028
0.032 0.035 0.044 0.047 0.086 0.100 0.076 0.016 0.018 0.011 0.002 0.041 0.065 0.076 0.065 0.068 0.093 0.042 0.053 0.070 0.087 0.079 0.041 0.080 0.128 0.141 0.031 0.052 0.053 0.087 0.274 0.211 0.111 0.097 0.098 0.080 0.070 0.161 0.247 0.133 0.133 0.129 0.114 0.069 0.013 0.099 0.140 0.096 0.050 0.033 0.094 0.164 0.078 0.081 0.041 0.127 0.214 0.077 0.085 0.087 0.095 0.119 0.092 0.094 0.109 0.131 0.144 0.102 0.077 0.072 0.072 0.046 0.021 0.009 0.011 0.024 0.033
0.040 0.050 0.056 0.031 0.049 0.058 0.047 0.031 0.031 0.046 0.059 0.071 0.081 0.063 0.051 0.086 0.117 0.050 0.036 0.017 0.046 0.066 0.064 0.098 0.119 0.100 0.033 0.017 0.060 0.090 0.272 0.185 0.080 0.082 0.082 0.065 0.130 0.265 0.130 0.120 0.110 0.099 0.074 0.018 0.083 0.096 0.067 0.071 0.030 0.043 0.067 0.068 0.041 0.014 0.040 0.133 0.095 0.061 0.065 0.068 0.074 0.109 0.081 0.073 0.083 0.129 0.130 0.093 0.075 0.057 0.040 0.023 0.040 0.054 0.054 0.050 0.049
0.044 0.068 0.040 0.047 0.033 0.038 0.055 0.063 0.052 0.087 0.097 0.119 0.104 0.036 0.047 0.058 0.071 0.073 0.078 0.053 0.043 0.036 0.055 0.061 0.092 0.064 0.040 0.040 0.013 0.056 0.243 0.167 0.056 0.074 0.058 0.042 0.149 0.222 0.132 0.112 0.094 0.060 0.026 0.114 0.069 0.074 0.058 0.070 0.027 0.159 0.081 0.050 0.054 0.079 0.073 0.114 0.063 0.046 0.032 0.040 0.061 0.076 0.061 0.059 0.080 0.123 0.105 0.090 0.073 0.046 0.023 0.046 0.079 0.089 0.086 0.070 0.066
0.051 0.062 0.097 0.105 0.104 0.063 0.049 0.059 0.050 0.073 0.060 0.068 0.068 0.041 0.027 0.078 0.059 0.040 0.063 0.069 0.049 0.009 0.028 0.044 0.043 0.038 0.017 0.045 0.046 0.031 0.301 0.088 0.067 0.062 0.030 0.030 0.215 0.141 0.128 0.111 0.076 0.010 0.071 0.122 0.058 0.056 0.032 0.088 0.153 0.090 0.059 0.034 0.079 0.047 0.044 0.073 0.030 0.041 0.040 0.036 0.042 0.048 0.045 0.043 0.075 0.104 0.095 0.076 0.056 0.042 0.024 0.033 0.084 0.124 0.122 0.075 0.069
0.080 0.104 0.109 0.083 0.059 0.061 0.035 0.021 0.036 0.046 0.055 0.055 0.063 0.043 0.045 0.071 0.096 0.135 0.114 0.118 0.147 0.019 0.044 0.059 0.090 0.059 0.095 0.055 0.050 0.051 0.240 0.051 0.049 0.045 0.019 0.119 0.221 0.161 0.124 0.095 0.040 0.019 0.105 0.068 0.042 0.031 0.044 0.084 0.078 0.041 0.050 0.074 0.028 0.034 0.035 0.054 0.053 0.063 0.040 0.026 0.026 0.019 0.016 0.028 0.061 0.077 0.069 0.055 0.050 0.040 0.022 0.045 0.048 0.113 0.169 0.089 0.063
0.090 0.070 0.076 0.037 0.029 0.072 0.056 0.020 0.037 0.062 0.074 0.078 0.087 0.065 0.043 0.052 0.060 0.095 0.078 0.056 0.090 0.106 0.074 0.078 0.071 0.075 0.105 0.060 0.056 0.021 0.149 0.046 0.029 0.065 0.115 0.139 0.240 0.170 0.094 0.065 0.017 0.039 0.047 0.030 0.025 0.018 0.017 0.035 0.020 0.033 0.067 0.030 0.085 0.069 0.059 0.084 0.064 0.089 0.061 0.038 0.035 0.027 0.024 0.005 0.038 0.049 0.048 0.045 0.039 0.031 0.024 0.037 0.057 0.037 0.200 0.095 0.073
0.061 0.051 0.028 0.053 0.071 0.108 0.039 0.036 0.050 0.044 0.053 0.063 0.057 0.134 0.094 0.014 0.022 0.016 0.012 0.014 0.077 0.109 0.081 0.063 0.052 0.047 0.082 0.047 0.016 0.039 0.054 0.046 0.046 0.054 0.111 0.122 0.189 0.196 0.082 0.022 0.027 0.046 0.016 0.036 0.051 0.031 0.067 0.025 0.050 0.055 0.061 0.081 0.052 0.039 0.046 0.026 0.040 0.058 0.074 0.071 0.073 0.045 0.012 0.016 0.028 0.034 0.034 0.032 0.028 0.026 0.025 0.027 0.053 0.065 0.036 0.168 0.061
0.128 0.013 0.053 0.035 0.126 0.021 0.024 0.063 0.048 0.053 0.074 0.066 0.054 0.065 0.125 0.060 0.060 0.080 0.054 0.013 0.070 0.069 0.065 0.039 0.018 0.020 0.030 0.009 0.005 0.046 0.022 0.025 0.076 0.006 0.053 0.070 0.107 0.185 0.095 0.053 0.047 0.036 0.032 0.056 0.062 0.046 0.037 0.064 0.106 0.073 0.043 0.068 0.053 0.037 0.079 0.063 0.073 0.088 0.039 0.082 0.049 0.035 0.031 0.050 0.048 0.054 0.060 0.051 0.048 0.047 0.039 0.026 0.041 0.059 0.068 0.065 0.053
0.224 0.051 0.055 0.018 0.042 0.051 0.032 0.077 0.031 0.054 0.056 0.045 0.024 0.031 0.047 0.023 0.024 0.047 0.054 0.044 0.080 0.045 0.045 0.027 0.034 0.079 0.056 0.054 0.020 0.071 0.073 0.115 0.099 0.055 0.051 0.017 0.046 0.107 0.053 0.036 0.028 0.011 0.049 0.072 0.074 0.036 0.045 0.089 0.146 0.076 0.022 0.020 0.032 0.078 0.077 0.094 0.131 0.119 0.081 0.073 0.070 0.049 0.040 0.050 0.059 0.072 0.078 0.073 0.059 0.052 0.044 0.035 0.022 0.029 0.045 0.043 0.044
0.062 0.067 0.031 0.060 0.081 0.040 0.066 0.083 0.045 0.034 0.029 0.034 0.039 0.029 0.032 0.056 0.053 0.050 0.032 0.028 0.062 0.058 0.053 0.039 0.039 0.088 0.116 0.072 0.049 0.037 0.072 0.071 0.111 0.022 0.032 0.048 0.027 0.039 0.001 0.032 0.046 0.062 0.078 0.088 0.015 0.018 0.064 0.096 0.106 0.080 0.056 0.047 0.015 0.088 0.072 0.096 0.137 0.128 0.097 0.088 0.078 0.055 0.053 0.057 0.059 0.059 0.058 0.061 0.036 0.022 0.012 0.025 0.039 0.040 0.037 0.031 0.054
0.102 0.043 0.052 0.104 0.102 0.059 0.039 0.036 0.078 0.074 0.063 0.050 0.064 0.031 0.018 0.049 0.041 0.021 0.039 0.041 0.046 0.094 0.077 0.074 0.030 0.074 0.143 0.100 0.061 0.017 0.055 0.056 0.055 0.020 0.056 0.026 0.023 0.027 0.039 0.068 0.069 0.078 0.066 0.041 0.052 0.027 0.033 0.045 0.041 0.063 0.062 0.056 0.049 0.064 0.091 0.118 0.107 0.132 0.103 0.086 0.070 0.056 0.056 0.057 0.051 0.049 0.044 0.033 0.003 0.027 0.040 0.058 0.062 0.075 0.079 0.056 0.116
0.160 0.057 0.047 0.145 0.068 0.040 0.030 0.016 0.034 0.042 0.065 0.060 0.033 0.016 0.022 0.031 0.042 0.062 0.072 0.083 0.068 0.073 0.064 0.077 0.044 0.055 0.102 0.098 0.040 0.055 0.042 0.019 0.048 0.066 0.052 0.013 0.033 0.042 0.069 0.074 0.081 0.120 0.020 0.025 0.042 0.050 0.043 0.076 0.052 0.069 0.073 0.069 0.035 0.050 0.067 0.095 0.063 0.100 0.100 0.080 0.062 0.052 0.050 0.044 0.040 0.028 0.019 0.013 0.026 0.043 0.053 0.061 0.086 0.106 0.097 0.143 0.129
0.059 0.034 0.057 0.157 0.056 0.021 0.024 0.047 0.069 0.067 0.057 0.029 0.036 0.037 0.049 0.061 0.062 0.072 0.093 0.054 0.028 0.022 0.044 0.058 0.003 0.058 0.041 0.064 0.055 0.037 0.039 0.045 0.026 0.032 0.018 0.046 0.050 0.064 0.077 0.098 0.126 0.129 0.066 0.066 0.103 0.108 0.063 0.030 0.049 0.182 0.087 0.067 0.043 0.017 0.013 0.015 0.007 0.071 0.081 0.067 0.052 0.049 0.043 0.030 0.001 0.028 0.034 0.035 0.036 0.007 0.012 0.099 0.131 0.118 0.148 0.136 0.070
0.087 0.049 0.060 0.133 0.066 0.032 0.060 0.074 0.067 0.066 0.051 0.027 0.040 0.045 0.058 0.064 0.072 0.085 0.073 0.021 0.005 0.013 0.023 0.037 0.062 0.061 0.032 0.122 0.057 0.079 0.069 0.070 0.066 0.055 0.071 0.069 0.031 0.052 0.090 0.112 0.157 0.135 0.084 0.075 0.116 0.156 0.097 0.053 0.044 0.106 0.090 0.082 0.080 0.061 0.058 0.078 0.064 0.072 0.072 0.062 0.033 0.028 0.011 0.024 0.035 0.045 0.051 0.056 0.055 0.041 0.036 0.111 0.126 0.139 0.166 0.057 0.092
0.062 0.034 0.049 0.130 0.099 0.064 0.069 0.084 0.053 0.046 0.025 0.030 0.065 0.064 0.065 0.082 0.095 0.089 0.032 0.019 0.055 0.042 0.008 0.017 0.043 0.056 0.039 0.123 0.091 0.056 0.079 0.107 0.067 0.105 0.107 0.091 0.016 0.024 0.086 0.119 0.166 0.127 0.079 0.082 0.093 0.163 0.125 0.087 0.031 0.048 0.155 0.115 0.096 0.092 0.115 0.095 0.033 0.044 0.037 0.024 0.031 0.042 0.041 0.044 0.050 0.053 0.071 0.106 0.116 0.094 0.092 0.109 0.104 0.257 0.073 0.081 0.090
0.026 0.045 0.082 0.195 0.181 0.050 0.030 0.038 0.011 0.010 0.015 0.050 0.083 0.082 0.078 0.093 0.084 0.070 0.046 0.067 0.086 0.062 0.032 0.039 0.037 0.043 0.022 0.147 0.140 0.088 0.105 0.139 0.114 0.105 0.109 0.096 0.050 0.020 0.044 0.113 0.142 0.138 0.076 0.081 0.071 0.058 0.130 0.100 0.085 0.112 0.166 0.175 0.162 0.114 0.118 0.087 0.036 0.034 0.039 0.050 0.060 0.062 0.053 0.053 0.055 0.055 0.088 0.134 0.154 0.130 0.112 0.082 0.239 0.129 0.057 0.073 0.082
0.026 0.060 0.110 0.192 0.216 0.027 0.027 0.036 0.048 0.045 0.032 0.041 0.084 0.082 0.112 0.081 0.056 0.029 0.029 0.003 0.065 0.088 0.072 0.070 0.067 0.070 0.057 0.196 0.222 0.167 0.132 0.151 0.102 0.112 0.121 0.082 0.051 0.042 0.013 0.072 0.076 0.076 0.066 0.070 0.033 0.198 0.203 0.174 0.094 0.147 0.170 0.154 0.203 0.137 0.112 0.061 0.036 0.048 0.054 0.066 0.072 0.075 0.046 0.050 0.045 0.055 0.093 0.120 0.136 0.133 0.105 0.081 0.114 0.076 0.024 0.023 0.050
0.078 0.043 0.079 0.114 0.134 0.034 0.035 0.052 0.053 0.063 0.054 0.056 0.092 0.053 0.048 0.054 0.041 0.020 0.026 0.037 0.017 0.091 0.083 0.085 0.070 0.064 0.081 0.179 0.194 0.161 0.105 0.156 0.123 0.142 0.098 0.031 0.008 0.029 0.049 0.065 0.034 0.035 0.019 0.070 0.022 0.131 0.148 0.116 0.132 0.279 0.141 0.134 0.209 0.092 0.065 0.087 0.063 0.044 0.050 0.078 0.072 0.063 0.039 0.038 0.034 0.072 0.100 0.118 0.134 0.123 0.086 0.089 0.046 0.056 0.034 0.035 0.028
0.035 0.018 0.048 0.050 0.079 0.035 0.045 0.054 0.048 0.050 0.056 0.088 0.094 0.058 0.030 0.031 0.022 0.013 0.011 0.025 0.050 0.076 0.081 0.077 0.089 0.083 0.102 0.134 0.133 0.093 0.081 0.089 0.106 0.088 0.058 0.056 0.061 0.057 0.065 0.080 0.079 0.066 0.109 0.072 0.069 0.083 0.071 0.056 0.086 0.157 0.244 0.246 0.169 0.047 0.100 0.106 0.058 0.060 0.072 0.080 0.074 0.056 0.033 0.020 0.040 0.082 0.110 0.130 0.133 0.089 0.082 0.061 0.045 0.044 0.097 0.129 0.104
0.037 0.018 0.034 0.046 0.062 0.049 0.056 0.058 0.057 0.056 0.062 0.073 0.072 0.051 0.032 0.035 0.036 0.036 0.041 0.047 0.057 0.100 0.080 0.073 0.089 0.096 0.096 0.105 0.102 0.057 0.048 0.064 0.048 0.063 0.048 0.028 0.021 0.024 0.041 0.066 0.082 0.116 0.109 0.064 0.083 0.094 0.048 0.016 0.049 0.098 0.053 0.131 0.197 0.019 0.050 0.053 0.018 0.037 0.046 0.073 0.092 0.073 0.038 0.014 0.051 0.096 0.117 0.130 0.083 0.077 0.058 0.041 0.034 0.085 0.106 0.104 0.106
0.024 0.047 0.061 0.044 0.035 0.051 0.055 0.061 0.066 0.069 0.072 0.077 0.075 0.062 0.051 0.050 0.049 0.047 0.050 0.051 0.063 0.084 0.067 0.067 0.087 0.098 0.082 0.104 0.041 0.027 0.011 0.042 0.065 0.048 0.027 0.052 0.063 0.051 0.046 0.025 0.059 0.072 0.069 0.032 0.078 0.089 0.052 0.043 0.032 0.083 0.089 0.092 0.068 0.066 0.062 0.070 0.055 0.015 0.017 0.060 0.137 0.106 0.067 0.028 0.051 0.097 0.116 0.082 0.029 0.038 0.044 0.062 0.086 0.093 0.077 0.062 0.058
0.026 0.013 0.029 0.035 0.016 0.026 0.044 0.056 0.067 0.078 0.086 0.089 0.083 0.070 0.058 0.054 0.053 0.053 0.050 0.046 0.038 0.021 0.064 0.101 0.094 0.101 0.096 0.044 0.067 0.053 0.046 0.048 0.045 0.026 0.045 0.074 0.053 0.049 0.067 0.055 0.033 0.062 0.071 0.013 0.064 0.086 0.063 0.052 0.086 0.136 0.147 0.174 0.099 0.095 0.125 0.121 0.089 0.052 0.029 0.039 0.112 0.141 0.093 0.055 0.063 0.094 0.097 0.021 0.037 0.033 0.040 0.058 0.074 0.067 0.030 0.024 0.025
0.038 0.046 0.042 0.022 0.032 0.032 0.041 0.055 0.072 0.078 0.085 0.089 0.082 0.069 0.050 0.042 0.040 0.044 0.045 0.065 0.040 0.044 0.020 0.086 0.067 0.016 0.034 0.052 0.107 0.061 0.099 0.036 0.063 0.080 0.139 0.108 0.042 0.031 0.072 0.092 0.056 0.021 0.046 0.054 0.036 0.032 0.048 0.042 0.054 0.072 0.111 0.127 0.101 0.347 0.168 0.165 0.137 0.102 0.057 0.040 0.075 0.168 0.100 0.076 0.094 0.095 0.036 0.067 0.041 0.034 0.038 0.045 0.036 0.053 0.068 0.047 0.053
0.049 0.042 0.036 0.014 0.030 0.031 0.033 0.050 0.065 0.075 0.073 0.079 0.085 0.080 0.036 0.018 0.028 0.014 0.017 0.026 0.028 0.039 0.057 0.080 0.031 0.095 0.083 0.067 0.058 0.048 0.177 0.193 0.134 0.114 0.188 0.120 0.040 0.026 0.109 0.159 0.095 0.059 0.030 0.063 0.034 0.073 0.054 0.035 0.002 0.052 0.105 0.111 0.124 0.104 0.180 0.147 0.161 0.130 0.079 0.026 0.010 0.086 0.171 0.071 0.080 0.046 0.086 0.054 0.055 0.050 0.031 0.069 0.094 0.109 0.053 0.055 0.081
0.043 0.035 0.027 0.028 0.021 0.022 0.018 0.027 0.033 0.043 0.050 0.054 0.063 0.057 0.044 0.060 0.058 0.056 0.053 0.022 0.048 0.053 0.028 0.042 0.023 0.083 0.091 0.097 0.064 0.042 0.042 0.123 0.121 0.136 0.161 0.125 0.096 0.081 0.134 0.198 0.113 0.093 0.014 0.036 0.030 0.107 0.094 0.050 0.058 0.069 0.079 0.090 0.149 0.165 0.153 0.030 0.117 0.144 0.115 0.066 0.038 0.093 0.039 0.063 0.041 0.056 0.069 0.055 0.037 0.049 0.049 0.057 0.106 0.046 0.051 0.050 0.087
0.039 0.030 0.036 0.024 0.041 0.033 0.025 0.031 0.033 0.026 0.024 0.062 0.089 0.089 0.106 0.047 0.034 0.032 0.071 0.047 0.030 0.010 0.025 0.057 0.038 0.070 0.072 0.021 0.049 0.043 0.042 0.034 0.079 0.029 0.030 0.040 0.099 0.085 0.169 0.151 0.106 0.082 0.066 0.059 0.085 0.153 0.177 0.094 0.064 0.087 0.074 0.099 0.156 0.115 0.189 0.191 0.281 0.105 0.126 0.118 0.100 0.130 0.047 0.042 0.064 0.093 0.065 0.065 0.057 0.053 0.051 0.022 0.059 0.081 0.026 0.049 0.033
0.035 0.014 0.020 0.048 0.060 0.050 0.061 0.040 0.074 0.120 0.106 0.116 0.097 0.101 0.079 0.042 0.051 0.051 0.077 0.043 0.031 0.010 0.071 0.123 0.090 0.046 0.211 0.082 0.039 0.023 0.052 0.051 0.154 0.027 0.020 0.025 0.068 0.102 0.130 0.145 0.119 0.096 0.100 0.092 0.101 0.111 0.034 0.085 0.090 0.095 0.078 0.121 0.120 0.059 0.109 0.191 0.158 0.169 0.154 0.116 0.160 0.060 0.031 0.035 0.067 0.063 0.047 0.057 0.076 0.096 0.111 0.111 0.133 0.097 0.038 0.049 0.093
0.033 0.030 0.034 0.050 0.060 0.043 0.047 0.046 0.069 0.112 0.118 0.092 0.064 0.064 0.067 0.052 0.051 0.046 0.052 0.049 0.044 0.015 0.094 0.103 0.075 0.037 0.194 0.144 0.068 0.096 0.102 0.126 0.208 0.049 0.046 0.065 0.104 0.103 0.139 0.144 0.120 0.102 0.073 0.047 0.052 0.057 0.074 0.071 0.065 0.070 0.059 0.146 0.137 0.116 0.149 0.123 0.107 0.158 0.142 0.055 0.047 0.047 0.032 0.018 0.038 0.041 0.032 0.029 0.077 0.146 0.147 0.173 0.137 0.081 0.047 0.074 0.094
0.037 0.035 0.034 0.035 0.033 0.031 0.023 0.047 0.058 0.022 0.028 0.051 0.067 0.065 0.019 0.066 0.077 0.060 0.053 0.005 0.038 0.018 0.130 0.061 0.050 0.054 0.155 0.183 0.077 0.089 0.087 0.144 0.176 0.077 0.086 0.118 0.121 0.075 0.072 0.085 0.052 0.079 0.065 0.068 0.052 0.072 0.023 0.050 0.027 0.046 0.064 0.132 0.118 0.102 0.105 0.091 0.038 0.108 0.219 0.296 0.140 0.086 0.021 0.010 0.063 0.101 0.097 0.042 0.059 0.112 0.136 0.161 0.110 0.043 0.028 0.062 0.087
