Project1/res/jiangbei.totaltm
ncols         319
nrows         411
xllcorner     657492.000000
yllcorner     3548067.000000
cellsize      10.000000
NODATA_value  -9999.000000
[rows 136 to 169 of 411, columns 154 to 230 of 319]
0.096 0.000 0.000 0.000 0.000 0.000 0.135 0.308 0.374 1.143 1.881 0.128 0.278 0.783 1.107 0.000 0.000 0.008 0.938 0.000 0.000 0.000 0.000 0.000 0.056 0.251 0.393 0.480 0.803 0.360 0.000 0.000 0.000 0.000 0.255 1.248 3.738 1.058 0.000 0.000 0.969 3.750 3.751 0.000 0.000 0.000 0.000 1.156 3.654 3.787 3.689 0.543 0.000 0.000 0.289 3.754 1.156 0.274 1.249 0.935 0.429 0.000 0.000 0.000 0.000 0.048 0.163 0.264 0.359 0.360 0.375 0.394 0.478 1.949 3.693 3.801 3.691
0.000 0.000 0.000 0.000 0.000 0.000 0.411 1.269 0.259 1.780 0.859 0.000 0.553 3.734 3.751 3.660 2.796 2.390 1.956 0.000 0.000 0.000 0.000 0.000 0.000 0.120 0.182 0.258 0.463 0.309 0.000 0.000 0.000 0.000 2.144 3.741 0.000 0.000 0.000 0.608 3.120 3.727 0.000 0.000 0.000 0.000 0.000 0.000 0.979 3.683 3.793 2.940 0.000 0.000 0.000 0.522 1.181 0.830 1.061 0.465 0.629 3.781 3.643 0.000 0.000 0.067 0.208 0.317 0.412 0.464 0.479 0.336 0.524 3.741 3.809 3.716 3.620
0.000 0.000 0.000 0.000 0.000 0.111 0.250 1.618 1.574 1.765 0.464 0.000 3.602 3.791 3.567 1.216 3.008 3.789 3.714 1.438 0.000 0.000 0.051 0.134 0.152 0.000 0.000 0.000 0.194 0.244 0.000 0.000 0.000 1.109 3.771 0.000 0.000 0.000 1.734 2.239 1.989 0.000 0.000 0.000 0.000 0.000 0.000 0.000 0.354 1.185 2.033 2.803 3.769 0.417 0.000 0.000 1.417 0.586 0.000 0.000 0.000 3.626 3.793 0.000 0.000 0.257 0.326 0.377 0.297 0.305 0.397 0.463 2.065 3.720 3.731 3.636 2.311
0.000 0.000 0.000 0.000 0.424 0.251 0.000 0.038 1.794 2.829 2.824 2.989 3.691 3.683 0.000 0.000 0.000 2.066 3.756 2.924 1.482 0.416 0.258 0.306 0.206 0.000 0.000 0.000 0.000 0.000 0.000 0.000 1.862 3.781 1.747 0.000 0.000 0.000 2.232 1.020 0.000 0.000 0.000 0.000 0.000 0.000 0.000 0.000 0.458 0.000 0.000 0.000 3.586 3.282 2.191 2.105 1.877 0.456 0.000 0.000 0.000 0.000 0.000 0.000 0.000 0.262 0.761 0.617 0.423 0.354 0.551 2.532 3.765 3.756 3.722 3.640 0.102
0.346 0.000 0.000 0.281 0.706 0.136 0.000 0.000 0.516 3.715 3.737 3.617 3.766 3.606 0.000 0.000 0.000 0.000 2.937 3.645 3.617 3.634 2.023 0.885 0.370 0.270 0.000 0.000 0.000 0.000 0.000 1.620 2.088 0.197 0.000 0.000 0.000 2.192 2.257 0.000 0.000 0.067 0.225 0.080 0.000 0.040 0.000 0.000 0.537 0.000 0.000 1.144 3.496 2.089 2.115 2.072 0.577 0.277 0.000 0.000 0.000 0.000 0.000 0.000 0.000 0.000 0.000 0.338 0.446 0.541 2.070 3.773 2.932 2.738 2.262 0.000 0.000
1.969 0.311 0.206 0.623 0.406 0.000 0.000 0.000 0.000 3.573 3.797 3.701 3.627 3.559 0.000 0.000 0.000 0.441 3.608 3.650 3.673 3.662 3.640 2.621 0.258 0.036 0.000 0.000 0.000 0.000 0.984 2.977 0.000 0.000 0.000 0.000 1.199 2.175 1.271 0.000 0.000 0.376 0.726 0.760 0.844 0.709 0.065 0.000 0.907 1.919 3.416 3.725 3.327 1.513 1.582 2.374 1.926 0.685 0.608 0.157 0.000 0.000 0.000 0.000 0.000 0.000 0.000 0.272 1.760 2.434 3.764 2.129 2.424 2.012 0.000 0.000 0.000
1.556 1.154 3.222 1.940 0.377 0.000 0.000 0.000 0.000 0.000 3.591 3.613 3.545 0.729 0.000 0.000 0.000 3.592 3.634 3.757 3.783 3.736 3.661 3.630 0.064 0.000 0.000 0.000 0.000 0.508 3.766 0.600 0.000 0.000 0.000 1.131 1.801 1.625 0.000 0.000 0.000 0.000 0.000 0.326 1.506 1.113 0.000 0.053 1.219 2.679 3.685 3.729 3.646 1.159 0.723 1.266 3.774 2.000 1.855 1.175 0.109 0.000 0.000 0.000 0.000 0.000 0.000 3.739 3.804 2.466 1.348 1.200 1.312 0.000 0.000 0.000 0.000
1.075 1.794 2.139 3.791 2.014 0.261 0.000 0.000 0.000 0.000 0.000 0.157 0.119 0.000 0.000 0.000 2.920 3.679 3.785 3.624 3.556 3.696 3.789 3.683 2.909 0.000 0.000 0.000 0.000 3.764 0.776 0.000 0.000 1.121 1.745 0.895 0.673 0.666 0.000 0.000 0.098 0.000 0.000 0.207 2.000 1.088 0.000 0.000 1.368 2.841 3.677 3.739 3.718 1.624 0.000 0.000 0.000 0.000 1.115 1.803 0.522 0.351 0.066 0.000 0.000 0.000 0.708 1.992 2.321 1.436 1.119 1.033 0.000 0.000 0.000 0.000 0.000
0.483 1.833 0.000 0.576 2.330 2.295 0.344 0.000 0.000 0.000 0.000 0.000 0.000 0.000 0.000 1.452 3.679 3.782 3.618 0.000 0.000 0.000 3.619 3.788 3.691 0.000 0.000 0.000 3.766 0.708 0.000 0.000 1.060 3.765 0.000 0.000 0.000 0.000 0.000 0.201 0.780 0.000 0.000 1.563 3.663 1.242 0.000 0.000 1.299 2.741 3.701 3.746 3.668 1.332 1.328 0.000 0.000 0.000 0.000 1.873 1.420 0.651 0.000 0.000 0.000 0.000 1.288 1.037 0.629 0.844 0.000 0.000 0.000 0.000 0.000 0.000 0.000
0.164 0.669 0.000 0.000 0.000 2.332 2.622 0.383 0.000 0.000 0.000 0.379 1.173 1.509 1.407 1.643 3.631 3.630 0.000 0.000 0.000 0.000 0.000 3.600 3.785 3.207 0.000 0.570 0.000 0.000 0.000 0.592 3.763 0.000 0.000 0.000 0.000 0.000 0.878 3.638 3.688 3.615 3.584 3.665 3.683 1.856 0.357 0.382 1.472 2.925 3.675 2.068 1.126 0.972 1.575 1.875 0.980 0.520 0.391 0.185 0.289 0.268 0.274 0.000 0.000 0.000 1.818 0.558 0.000 0.000 0.000 0.000 0.000 0.000 3.164 3.590 3.642
0.040 1.104 0.000 0.000 0.000 0.412 2.458 2.831 0.302 0.030 0.344 0.990 1.037 0.000 0.000 0.000 2.107 3.604 0.000 0.000 0.000 0.000 0.000 0.000 1.594 1.979 0.122 0.000 0.000 0.000 0.000 3.761 0.000 0.000 0.000 0.000 0.000 3.634 3.716 3.749 3.765 3.714 3.661 3.663 3.685 3.582 1.868 1.297 2.006 3.526 2.518 1.289 0.616 0.452 0.426 0.596 0.467 0.186 0.000 0.000 0.000 0.000 0.000 0.204 0.000 0.000 3.775 3.702 0.000 0.000 0.000 0.000 0.000 3.145 3.757 3.816 3.736
0.000 0.461 3.750 0.000 0.000 0.316 1.052 3.774 2.348 1.010 1.051 1.134 0.475 0.000 0.000 0.000 1.656 3.645 1.866 0.000 0.000 0.000 0.000 0.000 0.000 0.331 0.000 0.000 0.000 0.000 3.747 0.199 0.000 0.000 0.000 0.295 1.715 3.767 3.737 3.704 3.707 3.723 3.720 3.703 3.686 3.618 3.546 2.282 2.639 3.708 3.689 2.032 1.414 0.592 0.264 0.206 0.057 0.000 0.000 0.000 0.000 0.000 0.000 1.593 1.827 1.759 1.749 0.528 0.000 0.000 0.000 0.000 0.184 3.659 3.712 3.783 3.724
0.000 0.000 0.000 0.035 0.063 0.614 1.787 2.366 2.264 2.268 1.987 0.916 0.000 0.000 0.000 0.000 1.416 3.682 1.775 0.214 0.000 0.000 0.000 0.000 1.636 0.000 0.000 0.000 0.000 0.106 0.000 0.000 0.000 0.000 0.000 0.136 0.321 3.198 3.671 3.662 3.653 3.660 3.686 3.721 3.749 3.689 3.615 3.598 3.633 3.704 3.493 1.552 1.056 0.751 0.244 0.076 0.000 0.000 0.000 0.000 0.000 0.000 0.468 0.524 1.988 1.872 0.721 0.615 0.000 0.000 0.000 0.000 0.000 0.000 3.276 3.608 3.660
0.000 0.000 0.000 0.000 0.262 0.969 1.623 1.952 2.383 2.594 2.723 0.783 0.000 0.000 0.000 0.000 1.123 3.714 1.626 0.289 0.212 0.000 0.000 0.000 0.259 0.000 0.000 0.000 0.000 0.413 0.000 0.000 0.000 0.000 0.000 0.000 0.000 0.364 3.634 3.649 3.647 3.643 3.646 3.654 3.696 3.749 3.730 3.695 3.701 3.683 0.000 0.000 0.517 0.714 0.045 0.000 0.000 0.000 0.000 0.000 1.173 3.730 3.637 0.118 0.000 2.224 2.056 1.068 1.029 1.654 0.000 0.000 0.000 0.000 0.000 3.076 3.620
0.000 0.000 0.000 0.000 0.501 1.654 1.162 0.414 0.391 3.023 3.046 1.545 0.000 0.000 0.000 0.000 0.643 3.723 1.473 0.346 0.464 0.556 0.414 0.000 0.000 0.000 0.000 0.000 0.000 3.628 3.710 3.578 0.072 0.000 0.000 0.000 0.000 0.000 1.223 3.643 3.644 3.641 3.640 3.640 3.651 3.693 3.763 3.745 3.733 3.321 0.000 0.000 0.035 0.719 0.000 0.000 0.000 0.000 0.000 0.000 3.702 3.809 3.771 0.502 0.000 0.000 1.078 1.026 0.895 1.447 2.043 0.304 0.000 0.000 0.000 0.000 0.000
0.000 0.000 0.000 0.598 1.957 2.065 0.756 0.000 0.000 0.520 3.240 2.714 2.460 2.593 0.223 0.000 0.969 3.730 1.399 0.544 0.668 0.589 0.000 0.000 0.000 0.000 0.042 0.000 3.587 3.776 3.826 3.677 3.309 0.000 0.000 0.000 0.000 0.000 0.000 2.060 3.642 3.637 3.638 3.640 3.645 3.679 3.738 3.671 3.626 0.130 0.000 0.000 3.641 3.786 0.000 0.000 0.000 0.000 0.000 2.227 1.884 0.616 0.517 0.100 0.000 0.000 0.000 0.710 0.317 0.000 3.608 3.666 0.000 0.000 0.000 0.000 0.000
0.205 0.228 0.739 2.010 1.983 1.840 0.859 0.000 0.000 0.271 1.150 2.541 3.259 3.781 3.786 2.498 2.746 3.709 1.473 0.836 0.686 0.000 0.000 0.000 0.430 0.000 0.107 3.633 3.758 3.761 3.633 3.606 3.578 0.108 0.000 0.000 0.000 0.000 0.000 0.000 2.116 3.633 3.633 3.638 3.651 3.694 3.735 3.656 1.828 0.086 0.000 0.000 0.000 3.713 0.000 0.000 0.000 0.042 2.134 2.101 0.000 0.000 0.083 0.000 0.000 0.000 0.000 0.000 0.736 3.654 3.777 3.803 3.634 0.000 0.000 0.000 0.000
0.865 0.973 2.030 2.019 1.319 0.000 0.149 0.481 0.541 0.358 0.297 0.554 1.905 3.679 3.772 3.769 3.709 3.427 1.776 0.849 0.192 0.000 0.000 0.960 0.499 0.000 0.000 1.129 3.746 3.631 3.595 3.605 3.628 2.538 0.041 0.077 0.031 0.000 0.000 0.000 0.088 2.622 3.629 3.635 3.662 3.719 3.671 2.316 0.137 0.022 0.000 0.000 0.000 3.631 0.000 0.000 0.000 1.840 2.106 0.448 0.000 0.000 0.000 0.000 0.000 0.000 0.000 0.000 0.000 1.313 3.709 3.612 0.000 0.215 0.000 0.000 0.000
1.048 1.928 1.886 0.411 0.000 0.000 0.093 0.196 0.264 0.222 0.077 0.000 0.267 3.686 3.628 3.710 3.642 2.330 0.723 0.197 0.000 0.000 1.569 1.323 0.000 0.000 0.000 0.000 3.726 3.658 3.613 3.637 3.775 3.724 0.187 0.168 0.251 0.059 0.000 0.000 0.000 1.081 2.684 3.633 3.676 3.711 3.631 0.147 0.000 0.000 0.000 0.000 0.000 0.000 0.000 0.000 1.965 2.210 2.045 0.223 0.000 0.000 0.000 0.000 0.000 0.000 0.000 0.000 0.000 0.000 0.337 0.000 0.000 0.139 3.658 0.000 0.000
1.224 2.051 0.000 0.000 0.000 0.000 0.110 0.144 0.175 0.134 0.000 0.000 0.138 2.799 3.710 3.309 1.708 1.094 0.495 0.385 0.332 0.696 1.054 0.000 0.000 0.000 0.000 0.000 3.693 3.682 3.480 0.000 0.000 3.744 3.629 2.097 1.477 0.261 0.000 0.000 0.000 0.243 1.835 3.170 3.682 3.699 1.953 0.089 0.000 0.000 0.000 0.000 0.000 0.000 0.000 2.228 2.671 2.079 0.339 0.171 0.000 0.000 0.000 0.000 0.000 0.000 0.000 0.000 0.000 0.000 0.000 0.000 3.638 3.746 3.793 1.007 0.000
1.969 0.613 0.000 0.000 0.000 0.000 0.033 0.000 0.000 0.000 0.000 0.000 0.000 2.187 3.656 3.085 1.115 0.348 0.339 0.591 1.098 1.062 0.479 0.000 0.000 0.000 0.000 1.389 1.448 0.000 0.000 0.000 0.000 0.211 3.732 3.769 3.752 3.667 2.016 1.381 0.683 0.612 1.791 2.596 3.701 3.775 1.469 0.000 0.000 0.000 0.000 0.000 0.000 0.000 2.189 3.791 2.484 0.304 0.000 0.321 0.567 0.389 0.122 0.000 0.000 0.000 0.000 0.000 0.000 0.071 0.000 0.000 0.000 3.612 3.742 2.134 1.880
3.717 0.252 0.000 0.000 0.000 0.000 0.000 0.000 0.000 0.000 0.000 0.000 0.000 0.836 3.698 3.617 1.236 0.000 0.000 0.000 0.000 0.792 2.680 0.000 0.000 0.000 1.111 0.592 0.000 0.000 0.000 0.000 0.000 0.000 0.286 1.294 0.868 3.715 3.764 3.697 3.651 3.636 3.630 3.318 3.186 0.709 0.000 0.000 0.000 0.000 0.000 0.000 0.000 0.286 1.258 1.515 0.352 0.156 0.000 0.000 0.000 0.000 0.000 0.000 0.000 0.000 0.000 0.000 0.000 0.220 0.663 0.000 0.000 0.000 0.642 1.220 0.909
3.711 0.499 0.000 0.000 0.000 0.000 0.000 0.000 0.000 0.000 0.000 0.000 0.000 3.466 3.796 3.642 1.630 0.000 0.000 0.000 0.000 1.641 3.774 3.726 0.642 0.000 0.000 0.000 0.000 0.000 0.000 0.000 0.000 0.000 0.082 0.761 0.262 0.469 3.095 3.755 3.802 3.767 3.668 0.354 0.116 0.000 0.000 0.000 0.000 0.000 0.000 0.000 0.729 3.796 0.255 0.000 0.000 0.067 0.000 0.000 0.000 0.000 0.000 0.000 0.148 0.272 0.241 0.131 0.091 0.592 1.763 0.000 0.000 0.000 0.000 0.262 0.000
1.901 1.233 0.783 0.322 0.000 0.000 0.000 0.000 0.089 0.118 0.000 0.000 3.556 3.716 3.678 1.487 1.666 2.119 1.708 1.841 2.104 3.642 3.692 3.788 2.833 0.000 0.000 0.000 0.000 0.000 0.000 0.000 0.000 0.000 0.000 0.050 0.600 0.249 0.722 1.113 3.022 0.665 0.005 0.000 0.000 0.000 0.000 0.000 0.000 0.000 0.000 1.499 3.803 0.681 0.000 0.000 0.000 0.000 0.000 0.000 0.000 0.000 0.000 0.133 0.247 0.381 0.501 0.647 1.116 2.989 3.712 2.645 0.000 0.000 0.000 0.000 0.305
1.512 1.553 1.209 0.784 0.000 0.000 0.000 0.000 0.088 0.043 0.000 3.596 3.756 3.731 2.735 0.000 0.000 2.761 1.429 0.361 1.879 3.641 3.619 3.734 3.757 0.506 0.000 0.000 0.000 0.000 0.000 0.000 0.000 0.000 0.000 0.000 0.117 0.801 1.301 0.303 0.260 0.085 0.000 0.000 0.000 0.000 0.000 0.000 0.000 0.103 1.928 3.801 1.398 0.000 0.000 0.000 0.000 0.000 0.000 0.000 0.000 0.026 0.167 0.276 0.389 0.506 0.682 1.348 3.658 3.661 3.760 3.663 0.915 0.300 0.000 0.000 0.514
1.294 1.660 1.730 1.133 0.240 0.000 0.000 0.000 0.000 0.000 3.600 3.766 3.780 3.503 0.000 0.000 3.452 3.732 0.000 0.000 0.000 3.629 3.639 3.638 3.734 3.729 0.448 0.000 0.000 0.000 0.000 0.000 0.000 0.000 0.000 0.000 0.000 0.041 0.617 0.174 0.129 0.031 0.000 0.000 0.000 0.000 0.000 0.000 0.137 3.674 3.801 1.065 0.000 0.000 0.000 0.000 0.000 0.000 0.000 0.000 0.027 0.142 0.239 0.333 0.424 0.532 0.761 1.842 3.659 3.684 3.779 3.697 1.328 0.490 0.566 0.626 0.245
1.171 1.866 2.358 1.406 0.410 0.000 0.000 0.000 0.000 3.591 3.784 3.758 3.518 2.591 0.189 3.507 3.731 3.641 0.859 0.000 1.900 3.744 3.630 1.821 1.817 3.761 3.657 0.179 0.000 0.000 0.000 0.000 0.000 0.000 0.000 0.000 0.000 0.000 0.000 0.000 0.048 0.048 0.000 0.000 0.000 0.000 0.000 0.000 1.797 3.804 1.123 0.000 0.000 0.000 0.000 0.000 0.000 0.000 0.000 0.032 0.135 0.204 0.263 0.360 0.451 0.548 0.824 2.189 3.646 3.676 3.794 3.732 1.179 0.000 0.000 0.000 0.000
2.040 3.765 2.731 2.217 1.083 0.000 0.000 0.000 0.000 3.718 3.807 3.539 2.883 3.378 3.547 3.726 3.686 3.656 2.823 3.301 3.753 3.496 1.044 0.996 0.974 1.443 2.714 1.418 0.171 0.066 0.000 0.000 0.000 0.000 0.000 0.000 0.000 0.000 0.000 0.000 0.000 0.035 0.000 0.000 0.000 0.000 0.000 1.298 1.253 1.475 0.109 0.000 0.000 0.000 0.000 0.000 0.000 0.055 0.126 0.172 0.197 0.239 0.301 0.364 0.456 0.563 0.840 2.003 3.612 3.667 3.773 3.638 0.000 0.000 0.000 0.000 0.000
3.757 2.354 0.654 1.628 1.448 0.717 0.000 0.000 0.930 3.697 3.523 1.168 1.174 3.566 3.789 3.751 3.709 3.673 3.214 3.566 2.256 0.418 0.000 0.886 1.591 1.072 2.235 3.778 2.579 0.329 0.078 0.000 0.000 0.000 0.000 0.000 0.000 0.000 0.000 0.000 0.000 0.000 0.000 0.000 0.000 0.000 0.675 3.794 1.667 0.000 0.000 0.000 0.000 0.000 0.000 0.000 0.082 0.164 0.211 0.282 0.322 0.295 0.309 0.365 0.444 0.593 1.119 3.619 3.627 3.681 3.747 3.625 0.000 0.000 0.000 0.000 0.000
2.540 0.441 0.000 0.302 0.589 0.515 1.600 3.648 3.584 3.378 0.000 0.000 3.482 3.772 3.689 3.612 3.632 3.646 2.404 2.036 1.349 0.223 0.000 1.031 0.668 0.000 0.000 0.682 2.993 2.297 0.415 0.118 0.020 0.000 0.000 0.000 0.000 0.000 0.000 0.000 0.000 0.000 0.000 0.000 0.000 0.274 3.801 3.635 0.000 0.000 0.000 0.000 0.000 0.000 0.000 0.000 0.162 0.255 0.288 0.333 0.421 0.459 0.366 0.334 0.391 0.588 1.435 3.626 3.641 3.732 3.725 3.609 0.000 0.000 0.000 0.000 0.000
0.724 0.000 0.000 0.000 0.000 0.539 3.631 3.814 3.622 0.000 0.000 3.427 3.786 3.668 3.525 0.000 0.000 0.671 2.422 1.949 1.738 1.036 0.796 0.755 0.193 0.000 0.000 0.287 1.413 3.057 2.494 0.582 0.140 0.016 0.000 0.000 0.000 0.000 0.000 0.000 0.000 0.000 0.000 0.000 0.103 3.810 3.654 0.000 0.000 0.000 0.000 0.000 0.000 0.000 0.078 0.099 0.205 0.306 0.359 0.386 0.464 0.566 0.543 0.438 0.390 0.649 1.783 3.626 3.653 3.734 3.724 3.750 3.616 0.078 0.144 0.181 0.130
0.000 0.000 0.000 0.000 0.000 3.603 3.798 3.588 0.000 0.000 3.027 3.780 3.675 3.570 0.000 0.000 0.000 0.405 1.831 1.758 1.986 3.766 3.731 0.487 0.000 0.000 0.000 0.000 0.000 0.699 2.375 2.593 0.938 0.211 0.099 0.094 0.076 0.000 0.000 0.000 0.000 0.000 0.000 0.151 3.813 2.009 0.000 0.000 0.000 0.000 0.000 0.000 0.000 0.000 0.218 0.225 0.240 0.314 0.399 0.428 0.469 0.591 0.719 0.693 0.632 0.902 2.222 3.622 3.695 3.743 3.734 3.803 3.764 2.261 2.143 2.012 1.264
0.000 0.000 0.000 0.000 3.610 3.799 3.566 0.000 0.000 0.538 3.702 3.613 1.685 0.000 0.000 0.000 0.000 1.003 1.719 0.734 0.586 3.723 3.807 0.385 0.000 0.000 0.000 0.000 0.000 0.236 0.889 1.991 3.784 1.994 0.397 0.224 0.150 0.000 0.000 0.000 0.000 0.000 0.083 3.813 1.886 0.000 0.000 0.000 0.000 0.000 0.000 0.000 0.174 0.359 0.322 0.351 0.339 0.343 0.397 0.447 0.490 0.572 0.776 1.179 1.730 2.083 3.601 3.615 3.722 3.733 3.676 3.641 1.338 1.082 1.520 1.986 2.209
0.000 0.000 0.000 1.581 3.796 3.577 0.000 0.000 0.000 3.783 3.753 1.913 0.000 0.000 0.000 0.142 0.806 1.960 1.891 0.000 0.000 0.000 0.749 0.442 0.000 0.000 0.000 0.000 0.000 0.153 0.369 0.694 3.709 3.795 3.779 0.588 0.000 0.000 0.000 0.000 0.000 0.000 3.809 3.706 0.000 0.000 0.000 0.000 0.000 0.000 0.000 0.102 0.713 0.895 0.718 0.551 0.483 0.452 0.419 0.447 0.487 0.600 1.043 2.149 3.654 3.644 3.625 3.642 3.740 3.643 2.489 0.347 0.000 0.000 0.203 0.735 2.188
