Project1/res/jiangbei.inittm
ncols         319
nrows         411
xllcorner     657492.000000
yllcorner     3548067.000000
cellsize      10.000000
NODATA_value  -9999.000000
[rows 112 to 139 of 411, columns 189 to 251 of 319]
-9999.000 -9999.000 -9999.000 -9999.000 -9999.000 0.351 0.298 0.324 0.396 -9999.000 -9999.000 -9999.000 -9999.000 -9999.000 -9999.000 -9999.000 -9999.000 0.382 -9999.000 -9999.000 -9999.000 0.409 -9999.000 0.363 -9999.000 0.416 0.356 0.371 0.354 0.259 0.205 0.358 0.385 0.402 0.436 -9999.000 -9999.000 -9999.000 -9999.000 -9999.000 -9999.000 0.409 -9999.000 -9999.000 -9999.000 -9999.000 0.410 -9999.000 -9999.000 -9999.000 -9999.000 -9999.000 0.407 0.347 0.214 0.242 0.272 0.305 -9999.000 0.409 -9999.000 0.483 0.258
-9999.000 -9999.000 -9999.000 -9999.000 0.295 0.192 0.309 -9999.000 -9999.000 -9999.000 -9999.000 -9999.000 -9999.000 -9999.000 -9999.000 -9999.000 0.401 0.287 -9999.000 -9999.000 -9999.000 0.401 0.365 0.389 0.394 0.383 0.363 0.362 0.237 0.289 0.357 0.370 0.378 0.393 0.473 -9999.000 -9999.000 -9999.000 -9999.000 -9999.000 -9999.000 0.317 0.188 0.744 -9999.000 -9999.000 -9999.000 -9999.000 -9999.000 -9999.000 -9999.000 -9999.000 0.410 0.371 0.358 0.284 0.349 0.373 0.315 0.190 0.247 0.294 0.399
0.419 0.419 0.397 0.316 0.242 0.371 -9999.000 -9999.000 -9999.000 -9999.000 -9999.000 -9999.000 -9999.000 -9999.000 -9999.000 -9999.000 -9999.000 0.313 0.309 0.375 0.393 0.368 0.382 0.383 0.457 0.376 0.346 0.221 0.294 0.399 0.402 0.382 0.369 0.379 0.422 -9999.000 -9999.000 -9999.000 -9999.000 -9999.000 -9999.000 -9999.000 0.373 0.201 0.406 0.400 -9999.000 -9999.000 -9999.000 -9999.000 -9999.000 -9999.000 0.381 0.340 0.405 0.406 0.304 0.374 0.392 0.326 0.328 0.314 0.417
0.375 0.356 0.341 0.319 -9999.000 -9999.000 -9999.000 -9999.000 -9999.000 -9999.000 0.385 -9999.000 -9999.000 -9999.000 -9999.000 -9999.000 0.389 -9999.000 -9999.000 0.381 0.365 0.386 0.383 0.336 0.362 0.354 0.236 0.310 0.356 0.439 0.421 0.388 0.360 0.339 0.373 0.467 0.396 0.361 -9999.000 -9999.000 -9999.000 -9999.000 -9999.000 0.308 0.405 -9999.000 -9999.000 -9999.000 -9999.000 0.390 0.394 0.397 0.370 0.296 -9999.000 -9999.000 -9999.000 0.242 0.391 0.502 0.398 0.314 0.420
0.331 0.316 0.333 -9999.000 -9999.000 -9999.000 -9999.000 -9999.000 -9999.000 -9999.000 0.291 -9999.000 -9999.000 -9999.000 -9999.000 -9999.000 0.402 -9999.000 -9999.000 -9999.000 0.369 0.369 0.355 0.339 0.314 0.330 0.369 0.368 0.345 0.287 0.346 0.371 0.353 0.310 0.283 0.254 0.203 0.247 0.363 -9999.000 -9999.000 -9999.000 -9999.000 0.402 0.351 0.768 0.404 -9999.000 0.378 0.398 -9999.000 0.429 0.408 0.360 -9999.000 -9999.000 -9999.000 0.389 0.286 0.436 0.398 0.372 0.373
0.292 0.332 -9999.000 -9999.000 -9999.000 -9999.000 -9999.000 -9999.000 -9999.000 0.273 0.260 -9999.000 -9999.000 0.430 0.414 0.412 0.402 0.401 0.422 0.467 0.367 0.456 0.403 0.349 0.232 0.260 0.346 0.341 0.265 0.370 0.393 0.406 0.410 0.383 0.402 0.389 0.340 0.352 0.400 -9999.000 -9999.000 -9999.000 -9999.000 0.565 0.284 0.340 -9999.000 -9999.000 -9999.000 -9999.000 -9999.000 -9999.000 0.381 0.388 -9999.000 -9999.000 -9999.000 0.998 0.371 0.552 0.406 0.402 0.379
0.311 -9999.000 -9999.000 -9999.000 -9999.000 -9999.000 -9999.000 -9999.000 0.299 0.234 -9999.000 -9999.000 -9999.000 -9999.000 0.419 0.422 0.414 0.393 0.376 0.299 0.263 0.403 0.386 0.211 0.231 0.369 0.366 0.344 0.372 0.400 0.413 0.403 0.251 -9999.000 -9999.000 -9999.000 0.366 0.349 -9999.000 -9999.000 -9999.000 -9999.000 -9999.000 0.408 0.234 0.425 -9999.000 -9999.000 -9999.000 -9999.000 -9999.000 -9999.000 -9999.000 -9999.000 -9999.000 -9999.000 0.364 0.404 0.870 -9999.000 -9999.000 0.399 0.424
0.402 -9999.000 -9999.000 -9999.000 -9999.000 -9999.000 -9999.000 -9999.000 0.338 -9999.000 -9999.000 -9999.000 -9999.000 -9999.000 -9999.000 0.434 0.396 0.363 0.325 0.332 0.304 0.291 0.287 0.342 0.386 0.392 0.418 -9999.000 0.431 0.411 0.407 0.211 0.400 -9999.000 -9999.000 -9999.000 0.363 0.358 -9999.000 -9999.000 -9999.000 -9999.000 0.297 0.226 0.176 -9999.000 -9999.000 -9999.000 -9999.000 -9999.000 -9999.000 -9999.000 -9999.000 -9999.000 -9999.000 0.193 0.356 0.379 0.814 -9999.000 0.849 0.389 0.421
0.401 0.396 -9999.000 -9999.000 -9999.000 -9999.000 -9999.000 -9999.000 0.343 -9999.000 -9999.000 -9999.000 -9999.000 -9999.000 -9999.000 0.393 0.308 0.197 0.306 0.376 0.339 0.275 0.329 0.368 0.388 0.395 0.441 -9999.000 -9999.000 -9999.000 0.423 0.252 -9999.000 -9999.000 -9999.000 -9999.000 0.354 0.389 -9999.000 -9999.000 -9999.000 -9999.000 0.340 0.403 0.357 -9999.000 -9999.000 -9999.000 -9999.000 -9999.000 -9999.000 -9999.000 -9999.000 -9999.000 0.882 0.338 0.364 0.346 0.763 0.764 0.397 0.293 0.406
-9999.000 0.245 0.362 -9999.000 -9999.000 -9999.000 -9999.000 0.357 0.349 -9999.000 -9999.000 -9999.000 -9999.000 -9999.000 0.421 0.302 0.199 0.333 0.410 0.394 0.300 0.199 0.329 0.358 0.362 0.365 0.412 -9999.000 -9999.000 0.452 0.366 0.401 -9999.000 -9999.000 -9999.000 -9999.000 0.369 -9999.000 -9999.000 -9999.000 -9999.000 -9999.000 0.276 -9999.000 -9999.000 -9999.000 -9999.000 -9999.000 -9999.000 -9999.000 -9999.000 0.433 0.399 0.402 0.303 0.225 0.325 0.749 0.739 0.632 0.366 0.181 0.376
-9999.000 -9999.000 0.374 0.292 -9999.000 -9999.000 -9999.000 0.287 0.347 -9999.000 -9999.000 -9999.000 -9999.000 0.416 0.392 0.344 0.334 0.508 0.434 0.322 0.207 0.347 0.368 0.362 0.338 0.289 0.239 0.258 0.276 0.358 0.357 0.414 -9999.000 0.460 0.386 0.208 0.354 -9999.000 -9999.000 -9999.000 -9999.000 -9999.000 0.340 -9999.000 -9999.000 -9999.000 -9999.000 -9999.000 -9999.000 -9999.000 -9999.000 -9999.000 0.286 0.237 0.330 0.419 1.146 -9999.000 0.813 0.396 0.538 0.431 0.351
0.347 0.403 0.402 0.294 0.267 0.291 0.301 0.331 -9999.000 0.411 -9999.000 -9999.000 0.375 0.311 0.242 0.258 0.454 0.447 0.327 0.207 0.371 0.401 0.406 0.403 0.389 0.364 0.284 0.319 0.276 0.181 0.388 -9999.000 -9999.000 -9999.000 -9999.000 0.256 0.266 -9999.000 -9999.000 -9999.000 -9999.000 -9999.000 0.416 -9999.000 -9999.000 -9999.000 -9999.000 -9999.000 -9999.000 -9999.000 -9999.000 0.403 0.254 0.295 0.296 -9999.000 -9999.000 -9999.000 -9999.000 0.703 0.394 0.302 0.262
0.348 0.332 0.350 0.343 0.317 0.259 0.221 0.322 0.413 0.415 0.372 0.396 -9999.000 -9999.000 0.394 0.328 0.401 0.326 0.196 0.364 0.390 0.409 -9999.000 -9999.000 -9999.000 0.431 0.407 0.434 0.406 0.296 -9999.000 -9999.000 -9999.000 -9999.000 -9999.000 -9999.000 0.356 -9999.000 -9999.000 -9999.000 0.390 0.408 -9999.000 0.415 -9999.000 -9999.000 -9999.000 -9999.000 -9999.000 -9999.000 0.674 0.347 0.223 0.261 0.348 0.396 -9999.000 -9999.000 -9999.000 -9999.000 0.412 0.169 0.239
0.397 0.335 0.274 0.309 0.339 0.359 0.256 0.217 0.284 0.356 0.457 -9999.000 -9999.000 -9999.000 0.567 0.367 0.324 0.209 0.372 0.386 0.381 0.440 -9999.000 -9999.000 -9999.000 -9999.000 -9999.000 0.414 0.416 0.386 -9999.000 -9999.000 -9999.000 -9999.000 -9999.000 -9999.000 0.398 -9999.000 -9999.000 -9999.000 -9999.000 0.372 0.404 0.397 0.399 -9999.000 -9999.000 -9999.000 -9999.000 -9999.000 0.380 0.207 0.223 0.319 0.334 0.340 -9999.000 -9999.000 -9999.000 -9999.000 -9999.000 0.372 0.236
0.409 0.399 0.387 0.372 0.370 -9999.000 0.406 0.339 0.259 0.238 0.352 0.417 -9999.000 0.658 0.409 0.254 0.192 0.387 0.409 0.381 0.357 0.408 -9999.000 -9999.000 -9999.000 -9999.000 -9999.000 -9999.000 -9999.000 -9999.000 -9999.000 -9999.000 -9999.000 -9999.000 -9999.000 -9999.000 0.412 -9999.000 -9999.000 -9999.000 -9999.000 -9999.000 -9999.000 0.421 0.408 -9999.000 -9999.000 -9999.000 0.436 0.384 0.280 0.278 0.356 0.371 0.340 0.317 0.309 0.392 -9999.000 -9999.000 -9999.000 -9999.000 0.645
-9999.000 0.434 0.412 0.399 0.384 0.378 0.398 -9999.000 0.401 0.352 0.251 0.467 -9999.000 0.584 0.294 0.226 0.393 -9999.000 -9999.000 0.400 0.335 0.364 -9999.000 -9999.000 -9999.000 -9999.000 -9999.000 -9999.000 -9999.000 -9999.000 -9999.000 -9999.000 -9999.000 -9999.000 -9999.000 -9999.000 -9999.000 -9999.000 -9999.000 -9999.000 -9999.000 -9999.000 -9999.000 -9999.000 0.413 0.399 0.373 0.351 0.313 0.281 0.194 0.331 0.395 0.394 0.373 0.368 0.388 0.426 0.449 -9999.000 -9999.000 -9999.000 -9999.000
-9999.000 -9999.000 0.411 0.398 0.388 0.376 0.395 0.444 0.415 0.434 0.394 0.381 0.364 0.278 0.250 0.262 -9999.000 -9999.000 -9999.000 -9999.000 0.368 0.343 -9999.000 -9999.000 -9999.000 -9999.000 -9999.000 -9999.000 -9999.000 -9999.000 -9999.000 -9999.000 -9999.000 -9999.000 -9999.000 -9999.000 0.416 -9999.000 -9999.000 -9999.000 -9999.000 -9999.000 -9999.000 -9999.000 0.399 0.376 0.345 0.316 0.267 0.209 0.327 0.384 0.399 0.381 -9999.000 0.386 0.402 0.424 0.422 0.195 -9999.000 -9999.000 -9999.000
-9999.000 -9999.000 0.412 0.401 0.398 0.395 0.364 0.346 0.359 0.542 0.507 0.409 0.341 0.284 0.383 0.408 -9999.000 -9999.000 -9999.000 -9999.000 -9999.000 0.359 -9999.000 -9999.000 -9999.000 -9999.000 -9999.000 -9999.000 -9999.000 -9999.000 -9999.000 -9999.000 -9999.000 -9999.000 -9999.000 -9999.000 0.386 -9999.000 -9999.000 -9999.000 -9999.000 -9999.000 -9999.000 0.396 0.399 0.390 0.329 0.233 0.205 0.301 0.335 0.361 0.372 0.349 0.388 0.397 0.403 -9999.000 -9999.000 0.293 0.390 -9999.000 -9999.000
-9999.000 -9999.000 0.440 0.415 0.416 0.409 0.351 0.229 0.290 0.456 0.502 0.516 0.364 0.394 0.410 0.399 -9999.000 -9999.000 -9999.000 -9999.000 -9999.000 0.398 -9999.000 -9999.000 -9999.000 -9999.000 -9999.000 -9999.000 -9999.000 -9999.000 0.428 -9999.000 -9999.000 -9999.000 -9999.000 -9999.000 0.405 -9999.000 -9999.000 -9999.000 -9999.000 -9999.000 0.409 0.369 0.381 0.369 0.267 0.343 0.384 0.334 0.280 0.287 0.338 0.362 0.409 -9999.000 0.429 0.442 0.420 0.384 0.345 0.374 0.354
0.427 -9999.000 -9999.000 -9999.000 -9999.000 0.392 0.294 0.284 0.396 0.395 0.481 0.519 0.404 0.459 0.418 0.353 -9999.000 -9999.000 -9999.000 -9999.000 -9999.000 -9999.000 0.390 -9999.000 -9999.000 -9999.000 -9999.000 -9999.000 -9999.000 -9999.000 -9999.000 -9999.000 -9999.000 -9999.000 -9999.000 -9999.000 -9999.000 -9999.000 -9999.000 -9999.000 -9999.000 0.409 0.382 0.326 0.249 0.220 0.187 0.400 -9999.000 -9999.000 0.303 0.238 0.338 0.389 0.418 -9999.000 -9999.000 -9999.000 0.435 -9999.000 0.396 0.357 0.390
0.407 0.432 -9999.000 -9999.000 0.450 0.310 0.347 -9999.000 0.418 0.349 0.409 0.476 0.637 -9999.000 -9999.000 0.329 0.338 -9999.000 -9999.000 -9999.000 -9999.000 -9999.000 0.392 0.350 -9999.000 -9999.000 -9999.000 -9999.000 -9999.000 -9999.000 -9999.000 -9999.000 -9999.000 -9999.000 -9999.000 -9999.000 -9999.000 0.434 -9999.000 -9999.000 0.404 0.390 0.367 0.252 0.190 0.304 0.379 0.426 -9999.000 -9999.000 -9999.000 0.258 0.364 0.416 -9999.000 -9999.000 -9999.000 -9999.000 -9999.000 -9999.000 -9999.000 0.379 0.402
0.316 0.369 0.404 0.406 0.322 0.226 -9999.000 0.576 0.398 0.301 0.330 0.378 0.454 -9999.000 -9999.000 -9999.000 0.222 0.366 -9999.000 -9999.000 -9999.000 0.409 0.378 0.354 0.351 0.200 0.316 -9999.000 -9999.000 -9999.000 -9999.000 -9999.000 -9999.000 0.429 0.410 0.431 0.427 0.424 0.427 0.394 0.363 0.384 0.387 0.298 0.268 0.414 -9999.000 -9999.000 -9999.000 -9999.000 -9999.000 0.314 0.402 0.466 -9999.000 -9999.000 -9999.000 -9999.000 -9999.000 -9999.000 -9999.000 0.368 0.384
0.403 0.355 0.355 0.313 0.323 0.362 0.394 0.385 0.251 0.217 0.337 0.209 0.267 0.406 -9999.000 -9999.000 0.404 0.356 0.401 -9999.000 -9999.000 0.372 0.361 0.378 0.396 0.383 0.188 0.403 -9999.000 -9999.000 -9999.000 -9999.000 0.427 0.396 0.386 0.397 0.407 0.405 0.388 0.382 0.352 0.274 0.204 0.278 0.364 -9999.000 -9999.000 -9999.000 -9999.000 -9999.000 0.409 0.356 0.440 0.448 0.436 -9999.000 -9999.000 -9999.000 -9999.000 -9999.000 -9999.000 0.412 0.379
-9999.000 0.404 0.297 0.369 0.408 0.461 0.395 0.205 0.347 -9999.000 -9999.000 0.463 0.266 0.270 0.361 0.404 0.412 0.395 0.337 0.372 0.364 0.354 0.361 0.372 0.408 -9999.000 -9999.000 -9999.000 -9999.000 -9999.000 -9999.000 0.432 0.393 0.383 0.382 0.385 0.393 0.381 0.386 0.394 0.340 0.205 0.355 0.388 0.386 -9999.000 -9999.000 -9999.000 -9999.000 -9999.000 0.396 0.399 -9999.000 0.464 0.383 0.321 0.308 0.312 0.405 -9999.000 -9999.000 -9999.000 0.440
0.408 0.262 0.412 -9999.000 -9999.000 0.437 0.250 0.249 -9999.000 -9999.000 -9999.000 -9999.000 0.408 0.346 0.213 0.311 0.410 -9999.000 -9999.000 0.428 0.246 0.343 0.432 0.343 0.371 0.409 -9999.000 -9999.000 -9999.000 -9999.000 0.419 0.399 0.387 0.376 0.378 0.377 0.375 0.366 0.360 0.307 0.199 0.309 0.391 0.409 0.406 -9999.000 -9999.000 -9999.000 -9999.000 -9999.000 0.406 -9999.000 -9999.000 -9999.000 -9999.000 0.302 0.359 0.379 -9999.000 -9999.000 -9999.000 -9999.000 -9999.000
0.260 -9999.000 -9999.000 -9999.000 0.419 0.249 0.273 -9999.000 -9999.000 -9999.000 -9999.000 -9999.000 -9999.000 0.397 0.317 0.207 0.322 -9999.000 -9999.000 -9999.000 0.404 0.357 0.390 0.378 0.571 0.560 0.219 0.357 -9999.000 -9999.000 0.418 0.395 0.383 0.372 0.366 0.366 0.388 0.384 0.259 0.191 0.284 0.381 0.411 -9999.000 -9999.000 -9999.000 -9999.000 -9999.000 -9999.000 -9999.000 0.376 -9999.000 -9999.000 -9999.000 -9999.000 -9999.000 0.359 -9999.000 -9999.000 -9999.000 -9999.000 -9999.000 -9999.000
-9999.000 -9999.000 -9999.000 0.334 0.266 0.304 -9999.000 -9999.000 -9999.000 -9999.000 -9999.000 -9999.000 -9999.000 0.399 0.399 0.387 0.340 0.232 0.437 -9999.000 -9999.000 0.338 0.402 -9999.000 -9999.000 -9999.000 0.374 0.207 -9999.000 -9999.000 0.388 0.381 0.377 0.391 0.392 0.380 0.382 0.365 0.281 0.269 0.364 0.373 0.407 -9999.000 -9999.000 -9999.000 0.425 0.393 -9999.000 0.348 -9999.000 -9999.000 -9999.000 -9999.000 -9999.000 -9999.000 0.394 0.419 -9999.000 -9999.000 -9999.000 -9999.000 0.336
-9999.000 -9999.000 -9999.000 0.276 0.379 -9999.000 -9999.000 -9999.000 -9999.000 -9999.000 -9999.000 -9999.000 -9999.000 0.381 -9999.000 -9999.000 -9999.000 0.285 0.256 0.297 0.279 0.281 0.401 -9999.000 -9999.000 -9999.000 -9999.000 -9999.000 -9999.000 -9999.000 0.386 0.320 0.345 0.376 0.387 0.374 0.309 0.235 0.244 0.279 0.361 0.408 -9999.000 -9999.000 -9999.000 -9999.000 -9999.000 -9999.000 -9999.000 0.338 0.412 -9999.000 -9999.000 -9999.000 -9999.000 -9999.000 0.346 0.308 0.449 -9999.000 -9999.000 0.365 0.207
