Project1/res/jiangbei-0003.wd
ncols         319
nrows         411
xllcorner     657492.000000
yllcorner     3548067.000000
cellsize      10.000000
NODATA_value  -9999.000000
[rows 238 to 271 of 411, columns 0 to 76 of 319]
0.000 0.000 0.000 0.000 0.000 0.000 0.000 0.000 0.000 0.000 0.000 0.000 0.000 0.000 0.000 0.000 0.000 0.000 0.000 0.000 0.000 0.000 0.000 0.000 0.000 0.000 0.000 0.000 0.001 0.001 0.001 0.001 0.001 0.001 0.001 0.001 0.007 0.018 0.071 0.134 0.147 0.223 0.247 0.263 0.218 0.118 0.001 0.001 0.001 0.009 0.023 0.060 0.070 0.041 0.010 0.017 0.116 0.243 0.242 0.177 0.001 0.001 0.001 0.037 0.001 0.001 0.001 0.131 0.013 0.001 0.001 0.001 0.059 0.068 0.039 0.015 0.023
0.000 0.000 0.000 0.000 0.000 0.000 0.000 0.000 0.000 0.000 0.000 0.000 0.000 0.000 0.000 0.000 0.000 0.000 0.000 0.000 0.000 0.000 0.000 0.000 0.000 0.000 0.000 0.000 0.001 0.001 0.001 0.001 0.001 0.001 0.001 0.001 0.004 0.024 0.095 0.162 0.192 0.199 0.229 0.249 0.174 0.018 0.001 0.001 0.001 0.001 0.001 0.001 0.001 0.001 0.007 0.068 0.138 0.192 0.269 0.148 0.001 0.001 0.001 0.001 0.001 0.001 0.001 0.196 0.189 0.057 0.001 0.001 0.060 0.090 0.067 0.037 0.032
0.000 0.000 0.000 0.000 0.000 0.000 0.000 0.000 0.000 0.000 0.000 0.000 0.000 0.000 0.000 0.000 0.000 0.000 0.000 0.000 0.000 0.000 0.000 0.000 0.000 0.000 0.000 0.000 0.001 0.001 0.063 0.001 0.001 0.001 0.001 0.001 0.002 0.039 0.108 0.167 0.180 0.175 0.205 0.224 0.138 0.001 0.001 0.001 0.001 0.001 0.001 0.001 0.001 0.001 0.001 0.145 0.280 0.264 0.378 0.280 0.001 0.001 0.001 0.001 0.001 0.001 0.001 0.221 0.292 0.125 0.001 0.001 0.001 0.062 0.066 0.053 0.046
0.000 0.000 0.000 0.000 0.000 0.000 0.000 0.000 0.000 0.000 0.000 0.000 0.000 0.000 0.000 0.000 0.000 0.000 0.000 0.000 0.000 0.000 0.000 0.000 0.000 0.000 0.000 0.000 0.001 0.001 0.104 0.018 0.001 0.001 0.001 0.001 0.002 0.051 0.121 0.170 0.168 0.153 0.179 0.199 0.109 0.001 0.001 0.001 0.001 0.001 0.001 0.001 0.001 0.001 0.003 0.113 0.244 0.256 0.300 0.275 0.001 0.001 0.001 0.001 0.001 0.001 0.001 0.156 0.311 0.239 0.001 0.001 0.001 0.018 0.033 0.034 0.019
0.000 0.000 0.000 0.000 0.000 0.000 0.000 0.000 0.000 0.000 0.000 0.000 0.000 0.000 0.000 0.000 0.000 0.000 0.000 0.000 0.000 0.000 0.000 0.000 0.000 0.000 0.000 0.000 0.001 0.001 0.134 0.069 0.003 0.001 0.001 0.001 0.001 0.060 0.132 0.168 0.155 0.134 0.151 0.174 0.083 0.001 0.001 0.001 0.001 0.001 0.001 0.015 0.023 0.033 0.058 0.090 0.131 0.147 0.153 0.139 0.001 0.001 0.001 0.001 0.001 0.001 0.001 0.001 0.214 0.309 0.207 0.001 0.001 0.001 0.001 0.001 0.001
0.000 0.000 0.000 0.000 0.000 0.000 0.000 0.000 0.000 0.000 0.000 0.000 0.000 0.000 0.000 0.000 0.000 0.000 0.000 0.000 0.000 0.000 0.000 0.000 0.000 0.000 0.000 0.000 0.001 0.001 0.131 0.100 0.041 0.001 0.001 0.001 0.001 0.063 0.138 0.162 0.142 0.116 0.127 0.152 0.072 0.001 0.001 0.001 0.001 0.001 0.002 0.070 0.098 0.093 0.095 0.087 0.086 0.103 0.130 0.104 0.001 0.001 0.001 0.001 0.001 0.080 0.001 0.001 0.008 0.255 0.312 0.001 0.001 0.000 0.001 0.001 0.001
0.000 0.000 0.000 0.000 0.000 0.000 0.000 0.000 0.000 0.000 0.000 0.000 0.000 0.000 0.000 0.000 0.000 0.000 0.000 0.000 0.000 0.000 0.000 0.000 0.000 0.000 0.000 0.000 0.001 0.001 0.099 0.117 0.065 0.013 0.001 0.001 0.001 0.065 0.129 0.130 0.101 0.090 0.114 0.120 0.040 0.001 0.001 0.001 0.001 0.001 0.001 0.028 0.083 0.082 0.053 0.041 0.061 0.096 0.129 0.119 0.001 0.001 0.001 0.001 0.001 0.124 0.000 0.001 0.001 0.079 0.205 0.001 0.001 0.000 0.001 0.001 0.001
0.000 0.000 0.000 0.000 0.000 0.000 0.000 0.000 0.000 0.000 0.000 0.000 0.000 0.000 0.000 0.000 0.000 0.000 0.000 0.000 0.000 0.000 0.000 0.000 0.000 0.000 0.000 0.000 0.001 0.001 0.001 0.080 0.059 0.028 0.001 0.001 0.001 0.067 0.083 0.046 0.040 0.070 0.111 0.086 0.001 0.001 0.001 0.001 0.001 0.001 0.001 0.012 0.040 0.012 0.001 0.014 0.058 0.100 0.126 0.123 0.001 0.001 0.001 0.001 0.001 0.108 0.001 0.001 0.001 0.001 0.001 0.001 0.001 0.001 0.001 0.001 0.033
0.000 0.000 0.000 0.000 0.000 0.000 0.000 0.000 0.000 0.000 0.000 0.000 0.000 0.000 0.000 0.000 0.000 0.000 0.000 0.000 0.000 0.000 0.000 0.000 0.000 0.000 0.000 0.000 0.001 0.001 0.001 0.001 0.013 0.011 0.001 0.001 0.026 0.064 0.030 0.001 0.022 0.072 0.115 0.087 0.001 0.001 0.001 0.001 0.000 0.001 0.001 0.029 0.023 0.001 0.001 0.017 0.069 0.108 0.130 0.137 0.001 0.001 0.001 0.001 0.001 0.008 0.142 0.001 0.001 0.001 0.001 0.001 0.001 0.001 0.002 0.001 0.007
0.000 0.000 0.000 0.000 0.000 0.000 0.000 0.000 0.000 0.000 0.000 0.000 0.000 0.000 0.000 0.000 0.000 0.000 0.000 0.000 0.000 0.000 0.000 0.000 0.000 0.000 0.000 0.000 0.001 0.001 0.001 0.001 0.001 0.010 0.009 0.056 0.077 0.059 0.015 0.004 0.034 0.079 0.121 0.113 0.013 0.001 0.001 0.001 0.001 0.001 0.046 0.053 0.018 0.001 0.001 0.029 0.075 0.111 0.136 0.154 0.080 0.001 0.001 0.001 0.001 0.001 0.229 0.209 0.001 0.001 0.001 0.001 0.001 0.031 0.227 0.014 0.080
0.000 0.000 0.000 0.000 0.000 0.000 0.000 0.000 0.000 0.000 0.000 0.000 0.000 0.000 0.000 0.000 0.000 0.000 0.000 0.000 0.000 0.000 0.000 0.000 0.000 0.000 0.000 0.000 0.001 0.001 0.001 0.001 0.001 0.001 0.008 0.105 0.098 0.054 0.018 0.021 0.052 0.087 0.123 0.138 0.088 0.037 0.016 0.001 0.001 0.031 0.086 0.060 0.016 0.003 0.018 0.047 0.081 0.114 0.141 0.160 0.177 0.022 0.001 0.001 0.001 0.001 0.029 0.317 0.163 0.001 0.001 0.001 0.001 0.001 0.140 0.023 0.096
0.000 0.000 0.000 0.000 0.000 0.000 0.000 0.000 0.000 0.000 0.000 0.000 0.000 0.000 0.000 0.000 0.000 0.000 0.000 0.000 0.000 0.000 0.000 0.000 0.000 0.000 0.000 0.000 0.000 0.001 0.001 0.001 0.001 0.001 0.001 0.090 0.092 0.049 0.027 0.045 0.073 0.103 0.134 0.157 0.143 0.103 0.068 0.026 0.001 0.025 0.072 0.051 0.019 0.019 0.043 0.070 0.098 0.125 0.148 0.166 0.186 0.185 0.001 0.001 0.001 0.001 0.001 0.138 0.304 0.125 0.001 0.001 0.001 0.001 0.001 0.001 0.001
0.000 0.000 0.000 0.000 0.000 0.000 0.000 0.000 0.000 0.000 0.000 0.000 0.000 0.000 0.000 0.000 0.000 0.000 0.000 0.000 0.000 0.000 0.000 0.000 0.000 0.000 0.000 0.000 0.000 0.006 0.001 0.001 0.001 0.001 0.001 0.053 0.079 0.048 0.043 0.069 0.096 0.124 0.152 0.171 0.164 0.128 0.088 0.049 0.013 0.012 0.029 0.026 0.025 0.041 0.067 0.093 0.118 0.139 0.157 0.173 0.186 0.206 0.173 0.001 0.001 0.001 0.001 0.001 0.087 0.108 0.007 0.001 0.001 0.001 0.001 0.001 0.046
0.000 0.000 0.000 0.000 0.000 0.000 0.000 0.000 0.000 0.000 0.000 0.000 0.000 0.000 0.000 0.000 0.000 0.000 0.000 0.000 0.000 0.000 0.000 0.000 0.000 0.000 0.000 0.000 0.000 0.001 0.001 0.001 0.001 0.001 0.001 0.004 0.064 0.053 0.061 0.088 0.114 0.139 0.165 0.185 0.181 0.147 0.109 0.069 0.031 0.010 0.014 0.021 0.037 0.060 0.086 0.110 0.133 0.157 0.175 0.180 0.180 0.189 0.170 0.001 0.001 0.001 0.001 0.001 0.001 0.001 0.016 0.006 0.001 0.001 0.031 0.104 0.185
0.000 0.000 0.000 0.000 0.000 0.000 0.000 0.000 0.000 0.000 0.000 0.000 0.000 0.000 0.000 0.000 0.000 0.000 0.000 0.000 0.000 0.000 0.000 0.000 0.000 0.000 0.000 0.000 0.000 0.001 0.001 0.001 0.001 0.001 0.001 0.001 0.044 0.062 0.080 0.104 0.127 0.149 0.175 0.197 0.200 0.171 0.131 0.093 0.056 0.026 0.026 0.040 0.056 0.077 0.101 0.123 0.145 0.168 0.185 0.185 0.173 0.172 0.109 0.001 0.001 0.001 0.001 0.001 0.001 0.000 0.001 0.060 0.076 0.135 0.169 0.224 0.284
0.000 0.000 0.000 0.000 0.000 0.000 0.000 0.000 0.000 0.000 0.000 0.000 0.000 0.000 0.000 0.000 0.000 0.000 0.000 0.000 0.000 0.000 0.000 0.000 0.000 0.000 0.000 0.000 0.000 0.001 0.001 0.001 0.001 0.001 0.001 0.001 0.029 0.077 0.094 0.114 0.136 0.158 0.180 0.199 0.213 0.207 0.168 0.126 0.087 0.053 0.046 0.057 0.071 0.089 0.110 0.132 0.150 0.162 0.166 0.159 0.154 0.147 0.001 0.001 0.001 0.001 0.001 0.001 0.001 0.001 0.001 0.001 0.110 0.213 0.185 0.202 0.206
0.000 0.000 0.000 0.000 0.000 0.000 0.000 0.000 0.000 0.000 0.000 0.000 0.000 0.000 0.000 0.000 0.000 0.000 0.000 0.000 0.000 0.000 0.000 0.000 0.000 0.000 0.000 0.000 0.000 0.001 0.001 0.001 0.001 0.001 0.001 0.001 0.056 0.088 0.101 0.120 0.140 0.160 0.175 0.191 0.212 0.231 0.217 0.176 0.126 0.082 0.066 0.072 0.081 0.095 0.115 0.134 0.147 0.145 0.135 0.125 0.118 0.085 0.001 0.001 0.001 0.001 0.001 0.001 0.001 0.001 0.001 0.001 0.113 0.209 0.155 0.117 0.022
0.000 0.000 0.000 0.000 0.000 0.000 0.000 0.000 0.000 0.000 0.000 0.000 0.000 0.000 0.000 0.000 0.000 0.000 0.000 0.000 0.000 0.000 0.000 0.000 0.000 0.000 0.000 0.000 0.000 0.027 0.001 0.001 0.001 0.001 0.001 0.002 0.080 0.096 0.108 0.122 0.137 0.152 0.164 0.182 0.203 0.228 0.242 0.234 0.191 0.132 0.089 0.081 0.089 0.099 0.112 0.128 0.137 0.132 0.120 0.106 0.095 0.052 0.001 0.001 0.001 0.001 0.001 0.001 0.001 0.001 0.001 0.001 0.004 0.219 0.227 0.095 0.001
0.000 0.000 0.000 0.000 0.000 0.000 0.000 0.000 0.000 0.000 0.000 0.000 0.000 0.000 0.000 0.000 0.000 0.000 0.000 0.000 0.000 0.000 0.000 0.000 0.000 0.000 0.000 0.000 0.000 0.001 0.001 0.001 0.001 0.001 0.001 0.001 0.063 0.090 0.101 0.104 0.117 0.136 0.151 0.173 0.196 0.218 0.240 0.259 0.246 0.195 0.128 0.083 0.079 0.083 0.090 0.107 0.123 0.122 0.113 0.103 0.091 0.074 0.001 0.001 0.001 0.001 0.001 0.000 0.001 0.001 0.001 0.001 0.001 0.132 0.235 0.105 0.001
0.000 0.000 0.000 0.000 0.000 0.000 0.000 0.000 0.000 0.000 0.000 0.000 0.000 0.000 0.000 0.000 0.000 0.000 0.000 0.000 0.000 0.000 0.000 0.000 0.000 0.000 0.000 0.000 0.000 0.001 0.001 0.001 0.001 0.001 0.001 0.001 0.024 0.067 0.078 0.069 0.083 0.109 0.136 0.157 0.177 0.200 0.220 0.238 0.224 0.183 0.123 0.066 0.047 0.047 0.052 0.070 0.095 0.113 0.114 0.105 0.090 0.074 0.002 0.001 0.001 0.001 0.001 0.001 0.001 0.001 0.001 0.001 0.001 0.001 0.059 0.155 0.010
0.000 0.000 0.000 0.000 0.000 0.000 0.000 0.000 0.000 0.000 0.000 0.000 0.000 0.000 0.000 0.000 0.000 0.000 0.000 0.000 0.000 0.000 0.000 0.000 0.000 0.000 0.000 0.000 0.000 0.001 0.001 0.001 0.001 0.001 0.001 0.001 0.001 0.047 0.075 0.055 0.059 0.085 0.119 0.145 0.155 0.167 0.165 0.158 0.125 0.080 0.013 0.001 0.001 0.004 0.012 0.028 0.053 0.083 0.106 0.109 0.099 0.098 0.112 0.066 0.001 0.001 0.001 0.001 0.001 0.001 0.001 0.001 0.001 0.001 0.001 0.038 0.001
0.000 0.000 0.000 0.000 0.000 0.000 0.000 0.000 0.000 0.000 0.000 0.000 0.000 0.000 0.000 0.000 0.000 0.000 0.000 0.000 0.000 0.000 0.000 0.000 0.000 0.000 0.000 0.000 0.000 0.000 0.001 0.001 0.001 0.001 0.001 0.001 0.001 0.033 0.093 0.099 0.085 0.085 0.106 0.142 0.137 0.098 0.061 0.030 0.002 0.001 0.001 0.001 0.001 0.002 0.002 0.001 0.011 0.046 0.086 0.121 0.148 0.169 0.210 0.253 0.229 0.001 0.001 0.001 0.001 0.001 0.001 0.001 0.001 0.001 0.001 0.002 0.001
0.000 0.000 0.000 0.000 0.000 0.000 0.000 0.000 0.000 0.000 0.000 0.000 0.000 0.000 0.000 0.000 0.000 0.000 0.000 0.000 0.000 0.000 0.000 0.000 0.000 0.000 0.000 0.000 0.000 0.000 0.001 0.001 0.000 0.001 0.001 0.001 0.001 0.021 0.108 0.135 0.102 0.084 0.100 0.133 0.099 0.001 0.001 0.001 0.001 0.001 0.001 0.001 0.001 0.003 0.001 0.001 0.001 0.011 0.057 0.107 0.151 0.180 0.213 0.262 0.313 0.019 0.001 0.001 0.001 0.001 0.017 0.027 0.005 0.020 0.016 0.002 0.001
0.000 0.000 0.000 0.000 0.000 0.000 0.000 0.000 0.000 0.000 0.000 0.000 0.000 0.000 0.000 0.000 0.000 0.000 0.000 0.000 0.000 0.000 0.000 0.000 0.000 0.000 0.000 0.000 0.000 0.000 0.001 0.001 0.001 0.001 0.001 0.001 0.001 0.030 0.100 0.078 0.044 0.055 0.093 0.111 0.032 0.001 0.001 0.001 0.001 0.001 0.001 0.001 0.002 0.002 0.001 0.001 0.001 0.001 0.012 0.056 0.102 0.139 0.131 0.161 0.233 0.232 0.001 0.001 0.001 0.001 0.008 0.060 0.062 0.001 0.001 0.001 0.001
0.000 0.000 0.000 0.000 0.000 0.000 0.000 0.000 0.000 0.000 0.000 0.000 0.000 0.000 0.000 0.000 0.000 0.000 0.000 0.000 0.000 0.000 0.000 0.000 0.000 0.000 0.000 0.000 0.000 0.000 0.001 0.001 0.001 0.001 0.001 0.001 0.001 0.061 0.061 0.016 0.009 0.051 0.103 0.108 0.014 0.001 0.001 0.001 0.001 0.001 0.001 0.001 0.001 0.001 0.001 0.001 0.001 0.001 0.001 0.003 0.046 0.092 0.098 0.056 0.088 0.155 0.001 0.001 0.001 0.001 0.001 0.055 0.001 0.001 0.001 0.001 0.001
0.000 0.000 0.000 0.000 0.000 0.000 0.000 0.000 0.000 0.000 0.000 0.000 0.000 0.000 0.000 0.000 0.000 0.000 0.000 0.000 0.000 0.000 0.000 0.000 0.000 0.000 0.000 0.000 0.000 0.000 0.001 0.001 0.001 0.001 0.001 0.001 0.072 0.087 0.045 0.010 0.022 0.063 0.110 0.128 0.056 0.001 0.001 0.001 0.001 0.001 0.001 0.001 0.001 0.001 0.001 0.001 0.001 0.001 0.001 0.001 0.001 0.036 0.072 0.031 0.001 0.004 0.001 0.001 0.001 0.001 0.001 0.001 0.001 0.001 0.013 0.009 0.006
0.000 0.000 0.000 0.000 0.000 0.000 0.000 0.000 0.000 0.000 0.000 0.000 0.000 0.000 0.000 0.000 0.000 0.000 0.000 0.000 0.000 0.000 0.000 0.000 0.000 0.000 0.000 0.000 0.000 0.000 0.001 0.001 0.001 0.001 0.001 0.001 0.108 0.088 0.041 0.020 0.042 0.076 0.114 0.140 0.084 0.001 0.001 0.001 0.001 0.001 0.001 0.001 0.001 0.001 0.001 0.001 0.001 0.001 0.001 0.001 0.001 0.001 0.026 0.026 0.001 0.001 0.001 0.001 0.001 0.015 0.001 0.001 0.001 0.005 0.046 0.001 0.001
0.000 0.000 0.000 0.000 0.000 0.000 0.000 0.000 0.000 0.000 0.000 0.000 0.000 0.000 0.000 0.000 0.000 0.000 0.000 0.000 0.000 0.000 0.000 0.000 0.000 0.000 0.000 0.000 0.000 0.000 0.001 0.001 0.001 0.001 0.001 0.001 0.084 0.081 0.041 0.039 0.065 0.095 0.126 0.151 0.088 0.001 0.001 0.001 0.001 0.001 0.001 0.001 0.001 0.001 0.001 0.001 0.001 0.001 0.001 0.001 0.001 0.001 0.003 0.011 0.001 0.001 0.001 0.001 0.001 0.001 0.001 0.001 0.001 0.003 0.032 0.001 0.001
0.000 0.000 0.000 0.000 0.000 0.000 0.000 0.000 0.000 0.000 0.000 0.000 0.000 0.000 0.000 0.000 0.000 0.000 0.000 0.000 0.000 0.000 0.000 0.000 0.000 0.000 0.000 0.000 0.000 0.000 0.001 0.001 0.001 0.001 0.001 0.001 0.034 0.071 0.044 0.062 0.089 0.118 0.146 0.170 0.115 0.001 0.001 0.001 0.001 0.001 0.001 0.001 0.001 0.001 0.001 0.001 0.001 0.001 0.001 0.001 0.001 0.001 0.003 0.005 0.001 0.001 0.001 0.001 0.001 0.001 0.001 0.001 0.001 0.002 0.004 0.001 0.001
0.000 0.000 0.000 0.000 0.000 0.000 0.000 0.000 0.000 0.000 0.000 0.000 0.000 0.000 0.000 0.000 0.000 0.000 0.000 0.000 0.000 0.000 0.000 0.000 0.000 0.000 0.000 0.000 0.000 0.000 0.001 0.001 0.001 0.001 0.001 0.001 0.001 0.061 0.057 0.083 0.110 0.136 0.160 0.184 0.148 0.001 0.001 0.001 0.001 0.001 0.001 0.001 0.001 0.001 0.001 0.001 0.001 0.001 0.001 0.001 0.001 0.001 0.004 0.002 0.001 0.001 0.001 0.001 0.000 0.001 0.001 0.001 0.001 0.004 0.003 0.001 0.001
0.000 0.000 0.000 0.000 0.000 0.000 0.000 0.000 0.000 0.000 0.000 0.000 0.000 0.000 0.000 0.000 0.000 0.000 0.000 0.000 0.000 0.000 0.000 0.000 0.000 0.000 0.000 0.000 0.000 0.000 0.001 0.001 0.001 0.001 0.001 0.001 0.001 0.052 0.076 0.100 0.125 0.148 0.171 0.198 0.176 0.001 0.001 0.001 0.001 0.001 0.001 0.001 0.001 0.001 0.001 0.001 0.001 0.001 0.001 0.001 0.001 0.002 0.004 0.001 0.001 0.001 0.001 0.001 0.001 0.001 0.001 0.001 0.008 0.006 0.001 0.000 0.001
0.000 0.000 0.000 0.000 0.000 0.000 0.000 0.000 0.000 0.000 0.000 0.000 0.000 0.000 0.000 0.000 0.000 0.000 0.000 0.000 0.000 0.000 0.000 0.000 0.000 0.000 0.000 0.000 0.000 0.000 0.000 0.001 0.001 0.001 0.001 0.001 0.001 0.061 0.092 0.112 0.134 0.156 0.180 0.201 0.175 0.008 0.001 0.001 0.001 0.001 0.001 0.001 0.001 0.001 0.001 0.001 0.001 0.001 0.001 0.001 0.001 0.002 0.003 0.001 0.001 0.001 0.001 0.001 0.001 0.058 0.089 0.118 0.006 0.001 0.001 0.001 0.001
0.000 0.000 0.000 0.000 0.000 0.000 0.000 0.000 0.000 0.000 0.000 0.000 0.000 0.000 0.000 0.000 0.000 0.000 0.000 0.000 0.000 0.000 0.000 0.000 0.000 0.000 0.000 0.000 0.000 0.000 0.000 0.001 0.001 0.001 0.001 0.001 0.001 0.091 0.102 0.119 0.140 0.162 0.181 0.188 0.141 0.002 0.001 0.001 0.001 0.001 0.001 0.000 0.001 0.001 0.001 0.001 0.001 0.001 0.001 0.001 0.001 0.004 0.003 0.001 0.001 0.001 0.000 0.001 0.003 0.109 0.151 0.058 0.001 0.001 0.001 0.001 0.001
0.000 0.000 0.000 0.000 0.000 0.000 0.000 0.000 0.000 0.000 0.000 0.000 0.000 0.000 0.000 0.000 0.000 0.000 0.000 0.000 0.000 0.000 0.000 0.000 0.000 0.000 0.000 0.000 0.000 0.000 0.000 0.001 0.001 0.001 0.001 0.001 0.050 0.100 0.113 0.125 0.141 0.157 0.170 0.158 0.084 0.001 0.001 0.001 0.001 0.001 0.001 0.001 0.001 0.001 0.017 0.001 0.001 0.001 0.001 0.001 0.006 0.005 0.001 0.001 0.001 0.001 0.001 0.001 0.001 0.013 0.001 0.001 0.001 0.001 0.001 0.001 0.001
