Project1/res/jiangbei.max
ncols         319
nrows         411
xllcorner     657492.000000
yllcorner     3548067.000000
cellsize      10.000000
NODATA_value  -9999.000000
[rows 136 to 169 of 411, columns 0 to 76 of 319]
0.000 0.000 0.000 0.000 0.000 0.000 0.000 0.000 0.000 0.000 0.000 0.000 0.000 0.000 0.000 0.000 0.000 0.000 0.000 0.003 0.004 0.006 0.010 0.016 0.055 0.064 0.048 0.096 0.026 0.004 0.004 0.006 0.015 0.030 0.033 0.013 0.007 0.006 0.005 0.006 0.011 0.046 0.019 0.015 0.019 0.054 0.009 0.004 0.004 0.004 0.027 0.054 0.049 0.041 0.053 0.081 0.105 0.114 0.109 0.109 0.078 0.052 0.060 0.066 0.105 0.065 0.020 0.010 0.010 0.011 0.009 0.009 0.011 0.012 0.015 0.017 0.016
0.000 0.000 0.000 0.000 0.000 0.000 0.000 0.000 0.000 0.000 0.000 0.000 0.000 0.000 0.000 0.000 0.000 0.000 0.000 0.000 0.003 0.005 0.008 0.009 0.029 0.099 0.038 0.068 0.048 0.006 0.004 0.018 0.018 0.011 0.011 0.010 0.006 0.004 0.005 0.007 0.011 0.022 0.019 0.063 0.107 0.139 0.032 0.005 0.005 0.004 0.042 0.034 0.020 0.013 0.013 0.020 0.035 0.017 0.011 0.013 0.066 0.126 0.185 0.141 0.044 0.044 0.034 0.012 0.007 0.009 0.008 0.007 0.009 0.011 0.014 0.016 0.014
0.000 0.000 0.000 0.000 0.000 0.000 0.000 0.000 0.000 0.000 0.000 0.000 0.000 0.000 0.000 0.000 0.000 0.000 0.000 0.000 0.000 0.004 0.006 0.007 0.011 0.102 0.110 0.110 0.119 0.065 0.047 0.025 0.005 0.004 0.006 0.011 0.004 0.003 0.004 0.006 0.005 0.006 0.007 0.010 0.156 0.208 0.080 0.004 0.030 0.086 0.059 0.020 0.010 0.010 0.012 0.019 0.032 0.008 0.006 0.008 0.008 0.013 0.051 0.041 0.024 0.031 0.039 0.051 0.012 0.008 0.008 0.008 0.009 0.009 0.017 0.018 0.012
0.000 0.000 0.000 0.000 0.000 0.000 0.000 0.000 0.000 0.000 0.000 0.000 0.000 0.000 0.000 0.000 0.000 0.000 0.000 0.000 0.000 0.004 0.006 0.007 0.008 0.009 0.012 0.090 0.108 0.062 0.041 0.034 0.003 0.002 0.004 0.008 0.071 0.023 0.018 0.006 0.004 0.003 0.005 0.006 0.051 0.220 0.166 0.067 0.076 0.083 0.007 0.006 0.008 0.010 0.011 0.018 0.028 0.008 0.005 0.007 0.007 0.012 0.031 0.009 0.009 0.005 0.006 0.059 0.047 0.018 0.010 0.009 0.009 0.006 0.017 0.013 0.007
0.000 0.000 0.000 0.000 0.000 0.000 0.000 0.000 0.000 0.000 0.000 0.000 0.000 0.000 0.000 0.000 0.000 0.000 0.000 0.000 0.000 0.000 0.005 0.006 0.008 0.008 0.010 0.046 0.096 0.026 0.027 0.053 0.006 0.003 0.003 0.006 0.015 0.082 0.063 0.022 0.005 0.003 0.004 0.005 0.013 0.166 0.219 0.138 0.028 0.007 0.006 0.006 0.009 0.010 0.012 0.017 0.023 0.008 0.006 0.007 0.008 0.015 0.034 0.009 0.006 0.004 0.006 0.020 0.024 0.018 0.011 0.008 0.008 0.005 0.010 0.011 0.005
0.000 0.000 0.000 0.000 0.000 0.000 0.000 0.000 0.000 0.000 0.000 0.000 0.000 0.000 0.000 0.000 0.000 0.000 0.000 0.000 0.000 0.000 0.003 0.005 0.007 0.008 0.009 0.011 0.035 0.024 0.016 0.061 0.150 0.090 0.004 0.006 0.008 0.025 0.019 0.021 0.007 0.006 0.013 0.019 0.020 0.125 0.224 0.182 0.016 0.005 0.004 0.009 0.013 0.011 0.011 0.015 0.019 0.008 0.006 0.008 0.010 0.020 0.026 0.008 0.005 0.004 0.008 0.011 0.017 0.020 0.013 0.009 0.010 0.006 0.003 0.005 0.006
0.000 0.000 0.000 0.000 0.000 0.000 0.000 0.000 0.000 0.000 0.000 0.000 0.000 0.000 0.000 0.000 0.000 0.000 0.000 0.000 0.000 0.000 0.000 0.003 0.005 0.007 0.007 0.008 0.011 0.027 0.024 0.022 0.105 0.203 0.079 0.004 0.004 0.006 0.020 0.028 0.005 0.012 0.016 0.020 0.026 0.093 0.167 0.186 0.106 0.006 0.003 0.018 0.014 0.007 0.010 0.011 0.015 0.009 0.010 0.013 0.016 0.025 0.020 0.007 0.005 0.004 0.012 0.013 0.016 0.018 0.009 0.008 0.009 0.005 0.006 0.006 0.008
0.000 0.000 0.000 0.000 0.000 0.000 0.000 0.000 0.000 0.000 0.000 0.000 0.000 0.000 0.000 0.000 0.000 0.000 0.000 0.000 0.000 0.000 0.000 0.000 0.004 0.006 0.006 0.007 0.008 0.012 0.077 0.057 0.058 0.127 0.135 0.004 0.003 0.004 0.006 0.040 0.029 0.008 0.011 0.011 0.014 0.056 0.101 0.122 0.112 0.053 0.027 0.022 0.008 0.006 0.009 0.010 0.008 0.010 0.011 0.012 0.022 0.033 0.009 0.005 0.005 0.010 0.017 0.013 0.014 0.007 0.006 0.004 0.005 0.006 0.007 0.006 0.007
0.000 0.000 0.000 0.000 0.000 0.000 0.000 0.000 0.000 0.000 0.000 0.000 0.000 0.000 0.000 0.000 0.000 0.000 0.000 0.000 0.000 0.000 0.000 0.000 0.003 0.005 0.005 0.007 0.008 0.008 0.010 0.019 0.032 0.065 0.117 0.007 0.004 0.002 0.004 0.009 0.019 0.009 0.015 0.009 0.010 0.017 0.020 0.019 0.025 0.035 0.029 0.026 0.007 0.006 0.008 0.009 0.007 0.009 0.010 0.012 0.018 0.068 0.027 0.004 0.010 0.160 0.064 0.005 0.007 0.004 0.004 0.006 0.006 0.009 0.007 0.009 0.012
0.000 0.000 0.000 0.000 0.000 0.000 0.000 0.000 0.000 0.000 0.000 0.000 0.000 0.000 0.000 0.000 0.000 0.000 0.000 0.000 0.000 0.000 0.000 0.000 0.000 0.004 0.005 0.008 0.007 0.006 0.007 0.009 0.011 0.046 0.087 0.055 0.008 0.005 0.003 0.004 0.007 0.010 0.019 0.008 0.009 0.012 0.011 0.009 0.009 0.015 0.021 0.045 0.008 0.005 0.007 0.007 0.006 0.007 0.009 0.010 0.009 0.009 0.033 0.003 0.004 0.023 0.029 0.002 0.006 0.004 0.005 0.007 0.009 0.015 0.004 0.010 0.034
0.000 0.000 0.000 0.000 0.000 0.000 0.000 0.000 0.000 0.000 0.000 0.000 0.000 0.000 0.000 0.000 0.000 0.000 0.000 0.000 0.000 0.000 0.000 0.000 0.000 0.007 0.014 0.012 0.006 0.005 0.005 0.006 0.008 0.061 0.083 0.072 0.125 0.170 0.005 0.003 0.005 0.007 0.014 0.013 0.010 0.011 0.009 0.007 0.008 0.011 0.018 0.047 0.009 0.004 0.004 0.004 0.003 0.005 0.007 0.007 0.006 0.004 0.007 0.046 0.004 0.009 0.008 0.007 0.009 0.008 0.007 0.007 0.011 0.019 0.003 0.004 0.014
0.000 0.000 0.000 0.000 0.000 0.000 0.000 0.000 0.000 0.000 0.000 0.000 0.000 0.000 0.000 0.000 0.000 0.000 0.000 0.000 0.000 0.000 0.000 0.000 0.000 0.000 0.007 0.007 0.007 0.007 0.007 0.005 0.007 0.127 0.122 0.039 0.026 0.099 0.118 0.005 0.003 0.006 0.011 0.012 0.012 0.013 0.010 0.008 0.012 0.017 0.027 0.040 0.007 0.006 0.005 0.004 0.005 0.003 0.004 0.006 0.006 0.005 0.005 0.017 0.021 0.018 0.010 0.022 0.033 0.018 0.017 0.013 0.014 0.024 0.005 0.004 0.017
0.000 0.000 0.000 0.000 0.000 0.000 0.000 0.000 0.000 0.000 0.000 0.000 0.000 0.000 0.000 0.000 0.000 0.000 0.000 0.000 0.000 0.000 0.000 0.000 0.000 0.000 0.005 0.011 0.010 0.009 0.010 0.010 0.005 0.011 0.054 0.055 0.024 0.006 0.052 0.020 0.005 0.005 0.008 0.007 0.008 0.012 0.022 0.040 0.039 0.027 0.027 0.037 0.011 0.007 0.005 0.006 0.083 0.006 0.004 0.007 0.009 0.012 0.010 0.007 0.005 0.005 0.015 0.215 0.004 0.003 0.013 0.144 0.152 0.058 0.020 0.016 0.016
0.000 0.000 0.000 0.000 0.000 0.000 0.000 0.000 0.000 0.000 0.000 0.000 0.000 0.000 0.000 0.000 0.000 0.000 0.000 0.000 0.000 0.000 0.000 0.000 0.000 0.000 0.004 0.005 0.009 0.009 0.035 0.468 0.250 0.004 0.006 0.061 0.097 0.025 0.014 0.021 0.008 0.004 0.005 0.004 0.006 0.009 0.020 0.033 0.020 0.012 0.011 0.019 0.057 0.012 0.005 0.145 0.468 0.389 0.017 0.008 0.009 0.013 0.009 0.008 0.007 0.007 0.003 0.003 0.003 0.004 0.013 0.399 0.135 0.009 0.011 0.020 0.027
0.000 0.000 0.000 0.000 0.000 0.000 0.000 0.000 0.000 0.000 0.000 0.000 0.000 0.000 0.000 0.000 0.000 0.000 0.000 0.000 0.000 0.000 0.000 0.000 0.000 0.000 0.003 0.003 0.005 0.008 0.498 0.664 0.229 0.004 0.004 0.009 0.133 0.065 0.012 0.011 0.021 0.006 0.004 0.003 0.004 0.007 0.011 0.019 0.008 0.007 0.007 0.007 0.185 0.139 0.028 0.118 0.249 0.169 0.048 0.056 0.036 0.022 0.013 0.011 0.012 0.013 0.004 0.003 0.005 0.052 0.183 0.038 0.006 0.004 0.005 0.008 0.040
0.000 0.000 0.000 0.000 0.000 0.000 0.000 0.000 0.000 0.000 0.000 0.000 0.000 0.000 0.000 0.000 0.000 0.000 0.000 0.000 0.000 0.000 0.000 0.000 0.000 0.000 0.000 0.003 0.005 0.009 0.638 0.389 0.004 0.003 0.003 0.005 0.012 0.042 0.008 0.004 0.005 0.004 0.008 0.004 0.003 0.005 0.007 0.009 0.006 0.006 0.004 0.016 0.364 0.228 0.054 0.022 0.006 0.003 0.009 0.009 0.010 0.014 0.020 0.035 0.262 0.554 0.296 0.083 0.190 0.158 0.006 0.008 0.009 0.011 0.005 0.008 0.011
0.000 0.000 0.000 0.000 0.000 0.000 0.000 0.000 0.000 0.000 0.000 0.000 0.000 0.000 0.000 0.000 0.000 0.000 0.000 0.000 0.000 0.000 0.000 0.000 0.000 0.000 0.000 0.003 0.005 0.139 0.517 0.142 0.005 0.007 0.007 0.005 0.007 0.026 0.043 0.007 0.005 0.013 0.074 0.006 0.005 0.004 0.004 0.005 0.005 0.005 0.006 0.015 0.348 0.182 0.008 0.007 0.006 0.011 0.009 0.004 0.006 0.008 0.009 0.008 0.089 0.651 0.610 0.367 0.009 0.006 0.003 0.004 0.007 0.020 0.011 0.008 0.007
0.000 0.000 0.000 0.000 0.000 0.000 0.000 0.000 0.000 0.000 0.000 0.000 0.000 0.000 0.000 0.000 0.000 0.000 0.000 0.000 0.000 0.000 0.000 0.000 0.000 0.000 0.000 0.004 0.005 0.227 0.348 0.152 0.055 0.028 0.017 0.007 0.007 0.009 0.018 0.061 0.007 0.016 0.032 0.012 0.008 0.005 0.003 0.003 0.003 0.005 0.012 0.012 0.132 0.009 0.007 0.005 0.004 0.004 0.004 0.003 0.005 0.007 0.006 0.004 0.015 0.368 0.142 0.007 0.007 0.007 0.004 0.003 0.004 0.010 0.007 0.006 0.005
0.000 0.000 0.000 0.000 0.000 0.000 0.000 0.000 0.000 0.000 0.000 0.000 0.000 0.000 0.000 0.000 0.000 0.000 0.000 0.000 0.000 0.000 0.000 0.000 0.000 0.000 0.000 0.005 0.006 0.342 0.250 0.081 0.016 0.016 0.014 0.010 0.006 0.007 0.008 0.079 0.072 0.034 0.017 0.014 0.018 0.015 0.005 0.003 0.005 0.008 0.008 0.008 0.012 0.006 0.004 0.006 0.009 0.005 0.004 0.004 0.004 0.006 0.011 0.026 0.025 0.026 0.006 0.005 0.008 0.013 0.013 0.004 0.006 0.020 0.007 0.004 0.004
0.000 0.000 0.000 0.000 0.000 0.000 0.000 0.000 0.000 0.000 0.000 0.000 0.000 0.000 0.000 0.000 0.000 0.000 0.000 0.000 0.000 0.000 0.000 0.000 0.000 0.000 0.000 0.000 0.006 0.337 0.038 0.009 0.010 0.009 0.009 0.007 0.006 0.007 0.008 0.015 0.026 0.039 0.032 0.018 0.030 0.027 0.072 0.006 0.037 0.072 0.017 0.006 0.010 0.003 0.003 0.005 0.110 0.007 0.005 0.005 0.004 0.005 0.007 0.034 0.027 0.010 0.006 0.005 0.007 0.006 0.009 0.011 0.016 0.034 0.011 0.005 0.005
0.000 0.000 0.000 0.000 0.000 0.000 0.000 0.000 0.000 0.000 0.000 0.000 0.000 0.000 0.000 0.000 0.000 0.000 0.000 0.000 0.000 0.000 0.000 0.000 0.000 0.000 0.000 0.000 0.283 0.275 0.008 0.007 0.008 0.008 0.007 0.005 0.006 0.009 0.010 0.012 0.047 0.060 0.083 0.047 0.038 0.040 0.039 0.012 0.018 0.049 0.007 0.004 0.010 0.008 0.005 0.006 0.380 0.429 0.007 0.006 0.006 0.004 0.005 0.022 0.024 0.010 0.008 0.006 0.005 0.004 0.005 0.006 0.007 0.010 0.091 0.043 0.005
0.000 0.000 0.000 0.000 0.000 0.000 0.000 0.000 0.000 0.000 0.000 0.000 0.000 0.000 0.000 0.000 0.000 0.000 0.000 0.000 0.000 0.000 0.000 0.000 0.000 0.000 0.000 0.000 0.447 0.299 0.011 0.007 0.006 0.006 0.006 0.004 0.006 0.009 0.008 0.007 0.009 0.011 0.016 0.012 0.012 0.017 0.008 0.007 0.008 0.036 0.009 0.003 0.004 0.008 0.007 0.234 0.617 0.530 0.365 0.072 0.008 0.006 0.019 0.042 0.018 0.011 0.010 0.012 0.013 0.006 0.005 0.007 0.006 0.006 0.011 0.114 0.051
0.000 0.000 0.000 0.000 0.000 0.000 0.000 0.000 0.000 0.000 0.000 0.000 0.000 0.000 0.000 0.000 0.000 0.000 0.000 0.000 0.000 0.000 0.000 0.000 0.000 0.000 0.000 0.000 0.189 0.007 0.008 0.008 0.005 0.003 0.004 0.004 0.004 0.004 0.004 0.004 0.005 0.006 0.008 0.006 0.006 0.006 0.010 0.009 0.012 0.029 0.036 0.004 0.004 0.007 0.221 0.553 0.763 0.623 0.428 0.194 0.021 0.019 0.023 0.014 0.010 0.008 0.005 0.007 0.024 0.008 0.007 0.010 0.009 0.008 0.009 0.125 0.301
0.000 0.000 0.000 0.000 0.000 0.000 0.000 0.000 0.000 0.000 0.000 0.000 0.000 0.000 0.000 0.000 0.000 0.000 0.000 0.000 0.000 0.000 0.000 0.000 0.000 0.000 0.000 0.000 0.004 0.003 0.004 0.005 0.004 0.003 0.003 0.005 0.007 0.007 0.007 0.007 0.006 0.005 0.007 0.008 0.009 0.028 0.043 0.005 0.007 0.024 0.052 0.011 0.009 0.216 0.667 0.699 0.675 0.631 0.351 0.007 0.006 0.006 0.018 0.009 0.007 0.006 0.004 0.005 0.014 0.011 0.012 0.015 0.008 0.010 0.010 0.030 0.224
0.000 0.000 0.000 0.000 0.000 0.000 0.000 0.000 0.000 0.000 0.000 0.000 0.000 0.000 0.000 0.000 0.000 0.000 0.000 0.000 0.000 0.000 0.000 0.000 0.000 0.000 0.000 0.000 0.003 0.003 0.003 0.003 0.004 0.005 0.005 0.006 0.007 0.007 0.007 0.008 0.009 0.007 0.007 0.014 0.058 0.157 0.129 0.003 0.004 0.010 0.030 0.026 0.026 0.510 0.878 0.789 0.578 0.486 0.142 0.006 0.005 0.005 0.015 0.006 0.004 0.004 0.005 0.006 0.011 0.014 0.022 0.014 0.007 0.021 0.008 0.004 0.007
0.000 0.000 0.000 0.000 0.000 0.000 0.000 0.000 0.000 0.000 0.000 0.000 0.000 0.000 0.000 0.000 0.000 0.000 0.000 0.000 0.000 0.000 0.000 0.000 0.000 0.000 0.000 0.000 0.000 0.003 0.004 0.004 0.004 0.006 0.007 0.006 0.007 0.007 0.008 0.010 0.016 0.006 0.003 0.003 0.006 0.009 0.135 0.030 0.004 0.013 0.017 0.018 0.012 0.008 0.080 0.294 0.398 0.350 0.004 0.004 0.003 0.005 0.011 0.004 0.006 0.006 0.007 0.046 0.114 0.090 0.037 0.013 0.010 0.031 0.008 0.004 0.006
0.000 0.000 0.000 0.000 0.000 0.000 0.000 0.000 0.000 0.000 0.000 0.000 0.000 0.000 0.000 0.000 0.000 0.000 0.000 0.000 0.000 0.000 0.000 0.000 0.000 0.000 0.000 0.000 0.000 0.003 0.007 0.004 0.003 0.005 0.009 0.009 0.011 0.013 0.058 0.050 0.053 0.036 0.005 0.004 0.007 0.004 0.007 0.054 0.040 0.037 0.018 0.016 0.014 0.004 0.004 0.006 0.019 0.344 0.211 0.003 0.002 0.005 0.007 0.012 0.016 0.020 0.026 0.306 0.347 0.205 0.114 0.031 0.013 0.016 0.006 0.004 0.006
0.000 0.000 0.000 0.000 0.000 0.000 0.000 0.000 0.000 0.000 0.000 0.000 0.000 0.000 0.000 0.000 0.000 0.000 0.000 0.000 0.000 0.000 0.000 0.000 0.000 0.000 0.000 0.000 0.000 0.004 0.010 0.012 0.005 0.004 0.013 0.030 0.043 0.056 0.052 0.025 0.039 0.059 0.048 0.006 0.004 0.003 0.004 0.006 0.009 0.019 0.010 0.010 0.013 0.005 0.007 0.008 0.010 0.274 0.530 0.006 0.004 0.003 0.003 0.005 0.006 0.006 0.007 0.193 0.400 0.269 0.164 0.105 0.056 0.014 0.007 0.006 0.005
0.000 0.000 0.000 0.000 0.000 0.000 0.000 0.000 0.000 0.000 0.000 0.000 0.000 0.000 0.000 0.000 0.000 0.000 0.000 0.000 0.000 0.000 0.000 0.000 0.000 0.000 0.000 0.000 0.000 0.322 0.415 0.236 0.031 0.006 0.041 0.025 0.020 0.024 0.023 0.008 0.006 0.027 0.050 0.009 0.005 0.003 0.004 0.004 0.005 0.007 0.008 0.008 0.007 0.006 0.009 0.009 0.008 0.007 0.264 0.155 0.006 0.004 0.003 0.002 0.004 0.004 0.004 0.040 0.352 0.289 0.162 0.141 0.182 0.182 0.101 0.010 0.007
0.000 0.000 0.000 0.000 0.000 0.000 0.000 0.000 0.000 0.000 0.000 0.000 0.000 0.000 0.000 0.000 0.000 0.000 0.000 0.000 0.000 0.000 0.000 0.000 0.000 0.000 0.000 0.000 0.000 0.567 0.337 0.113 0.073 0.052 0.010 0.010 0.013 0.016 0.014 0.008 0.010 0.026 0.048 0.035 0.007 0.005 0.004 0.009 0.004 0.004 0.004 0.006 0.009 0.009 0.006 0.008 0.004 0.004 0.006 0.193 0.325 0.241 0.004 0.003 0.003 0.005 0.006 0.019 0.284 0.302 0.169 0.122 0.182 0.237 0.287 0.017 0.008
0.000 0.000 0.000 0.000 0.000 0.000 0.000 0.000 0.000 0.000 0.000 0.000 0.000 0.000 0.000 0.000 0.000 0.000 0.000 0.000 0.000 0.000 0.000 0.000 0.000 0.000 0.000 0.000 0.000 0.374 0.267 0.081 0.063 0.034 0.009 0.008 0.010 0.009 0.007 0.005 0.007 0.020 0.056 0.067 0.008 0.006 0.006 0.009 0.007 0.004 0.002 0.003 0.016 0.027 0.008 0.007 0.003 0.003 0.005 0.068 0.326 0.495 0.282 0.004 0.004 0.004 0.011 0.009 0.077 0.262 0.249 0.210 0.185 0.139 0.097 0.009 0.008
0.000 0.000 0.000 0.000 0.000 0.000 0.000 0.000 0.000 0.000 0.000 0.000 0.000 0.000 0.000 0.000 0.000 0.000 0.000 0.000 0.000 0.000 0.000 0.000 0.000 0.000 0.000 0.000 0.000 0.144 0.160 0.026 0.031 0.032 0.009 0.007 0.005 0.005 0.005 0.007 0.007 0.008 0.044 0.260 0.011 0.007 0.007 0.008 0.008 0.008 0.004 0.006 0.016 0.050 0.036 0.009 0.009 0.002 0.004 0.007 0.172 0.344 0.344 0.012 0.006 0.004 0.003 0.004 0.006 0.142 0.261 0.259 0.090 0.009 0.008 0.006 0.007
0.000 0.000 0.000 0.000 0.000 0.000 0.000 0.000 0.000 0.000 0.000 0.000 0.000 0.000 0.000 0.000 0.000 0.000 0.000 0.000 0.000 0.000 0.000 0.000 0.000 0.000 0.000 0.000 0.000 0.005 0.011 0.005 0.006 0.037 0.009 0.006 0.004 0.006 0.008 0.009 0.006 0.007 0.009 0.360 0.329 0.009 0.008 0.008 0.008 0.022 0.007 0.004 0.006 0.009 0.044 0.029 0.021 0.012 0.023 0.035 0.058 0.130 0.114 0.006 0.006 0.005 0.003 0.003 0.005 0.032 0.175 0.118 0.010 0.008 0.007 0.005 0.005
0.000 0.000 0.000 0.000 0.000 0.000 0.000 0.000 0.000 0.000 0.000 0.000 0.000 0.000 0.000 0.000 0.000 0.000 0.000 0.000 0.000 0.000 0.000 0.000 0.000 0.000 0.000 0.000 0.000 0.004 0.005 0.005 0.005 0.014 0.006 0.004 0.004 0.007 0.009 0.011 0.004 0.005 0.008 0.269 0.635 0.469 0.010 0.008 0.008 0.015 0.008 0.004 0.004 0.006 0.009 0.011 0.019 0.017 0.025 0.027 0.033 0.007 0.019 0.030 0.092 0.178 0.004 0.003 0.004 0.006 0.075 0.012 0.010 0.009 0.007 0.005 0.004
