Project1/res/jiangbei.max
ncols         319
nrows         411
xllcorner     657492.000000
yllcorner     3548067.000000
cellsize      10.000000
NODATA_value  -9999.000000
[rows 204 to 237 of 411, columns 0 to 76 of 319]
0.000 0.000 0.000 0.000 0.000 0.000 0.000 0.000 0.000 0.000 0.000 0.000 0.000 0.000 0.000 0.000 0.000 0.000 0.000 0.000 0.000 0.000 0.000 0.000 0.000 0.000 0.000 0.000 0.003 0.021 0.037 0.028 0.023 0.029 0.031 0.024 0.015 0.012 0.008 0.009 0.011 0.124 0.172 0.089 0.010 0.009 0.010 0.010 0.011 0.007 0.009 0.047 0.338 0.387 0.080 0.004 0.006 0.018 0.015 0.010 0.009 0.007 0.007 0.010 0.057 0.094 0.118 0.005 0.003 0.004 0.069 0.013 0.002 0.004 0.057 0.013 0.022
0.000 0.000 0.000 0.000 0.000 0.000 0.000 0.000 0.000 0.000 0.000 0.000 0.000 0.000 0.000 0.000 0.000 0.000 0.000 0.000 0.000 0.000 0.000 0.000 0.000 0.000 0.000 0.000 0.004 0.010 0.025 0.021 0.025 0.025 0.035 0.036 0.026 0.015 0.011 0.011 0.046 0.182 0.100 0.010 0.009 0.008 0.008 0.006 0.006 0.006 0.006 0.007 0.199 0.270 0.049 0.006 0.013 0.015 0.009 0.006 0.005 0.007 0.011 0.012 0.023 0.005 0.017 0.009 0.012 0.012 0.041 0.013 0.003 0.015 0.062 0.098 0.114
0.000 0.000 0.000 0.000 0.000 0.000 0.000 0.000 0.000 0.000 0.000 0.000 0.000 0.000 0.000 0.000 0.000 0.000 0.000 0.000 0.000 0.000 0.000 0.000 0.000 0.000 0.000 0.000 0.003 0.005 0.005 0.010 0.015 0.013 0.016 0.033 0.032 0.026 0.021 0.013 0.080 0.158 0.014 0.009 0.009 0.008 0.006 0.004 0.005 0.007 0.008 0.006 0.007 0.026 0.005 0.007 0.014 0.013 0.007 0.006 0.006 0.011 0.089 0.062 0.013 0.006 0.009 0.017 0.005 0.005 0.011 0.048 0.054 0.015 0.004 0.065 0.124
0.000 0.000 0.000 0.000 0.000 0.000 0.000 0.000 0.000 0.000 0.000 0.000 0.000 0.000 0.000 0.000 0.000 0.000 0.000 0.000 0.000 0.000 0.000 0.000 0.000 0.000 0.000 0.000 0.003 0.004 0.006 0.019 0.007 0.007 0.009 0.027 0.040 0.030 0.033 0.072 0.193 0.135 0.010 0.008 0.009 0.006 0.005 0.004 0.005 0.007 0.017 0.008 0.004 0.006 0.004 0.006 0.013 0.014 0.009 0.009 0.010 0.064 0.101 0.015 0.012 0.008 0.005 0.013 0.003 0.003 0.004 0.006 0.019 0.004 0.003 0.004 0.007
0.000 0.000 0.000 0.000 0.000 0.000 0.000 0.000 0.000 0.000 0.000 0.000 0.000 0.000 0.000 0.000 0.000 0.000 0.000 0.000 0.000 0.000 0.000 0.000 0.000 0.000 0.000 0.000 0.004 0.005 0.025 0.019 0.007 0.005 0.008 0.013 0.043 0.016 0.010 0.085 0.152 0.017 0.008 0.008 0.007 0.008 0.008 0.011 0.005 0.007 0.108 0.121 0.008 0.009 0.008 0.005 0.007 0.011 0.010 0.012 0.024 0.056 0.011 0.006 0.010 0.010 0.003 0.007 0.016 0.009 0.008 0.015 0.006 0.003 0.002 0.003 0.005
0.000 0.000 0.000 0.000 0.000 0.000 0.000 0.000 0.000 0.000 0.000 0.000 0.000 0.000 0.000 0.000 0.000 0.000 0.000 0.000 0.000 0.000 0.000 0.000 0.000 0.000 0.000 0.000 0.005 0.012 0.088 0.014 0.007 0.005 0.007 0.010 0.023 0.031 0.027 0.050 0.015 0.005 0.006 0.006 0.004 0.007 0.013 0.026 0.112 0.101 0.173 0.152 0.049 0.054 0.008 0.003 0.004 0.009 0.005 0.078 0.072 0.009 0.005 0.004 0.007 0.014 0.003 0.005 0.021 0.005 0.009 0.103 0.010 0.004 0.002 0.004 0.071
0.000 0.000 0.000 0.000 0.000 0.000 0.000 0.000 0.000 0.000 0.000 0.000 0.000 0.000 0.000 0.000 0.000 0.000 0.000 0.000 0.000 0.000 0.000 0.000 0.000 0.000 0.000 0.000 0.008 0.101 0.116 0.016 0.008 0.005 0.007 0.010 0.016 0.014 0.015 0.031 0.015 0.007 0.006 0.005 0.006 0.007 0.005 0.008 0.192 0.242 0.195 0.138 0.023 0.083 0.026 0.003 0.005 0.009 0.082 0.077 0.009 0.006 0.003 0.005 0.006 0.008 0.008 0.032 0.019 0.004 0.042 0.114 0.008 0.004 0.003 0.006 0.102
0.000 0.000 0.000 0.000 0.000 0.000 0.000 0.000 0.000 0.000 0.000 0.000 0.000 0.000 0.000 0.000 0.000 0.000 0.000 0.000 0.000 0.000 0.000 0.000 0.000 0.000 0.000 0.000 0.004 0.086 0.104 0.015 0.009 0.002 0.006 0.009 0.013 0.005 0.007 0.022 0.027 0.023 0.008 0.005 0.008 0.013 0.002 0.005 0.022 0.079 0.063 0.037 0.005 0.012 0.021 0.010 0.010 0.086 0.075 0.007 0.006 0.005 0.006 0.006 0.004 0.005 0.009 0.102 0.110 0.027 0.065 0.130 0.034 0.004 0.002 0.067 0.134
0.000 0.000 0.000 0.000 0.000 0.000 0.000 0.000 0.000 0.000 0.000 0.000 0.000 0.000 0.000 0.000 0.000 0.000 0.000 0.000 0.000 0.000 0.000 0.000 0.000 0.000 0.000 0.000 0.003 0.034 0.038 0.007 0.007 0.006 0.005 0.008 0.004 0.005 0.007 0.014 0.021 0.042 0.079 0.017 0.007 0.022 0.007 0.004 0.006 0.007 0.007 0.016 0.003 0.004 0.013 0.033 0.160 0.153 0.063 0.004 0.002 0.002 0.003 0.004 0.006 0.008 0.011 0.082 0.058 0.006 0.005 0.016 0.221 0.203 0.197 0.166 0.177
0.000 0.000 0.000 0.000 0.000 0.000 0.000 0.000 0.000 0.000 0.000 0.000 0.000 0.000 0.000 0.000 0.000 0.000 0.000 0.000 0.000 0.000 0.000 0.000 0.000 0.000 0.000 0.000 0.004 0.041 0.026 0.007 0.007 0.006 0.004 0.007 0.009 0.006 0.007 0.012 0.018 0.126 0.223 0.232 0.130 0.052 0.008 0.004 0.005 0.006 0.009 0.018 0.009 0.007 0.013 0.119 0.152 0.118 0.037 0.014 0.004 0.004 0.005 0.007 0.008 0.011 0.018 0.034 0.006 0.004 0.003 0.003 0.214 0.390 0.300 0.239 0.204
0.000 0.000 0.000 0.000 0.000 0.000 0.000 0.000 0.000 0.000 0.000 0.000 0.000 0.000 0.000 0.000 0.000 0.000 0.000 0.000 0.000 0.000 0.000 0.000 0.000 0.000 0.000 0.000 0.007 0.060 0.055 0.007 0.007 0.006 0.005 0.006 0.006 0.005 0.005 0.012 0.101 0.252 0.387 0.446 0.340 0.135 0.010 0.005 0.006 0.007 0.008 0.011 0.011 0.011 0.050 0.120 0.015 0.008 0.009 0.011 0.012 0.005 0.006 0.008 0.009 0.011 0.036 0.022 0.008 0.006 0.004 0.005 0.317 0.422 0.409 0.387 0.292
0.000 0.000 0.000 0.000 0.000 0.000 0.000 0.000 0.000 0.000 0.000 0.000 0.000 0.000 0.000 0.000 0.000 0.000 0.000 0.000 0.000 0.000 0.000 0.000 0.000 0.000 0.000 0.000 0.005 0.008 0.036 0.039 0.008 0.006 0.004 0.008 0.008 0.007 0.008 0.012 0.095 0.301 0.489 0.573 0.418 0.120 0.008 0.006 0.006 0.008 0.010 0.010 0.012 0.036 0.126 0.156 0.012 0.005 0.004 0.005 0.008 0.009 0.009 0.010 0.011 0.015 0.038 0.017 0.007 0.008 0.007 0.241 0.451 0.535 0.559 0.523 0.399
0.000 0.000 0.000 0.000 0.000 0.000 0.000 0.000 0.000 0.000 0.000 0.000 0.000 0.000 0.000 0.000 0.000 0.000 0.000 0.000 0.000 0.000 0.000 0.000 0.000 0.000 0.000 0.000 0.004 0.005 0.013 0.219 0.148 0.006 0.005 0.009 0.007 0.010 0.012 0.013 0.104 0.349 0.452 0.463 0.287 0.006 0.004 0.006 0.007 0.009 0.013 0.014 0.020 0.100 0.120 0.033 0.008 0.006 0.003 0.004 0.005 0.009 0.011 0.013 0.016 0.024 0.035 0.018 0.011 0.009 0.168 0.363 0.521 0.541 0.462 0.429 0.330
0.000 0.000 0.000 0.000 0.000 0.000 0.000 0.000 0.000 0.000 0.000 0.000 0.000 0.000 0.000 0.000 0.000 0.000 0.000 0.000 0.000 0.000 0.000 0.000 0.000 0.000 0.000 0.000 0.004 0.005 0.008 0.323 0.362 0.007 0.007 0.009 0.007 0.004 0.004 0.007 0.097 0.331 0.242 0.153 0.104 0.005 0.004 0.007 0.009 0.010 0.017 0.050 0.069 0.073 0.017 0.007 0.006 0.006 0.005 0.006 0.009 0.011 0.012 0.015 0.018 0.026 0.033 0.019 0.013 0.134 0.291 0.442 0.589 0.455 0.269 0.231 0.149
0.000 0.000 0.000 0.000 0.000 0.000 0.000 0.000 0.000 0.000 0.000 0.000 0.000 0.000 0.000 0.000 0.000 0.000 0.000 0.000 0.000 0.000 0.000 0.000 0.000 0.000 0.000 0.000 0.004 0.006 0.011 0.334 0.363 0.016 0.015 0.012 0.007 0.004 0.005 0.008 0.012 0.128 0.005 0.003 0.006 0.004 0.006 0.008 0.009 0.005 0.058 0.095 0.060 0.008 0.006 0.005 0.006 0.006 0.009 0.011 0.013 0.014 0.015 0.016 0.019 0.026 0.027 0.016 0.130 0.317 0.396 0.511 0.552 0.320 0.181 0.117 0.064
0.000 0.000 0.000 0.000 0.000 0.000 0.000 0.000 0.000 0.000 0.000 0.000 0.000 0.000 0.000 0.000 0.000 0.000 0.000 0.000 0.000 0.000 0.000 0.000 0.000 0.000 0.000 0.000 0.006 0.011 0.032 0.246 0.276 0.065 0.004 0.002 0.007 0.007 0.009 0.007 0.008 0.012 0.005 0.004 0.005 0.006 0.008 0.009 0.012 0.017 0.090 0.046 0.007 0.005 0.005 0.009 0.008 0.006 0.010 0.013 0.014 0.015 0.017 0.018 0.021 0.029 0.022 0.060 0.360 0.588 0.566 0.469 0.231 0.061 0.220 0.404 0.310
0.000 0.000 0.000 0.000 0.000 0.000 0.000 0.000 0.000 0.000 0.000 0.000 0.000 0.000 0.000 0.000 0.000 0.000 0.000 0.000 0.000 0.000 0.000 0.000 0.000 0.000 0.000 0.000 0.004 0.005 0.005 0.223 0.265 0.027 0.003 0.003 0.007 0.011 0.015 0.003 0.005 0.010 0.008 0.007 0.008 0.008 0.010 0.010 0.061 0.162 0.060 0.005 0.004 0.006 0.015 0.014 0.009 0.007 0.011 0.014 0.015 0.015 0.016 0.017 0.020 0.066 0.102 0.164 0.443 0.700 0.613 0.349 0.004 0.003 0.212 0.574 0.501
0.000 0.000 0.000 0.000 0.000 0.000 0.000 0.000 0.000 0.000 0.000 0.000 0.000 0.000 0.000 0.000 0.000 0.000 0.000 0.000 0.000 0.000 0.000 0.000 0.000 0.000 0.000 0.000 0.005 0.005 0.084 0.360 0.310 0.133 0.010 0.010 0.009 0.011 0.017 0.005 0.005 0.006 0.008 0.023 0.130 0.008 0.007 0.047 0.152 0.211 0.030 0.004 0.004 0.022 0.069 0.045 0.011 0.008 0.012 0.017 0.017 0.015 0.015 0.017 0.045 0.125 0.202 0.296 0.500 0.636 0.460 0.109 0.003 0.005 0.205 0.370 0.334
0.000 0.000 0.000 0.000 0.000 0.000 0.000 0.000 0.000 0.000 0.000 0.000 0.000 0.000 0.000 0.000 0.000 0.000 0.000 0.000 0.000 0.000 0.000 0.000 0.000 0.000 0.000 0.000 0.006 0.007 0.110 0.420 0.348 0.100 0.022 0.104 0.012 0.011 0.018 0.005 0.005 0.006 0.008 0.240 0.379 0.210 0.173 0.165 0.041 0.106 0.085 0.063 0.049 0.069 0.076 0.071 0.051 0.018 0.018 0.024 0.026 0.022 0.017 0.018 0.094 0.187 0.277 0.357 0.399 0.397 0.207 0.003 0.021 0.172 0.179 0.157 0.069
0.000 0.000 0.000 0.000 0.000 0.000 0.000 0.000 0.000 0.000 0.000 0.000 0.000 0.000 0.000 0.000 0.000 0.000 0.000 0.000 0.000 0.000 0.000 0.000 0.000 0.000 0.000 0.000 0.007 0.008 0.018 0.135 0.006 0.004 0.002 0.005 0.011 0.013 0.013 0.004 0.006 0.008 0.009 0.225 0.453 0.465 0.388 0.169 0.003 0.004 0.027 0.061 0.050 0.016 0.024 0.057 0.072 0.045 0.016 0.013 0.031 0.037 0.028 0.030 0.120 0.228 0.322 0.345 0.253 0.144 0.041 0.004 0.062 0.029 0.041 0.016 0.011
0.000 0.000 0.000 0.000 0.000 0.000 0.000 0.000 0.000 0.000 0.000 0.000 0.000 0.000 0.000 0.000 0.000 0.000 0.000 0.000 0.000 0.000 0.000 0.000 0.000 0.000 0.000 0.000 0.005 0.018 0.018 0.005 0.004 0.003 0.003 0.003 0.022 0.014 0.008 0.006 0.008 0.011 0.071 0.270 0.479 0.528 0.376 0.088 0.009 0.022 0.039 0.025 0.007 0.005 0.006 0.078 0.096 0.059 0.011 0.006 0.009 0.026 0.038 0.057 0.135 0.246 0.342 0.348 0.248 0.103 0.069 0.128 0.125 0.030 0.010 0.020 0.017
0.000 0.000 0.000 0.000 0.000 0.000 0.000 0.000 0.000 0.000 0.000 0.000 0.000 0.000 0.000 0.000 0.000 0.000 0.000 0.000 0.000 0.000 0.000 0.000 0.000 0.000 0.000 0.000 0.004 0.009 0.005 0.004 0.003 0.002 0.003 0.005 0.027 0.019 0.011 0.010 0.011 0.113 0.272 0.434 0.489 0.389 0.142 0.005 0.023 0.128 0.035 0.007 0.005 0.007 0.034 0.138 0.136 0.083 0.031 0.006 0.005 0.007 0.009 0.039 0.138 0.242 0.326 0.349 0.287 0.220 0.261 0.254 0.176 0.060 0.011 0.018 0.013
0.000 0.000 0.000 0.000 0.000 0.000 0.000 0.000 0.000 0.000 0.000 0.000 0.000 0.000 0.000 0.000 0.000 0.000 0.000 0.000 0.000 0.000 0.000 0.000 0.000 0.000 0.000 0.000 0.004 0.013 0.005 0.004 0.004 0.003 0.004 0.007 0.011 0.016 0.016 0.084 0.207 0.319 0.468 0.476 0.342 0.132 0.007 0.005 0.007 0.015 0.007 0.005 0.006 0.010 0.057 0.178 0.145 0.087 0.086 0.008 0.005 0.004 0.006 0.007 0.096 0.217 0.285 0.294 0.305 0.438 0.396 0.253 0.180 0.099 0.033 0.007 0.006
0.000 0.000 0.000 0.000 0.000 0.000 0.000 0.000 0.000 0.000 0.000 0.000 0.000 0.000 0.000 0.000 0.000 0.000 0.000 0.000 0.000 0.000 0.000 0.000 0.000 0.000 0.000 0.000 0.004 0.037 0.029 0.006 0.005 0.005 0.006 0.009 0.013 0.017 0.031 0.221 0.393 0.452 0.460 0.332 0.170 0.012 0.010 0.008 0.006 0.007 0.005 0.007 0.012 0.016 0.024 0.132 0.086 0.038 0.151 0.123 0.006 0.006 0.005 0.005 0.057 0.175 0.234 0.240 0.351 0.502 0.308 0.169 0.105 0.013 0.006 0.004 0.004
0.000 0.000 0.000 0.000 0.000 0.000 0.000 0.000 0.000 0.000 0.000 0.000 0.000 0.000 0.000 0.000 0.000 0.000 0.000 0.000 0.000 0.000 0.000 0.000 0.000 0.000 0.000 0.000 0.005 0.047 0.119 0.010 0.004 0.005 0.006 0.011 0.020 0.032 0.059 0.251 0.364 0.346 0.298 0.167 0.028 0.012 0.010 0.008 0.006 0.005 0.005 0.008 0.011 0.012 0.013 0.022 0.011 0.006 0.163 0.289 0.158 0.089 0.061 0.046 0.062 0.127 0.167 0.206 0.346 0.337 0.134 0.018 0.007 0.005 0.003 0.014 0.132
0.000 0.000 0.000 0.000 0.000 0.000 0.000 0.000 0.000 0.000 0.000 0.000 0.000 0.000 0.000 0.000 0.000 0.000 0.000 0.000 0.000 0.000 0.000 0.000 0.000 0.000 0.000 0.000 0.005 0.034 0.005 0.004 0.004 0.005 0.009 0.016 0.032 0.030 0.028 0.089 0.041 0.107 0.149 0.082 0.014 0.010 0.008 0.008 0.007 0.007 0.009 0.008 0.009 0.008 0.008 0.010 0.009 0.007 0.103 0.283 0.265 0.172 0.128 0.092 0.062 0.063 0.095 0.144 0.170 0.047 0.008 0.005 0.004 0.004 0.053 0.131 0.107
0.000 0.000 0.000 0.000 0.000 0.000 0.000 0.000 0.000 0.000 0.000 0.000 0.000 0.000 0.000 0.000 0.000 0.000 0.000 0.000 0.000 0.000 0.000 0.000 0.000 0.000 0.000 0.000 0.005 0.035 0.007 0.004 0.005 0.111 0.165 0.004 0.005 0.007 0.022 0.008 0.006 0.012 0.040 0.020 0.021 0.015 0.009 0.006 0.005 0.007 0.009 0.010 0.008 0.006 0.005 0.006 0.009 0.008 0.036 0.115 0.117 0.085 0.065 0.045 0.016 0.009 0.038 0.055 0.007 0.005 0.004 0.003 0.005 0.162 0.184 0.134 0.100
0.000 0.000 0.000 0.000 0.000 0.000 0.000 0.000 0.000 0.000 0.000 0.000 0.000 0.000 0.000 0.000 0.000 0.000 0.000 0.000 0.000 0.000 0.000 0.000 0.000 0.000 0.000 0.000 0.005 0.065 0.157 0.036 0.060 0.325 0.004 0.003 0.002 0.006 0.022 0.005 0.007 0.014 0.024 0.012 0.014 0.015 0.014 0.008 0.006 0.006 0.009 0.011 0.012 0.011 0.009 0.009 0.018 0.024 0.040 0.065 0.054 0.037 0.019 0.019 0.007 0.006 0.035 0.036 0.005 0.003 0.002 0.002 0.004 0.214 0.181 0.119 0.098
0.000 0.000 0.000 0.000 0.000 0.000 0.000 0.000 0.000 0.000 0.000 0.000 0.000 0.000 0.000 0.000 0.000 0.000 0.000 0.000 0.000 0.000 0.000 0.000 0.000 0.000 0.000 0.000 0.004 0.171 0.331 0.318 0.379 0.402 0.106 0.004 0.002 0.005 0.010 0.005 0.009 0.015 0.022 0.011 0.009 0.009 0.008 0.006 0.021 0.013 0.008 0.012 0.015 0.014 0.016 0.020 0.020 0.021 0.048 0.081 0.075 0.046 0.025 0.029 0.004 0.005 0.053 0.044 0.005 0.005 0.005 0.003 0.005 0.135 0.136 0.097 0.081
0.000 0.000 0.000 0.000 0.000 0.000 0.000 0.000 0.000 0.000 0.000 0.000 0.000 0.000 0.000 0.000 0.000 0.000 0.000 0.000 0.000 0.000 0.000 0.000 0.000 0.000 0.000 0.000 0.005 0.203 0.295 0.328 0.315 0.313 0.230 0.006 0.004 0.003 0.004 0.006 0.010 0.016 0.028 0.019 0.017 0.011 0.010 0.008 0.018 0.020 0.012 0.016 0.042 0.021 0.010 0.015 0.015 0.015 0.044 0.089 0.111 0.096 0.143 0.174 0.042 0.004 0.129 0.187 0.162 0.267 0.362 0.247 0.117 0.114 0.100 0.075 0.052
0.000 0.000 0.000 0.000 0.000 0.000 0.000 0.000 0.000 0.000 0.000 0.000 0.000 0.000 0.000 0.000 0.000 0.000 0.000 0.000 0.000 0.000 0.000 0.000 0.000 0.000 0.000 0.000 0.006 0.101 0.151 0.187 0.147 0.112 0.101 0.084 0.007 0.005 0.004 0.005 0.006 0.018 0.087 0.081 0.075 0.062 0.018 0.006 0.004 0.005 0.009 0.072 0.123 0.079 0.012 0.006 0.010 0.011 0.041 0.084 0.115 0.154 0.271 0.264 0.074 0.021 0.187 0.299 0.327 0.323 0.297 0.226 0.123 0.065 0.063 0.055 0.030
0.000 0.000 0.000 0.000 0.000 0.000 0.000 0.000 0.000 0.000 0.000 0.000 0.000 0.000 0.000 0.000 0.000 0.000 0.000 0.000 0.000 0.000 0.000 0.000 0.000 0.000 0.000 0.000 0.004 0.105 0.199 0.204 0.074 0.006 0.004 0.018 0.113 0.007 0.003 0.003 0.004 0.007 0.153 0.142 0.126 0.096 0.034 0.010 0.005 0.007 0.092 0.156 0.176 0.117 0.042 0.005 0.006 0.017 0.050 0.082 0.085 0.116 0.213 0.183 0.014 0.044 0.251 0.361 0.359 0.244 0.139 0.091 0.028 0.006 0.020 0.043 0.033
0.000 0.000 0.000 0.000 0.000 0.000 0.000 0.000 0.000 0.000 0.000 0.000 0.000 0.000 0.000 0.000 0.000 0.000 0.000 0.000 0.000 0.000 0.000 0.000 0.000 0.000 0.000 0.000 0.005 0.088 0.167 0.131 0.007 0.006 0.003 0.005 0.024 0.006 0.004 0.002 0.003 0.004 0.204 0.206 0.175 0.129 0.033 0.007 0.006 0.051 0.167 0.191 0.160 0.094 0.035 0.014 0.040 0.095 0.108 0.115 0.062 0.016 0.070 0.090 0.010 0.005 0.208 0.330 0.269 0.020 0.004 0.007 0.008 0.005 0.007 0.042 0.062
0.000 0.000 0.000 0.000 0.000 0.000 0.000 0.000 0.000 0.000 0.000 0.000 0.000 0.000 0.000 0.000 0.000 0.000 0.000 0.000 0.000 0.000 0.000 0.000 0.000 0.000 0.000 0.000 0.004 0.008 0.010 0.005 0.005 0.006 0.004 0.007 0.026 0.011 0.006 0.004 0.005 0.145 0.252 0.257 0.226 0.162 0.009 0.005 0.007 0.058 0.131 0.160 0.130 0.072 0.023 0.025 0.140 0.242 0.213 0.175 0.062 0.005 0.058 0.116 0.011 0.004 0.053 0.192 0.048 0.003 0.002 0.004 0.008 0.009 0.022 0.040 0.065
