Project1/res/jiangbei-0001.Qx
ncols         320
nrows         411
xllcorner     657487.000000
yllcorner     3548067.000000
cellsize      10.000000
NODATA_value  -9999.000000
[rows 34 to 67 of 411, columns 150 to 224 of 320]
-0.074 -0.085 -0.092 -0.084 -0.073 -0.064 -0.070 -0.047 -0.025 -0.001 -0.000 0.000 -0.011 -0.015 -0.018 -0.016 -0.015 -0.015 -0.015 -0.014 -0.015 -0.016 -0.016 -0.015 -0.011 -0.007 -0.003 -0.001 -0.000 -0.000 0.001 0.002 0.002 0.002 0.003 0.004 0.034 0.070 0.034 -0.001 -0.001 -0.000 0.000 0.000 0.001 0.001 0.001 0.002 -0.004 0.021 0.029 0.024 0.015 0.007 -0.001 -0.001 0.000 0.001 -0.024 0.000 0.000 0.000 0.000 0.000 0.000 0.000 0.000 0.000 0.000 0.000 0.000 0.000 0.000 0.000 0.000
-0.008 -0.014 -0.075 -0.125 -0.096 -0.075 -0.061 -0.047 -0.035 -0.001 -0.000 0.000 0.000 -0.006 -0.023 -0.022 -0.019 -0.018 -0.018 -0.017 -0.017 -0.018 -0.017 -0.011 -0.007 -0.003 -0.002 -0.001 -0.000 0.000 0.001 0.001 0.002 0.003 0.004 0.013 0.028 0.047 0.038 -0.001 -0.001 -0.000 0.000 0.000 0.001 0.001 0.002 0.003 0.030 0.047 0.051 0.034 0.014 -0.004 -0.001 -0.000 0.000 0.001 0.001 -0.017 0.000 0.000 0.000 0.000 0.000 0.000 0.000 0.000 0.000 0.000 0.000 0.000 0.000 0.000 0.000
-0.001 0.000 0.002 0.003 -0.042 -0.079 -0.053 -0.044 -0.040 -0.042 -0.001 -0.000 0.000 -0.020 -0.025 -0.024 -0.023 -0.020 -0.019 -0.018 -0.017 -0.016 -0.012 -0.007 -0.003 0.002 -0.001 -0.001 -0.000 0.000 0.001 0.002 0.002 0.003 0.004 0.004 0.018 0.054 0.010 -0.001 -0.000 0.000 0.001 0.001 0.001 0.002 0.002 0.001 0.068 0.086 0.020 -0.006 -0.006 -0.007 -0.001 -0.001 -0.000 0.001 0.001 0.003 -0.003 0.000 0.000 0.000 0.000 0.000 0.000 0.000 0.000 0.000 0.000 0.000 0.000 0.000 0.000
-0.001 0.000 0.001 0.002 0.003 0.004 -0.027 -0.035 -0.040 -0.045 -0.057 -0.036 -0.044 -0.034 -0.024 -0.020 -0.016 -0.015 -0.016 -0.017 -0.017 -0.014 -0.009 -0.006 -0.002 0.002 0.015 0.001 -0.000 0.001 0.001 0.002 0.003 0.003 0.004 0.005 0.021 -0.002 -0.001 -0.001 -0.000 0.000 0.001 0.001 0.002 0.002 0.002 0.002 0.110 -0.003 -0.003 -0.003 -0.003 0.002 -0.005 -0.002 -0.001 0.001 0.003 0.006 -0.000 0.000 0.000 0.000 0.000 0.000 0.000 0.000 0.000 0.000 0.000 0.000 0.000 0.000 0.000
-0.000 0.000 0.001 0.002 0.004 0.006 -0.026 -0.030 -0.038 -0.042 -0.048 -0.055 -0.048 -0.024 -0.013 -0.012 -0.015 -0.020 -0.017 -0.016 -0.014 -0.008 -0.005 -0.002 -0.000 0.000 0.000 0.023 0.029 0.032 0.021 0.013 0.008 0.009 0.032 0.073 0.062 -0.001 -0.001 0.000 0.000 0.002 0.005 -0.001 0.001 0.002 0.005 0.230 0.002 -0.004 -0.003 -0.002 -0.002 -0.001 -0.001 -0.001 -0.000 0.001 0.002 -0.001 -0.001 -0.000 0.000 0.001 0.000 0.000 0.000 0.000 0.000 0.000 0.000 0.000 0.000 0.000 0.000
-0.000 0.000 0.002 0.003 0.005 0.008 0.009 -0.021 -0.041 -0.037 -0.038 -0.039 -0.036 -0.030 -0.020 -0.027 -0.036 -0.045 -0.029 -0.014 -0.009 -0.005 -0.003 -0.001 -0.000 0.000 0.000 -0.000 0.000 0.001 0.010 0.025 0.028 0.038 0.043 0.058 -0.002 -0.001 -0.000 0.000 0.001 0.001 0.001 0.065 0.074 0.084 0.123 -0.004 -0.004 -0.004 -0.003 -0.002 -0.002 -0.001 -0.001 -0.001 0.000 0.001 0.001 -0.001 -0.000 0.000 0.001 0.001 0.005 0.000 0.000 0.000 0.000 0.000 0.000 0.000 0.000 0.000 0.000
-0.000 0.001 0.002 0.005 0.007 0.008 0.007 0.007 0.003 -0.028 -0.028 -0.028 -0.027 -0.023 -0.021 -0.019 -0.016 -0.000 0.000 0.001 -0.002 0.004 -0.001 -0.002 -0.001 -0.000 -0.000 -0.000 0.000 0.001 0.004 0.002 0.015 0.041 0.057 -0.002 -0.002 -0.001 -0.000 0.000 0.001 0.001 0.097 0.072 0.069 0.075 0.067 -0.004 -0.003 -0.002 -0.002 -0.001 0.000 -0.006 -0.002 -0.001 -0.000 0.000 0.001 -0.000 -0.000 -0.000 0.000 0.002 0.002 0.010 0.000 0.000 0.000 0.000 0.000 0.000 0.000 0.000 0.000
-0.000 0.001 0.003 0.004 0.005 0.005 0.004 0.003 0.003 0.004 -0.018 -0.019 -0.018 -0.016 -0.013 -0.011 -0.009 -0.002 -0.002 0.001 0.004 0.003 0.004 -0.002 -0.001 -0.001 -0.000 0.000 0.001 0.001 -0.001 0.001 0.007 0.035 -0.002 -0.002 -0.001 -0.001 0.000 0.002 0.003 0.006 0.003 -0.000 0.000 0.001 -0.009 -0.004 -0.004 -0.003 -0.001 -0.000 0.000 -0.001 -0.001 -0.000 0.000 0.001 0.001 0.002 -0.001 -0.001 0.000 0.000 0.001 0.001 0.004 0.000 0.000 0.000 0.000 0.000 0.000 0.000 0.000
-0.001 0.001 0.002 0.003 0.003 0.003 0.002 0.002 0.003 0.003 0.004 -0.009 -0.013 -0.009 -0.006 -0.002 0.004 -0.001 -0.004 -0.005 -0.002 -0.008 -0.002 -0.001 0.003 -0.001 0.001 0.001 0.002 0.012 0.026 0.040 0.056 -0.002 -0.002 -0.001 -0.001 0.000 0.001 0.002 0.003 0.003 -0.021 -0.001 -0.000 0.000 0.001 -0.002 -0.002 -0.003 -0.002 -0.001 -0.000 0.000 0.000 -0.000 0.000 0.001 0.001 0.002 -0.002 -0.001 -0.000 0.000 0.001 0.002 0.003 0.003 0.000 0.000 0.000 0.000 0.000 0.000 0.000
-0.001 0.001 0.002 0.002 0.002 0.002 0.002 0.002 0.002 0.002 0.003 0.003 0.003 -0.000 0.001 0.003 0.002 -0.007 -0.035 -0.059 -0.041 -0.008 -0.001 -0.000 0.000 0.004 0.003 0.005 0.014 0.014 0.020 0.025 -0.002 -0.002 -0.001 -0.001 -0.000 0.000 0.001 0.001 0.001 0.001 0.029 -0.003 -0.001 0.000 -0.002 -0.001 0.000 0.001 -0.002 -0.000 -0.000 0.000 0.001 0.002 0.001 0.002 0.002 -0.008 -0.002 -0.001 0.000 -0.001 -0.000 0.000 -0.000 -0.000 0.000 0.002 0.000 0.000 0.000 0.000 0.000
-0.003 -0.001 -0.001 -0.000 0.001 0.000 0.001 0.001 0.001 0.002 0.002 0.002 0.002 0.002 0.005 0.013 0.010 0.002 -0.031 0.000 -0.000 -0.008 -0.001 -0.000 0.000 0.003 0.007 0.011 0.011 0.012 0.015 -0.002 -0.001 -0.001 -0.001 -0.000 0.000 -0.000 0.000 0.001 0.002 0.002 -0.002 -0.001 -0.001 0.000 0.000 -0.002 -0.001 0.000 0.000 -0.001 -0.000 0.000 0.001 0.002 0.003 0.003 -0.015 -0.017 -0.024 -0.019 -0.013 -0.002 -0.001 -0.000 -0.000 0.000 0.000 0.001 0.003 0.000 0.000 0.000 0.000
-0.004 -0.003 -0.002 -0.001 -0.001 -0.001 -0.000 0.000 0.001 0.001 0.001 0.001 0.001 0.001 0.001 0.001 0.021 0.052 -0.001 -0.001 0.000 -0.001 -0.000 0.000 0.001 0.003 0.005 0.006 0.007 0.006 -0.002 -0.001 -0.001 -0.001 -0.000 -0.000 0.000 0.001 0.001 0.002 0.002 0.027 -0.002 -0.001 -0.001 0.000 0.001 -0.003 -0.001 -0.000 0.000 0.001 0.003 0.002 0.002 0.002 0.003 -0.002 -0.018 -0.021 -0.005 -0.003 -0.004 -0.008 -0.004 -0.001 -0.000 0.000 0.001 0.001 0.005 0.014 0.000 0.000 0.000
-0.004 -0.003 -0.003 -0.002 -0.002 -0.001 -0.000 0.001 0.001 -0.000 -0.000 -0.000 -0.000 0.000 0.000 0.001 0.001 0.001 -0.002 -0.003 -0.002 -0.001 0.000 0.000 0.001 0.003 0.003 0.003 0.004 0.008 -0.001 -0.001 -0.001 -0.001 -0.000 0.000 0.001 0.002 0.003 0.003 0.003 0.000 -0.001 -0.001 -0.001 -0.000 0.000 0.001 -0.000 -0.000 0.000 0.000 0.001 0.002 0.002 0.003 0.003 -0.036 -0.026 -0.000 0.000 -0.001 -0.001 -0.001 -0.001 -0.001 -0.000 0.001 0.001 0.003 0.003 0.003 0.024 0.000 0.000
-0.004 -0.003 -0.002 -0.002 -0.001 -0.000 0.000 0.001 0.002 -0.001 -0.001 -0.001 -0.000 0.000 0.001 0.001 0.001 0.002 -0.007 -0.002 -0.002 -0.003 -0.001 0.001 0.002 0.001 0.000 -0.000 -0.001 -0.001 -0.001 -0.002 -0.002 -0.002 -0.001 -0.000 0.001 0.001 0.002 0.003 0.004 0.008 -0.003 -0.004 -0.003 -0.001 0.000 0.001 0.001 0.001 0.001 0.001 0.001 0.002 0.002 0.003 -0.033 -0.028 -0.000 0.000 0.001 -0.005 -0.001 -0.000 0.000 0.000 0.001 0.001 0.002 0.004 0.002 0.002 0.002 0.032 0.000
-0.003 -0.002 -0.002 -0.001 -0.001 -0.000 0.001 0.001 0.002 -0.002 -0.001 -0.000 0.000 0.001 0.001 0.001 0.002 0.003 -0.005 -0.004 -0.002 -0.002 -0.001 0.001 0.001 0.002 0.000 -0.006 -0.016 -0.002 -0.003 -0.003 -0.003 -0.002 -0.001 0.001 0.001 0.002 0.004 0.010 0.021 0.010 -0.015 -0.004 -0.001 -0.001 0.000 0.001 0.002 0.004 0.004 0.003 0.001 0.002 0.002 -0.061 -0.040 -0.005 -0.006 -0.015 -0.012 -0.001 -0.001 -0.000 0.000 0.001 0.002 0.002 0.003 0.002 0.003 0.003 0.002 0.002 0.039
-0.001 -0.001 -0.001 -0.001 -0.000 0.001 0.001 0.002 0.003 -0.001 -0.001 0.000 0.001 0.001 0.002 0.002 0.002 0.002 -0.001 -0.001 -0.000 -0.002 -0.001 -0.000 0.000 0.001 -0.000 -0.000 0.000 -0.004 -0.004 -0.005 -0.005 -0.002 -0.001 0.000 0.002 0.003 0.003 0.003 -0.001 -0.000 0.001 -0.002 -0.001 -0.000 0.000 0.001 0.001 0.002 0.004 0.004 0.003 -0.064 -0.139 -0.068 -0.046 -0.027 -0.017 -0.001 -0.001 -0.000 0.000 0.000 0.001 0.001 0.002 0.003 0.003 0.003 0.004 0.003 0.002 0.001 0.001
-0.001 -0.001 -0.001 -0.000 0.000 0.001 0.002 0.002 0.003 0.008 -0.000 0.001 0.001 0.002 0.002 0.002 0.003 -0.001 -0.001 -0.000 -0.000 -0.000 0.000 0.001 0.001 0.001 -0.000 -0.000 0.000 -0.022 -0.016 -0.008 -0.002 -0.001 -0.000 0.000 0.001 0.003 0.002 -0.000 -0.000 0.000 0.000 -0.001 -0.001 -0.000 0.000 0.001 0.001 0.001 0.003 0.003 -0.007 -0.073 -0.001 -0.000 0.000 0.001 -0.000 -0.001 -0.000 0.000 0.000 0.001 0.001 0.001 0.002 0.002 0.003 0.003 0.003 0.003 0.003 0.003 0.002
-0.001 -0.001 -0.000 0.000 0.001 0.001 0.002 0.002 0.003 0.008 0.012 0.007 0.005 0.004 0.004 -0.002 -0.000 -0.000 0.000 0.001 -0.001 -0.001 -0.000 0.000 0.001 0.001 0.005 -0.001 0.000 0.000 0.000 -0.001 -0.001 -0.000 0.001 -0.000 0.000 0.001 0.002 -0.001 -0.001 -0.000 -0.000 -0.000 -0.000 -0.000 0.000 0.001 0.001 0.002 0.003 0.003 -0.084 -0.015 -0.001 0.000 -0.001 -0.001 -0.001 -0.000 -0.000 0.000 0.001 0.001 0.001 0.001 -0.000 0.001 0.001 0.002 0.003 0.004 0.004 0.004 -0.000
-0.001 -0.001 -0.000 0.000 0.000 0.001 0.001 0.001 0.002 0.005 0.009 0.009 0.008 0.006 0.002 -0.004 -0.000 -0.000 0.001 -0.002 -0.000 -0.001 -0.000 0.000 0.001 0.003 0.002 0.007 -0.001 -0.000 -0.000 -0.000 -0.000 0.000 0.001 0.002 0.002 0.001 -0.002 -0.002 -0.001 -0.001 -0.001 -0.001 -0.001 -0.000 0.000 0.001 0.001 0.001 0.002 -0.063 -0.054 -0.006 -0.008 -0.005 -0.002 -0.001 -0.000 0.000 0.002 0.002 0.002 0.002 0.002 0.002 -0.002 -0.002 -0.001 0.001 0.002 0.003 0.004 0.004 -0.000
-0.002 -0.001 -0.000 0.000 0.001 0.001 0.001 0.001 0.002 0.004 0.006 0.009 0.009 0.008 0.007 -0.000 -0.000 0.001 0.001 0.003 0.001 -0.002 -0.001 -0.001 0.001 0.002 0.005 0.005 0.010 -0.001 -0.001 -0.001 -0.000 0.000 0.001 0.006 0.005 0.001 -0.003 -0.007 -0.002 -0.001 -0.001 0.001 0.003 0.002 0.001 0.001 0.002 0.002 -0.043 -0.034 -0.011 -0.001 -0.002 -0.002 -0.001 -0.001 -0.000 0.001 0.002 0.006 0.005 0.004 0.003 0.003 -0.003 -0.002 -0.002 -0.001 0.000 0.002 0.003 0.003 0.000
-0.002 -0.001 -0.001 0.000 0.001 0.001 0.001 0.002 0.002 0.003 0.005 0.007 0.008 0.029 0.026 0.003 0.003 0.002 0.001 0.005 0.002 -0.003 -0.003 -0.001 0.000 0.001 0.003 0.012 0.021 0.021 -0.001 -0.001 -0.001 -0.000 0.001 0.001 0.009 0.004 -0.004 -0.005 -0.003 -0.002 -0.001 0.000 0.001 0.006 0.006 0.005 0.007 -0.023 -0.028 -0.009 -0.001 -0.002 -0.001 -0.002 -0.001 -0.001 0.000 0.001 0.001 0.002 0.005 0.005 0.005 -0.006 -0.004 -0.004 -0.003 -0.002 -0.002 0.001 0.002 0.002 0.001
-0.002 -0.001 -0.001 0.000 0.001 0.001 0.002 0.002 0.003 0.004 0.005 0.006 0.008 0.029 0.041 0.045 0.024 0.014 0.025 0.013 0.005 -0.005 -0.001 -0.001 -0.000 0.000 0.002 0.003 0.004 0.011 0.019 -0.002 -0.001 -0.001 -0.000 0.000 0.000 0.009 -0.006 -0.005 -0.007 -0.004 -0.001 -0.000 0.000 0.001 0.003 0.004 0.003 -0.023 -0.037 0.012 0.066 0.016 -0.006 -0.003 -0.002 -0.001 -0.000 0.000 0.001 0.001 0.002 0.004 -0.024 -0.012 0.008 0.003 -0.006 -0.010 -0.010 -0.014 -0.022 -0.029 -0.006
-0.002 -0.002 -0.001 0.000 0.001 0.001 0.002 0.002 0.003 0.004 0.006 0.015 0.062 0.040 0.026 0.038 0.032 0.044 0.028 0.017 0.009 -0.009 -0.012 -0.008 -0.005 -0.001 0.003 0.002 0.003 0.017 0.024 0.034 0.021 -0.002 -0.001 -0.001 -0.002 -0.003 -0.005 -0.001 -0.001 -0.001 -0.001 0.000 0.001 0.001 0.003 0.004 0.003 -0.033 -0.000 0.000 0.004 -0.029 -0.004 -0.002 -0.001 -0.001 0.000 0.000 0.001 0.001 0.002 -0.009 -0.005 -0.000 0.000 -0.002 -0.012 -0.017 -0.022 -0.019 -0.015 -0.003 -0.001
0.029 -0.002 -0.001 0.000 0.001 0.002 0.003 0.004 0.005 0.013 0.068 0.086 0.042 0.022 0.024 0.031 0.045 0.035 0.026 0.018 -0.003 -0.003 -0.002 -0.002 -0.001 0.001 -0.000 0.000 0.002 0.003 0.028 0.033 0.030 0.030 -0.006 -0.009 -0.015 -0.018 -0.005 -0.001 -0.001 -0.000 0.000 0.001 0.001 0.002 0.002 0.003 -0.054 -0.020 -0.000 0.000 -0.116 -0.007 -0.002 -0.002 -0.001 -0.000 0.000 0.001 0.001 0.002 -0.001 -0.016 -0.004 -0.001 0.000 -0.009 -0.021 -0.024 -0.027 -0.023 -0.009 -0.001 -0.001
0.035 0.071 0.030 0.029 0.053 0.068 0.089 0.113 0.126 0.128 0.072 0.056 0.041 0.032 0.027 0.034 0.032 0.026 0.020 -0.002 -0.002 -0.002 -0.001 -0.001 0.001 0.003 0.003 0.008 0.004 0.002 0.007 0.037 0.038 0.038 0.041 0.012 -0.019 -0.019 -0.009 -0.003 -0.001 -0.000 0.000 0.001 0.001 0.002 0.002 -0.051 -0.052 -0.043 -0.066 -0.137 -0.002 -0.001 -0.001 -0.001 -0.000 0.000 0.001 0.001 0.002 0.002 0.009 0.014 -0.033 -0.042 -0.071 -0.069 -0.042 -0.029 -0.017 -0.004 -0.002 -0.001 -0.000
0.001 0.002 0.046 0.055 0.036 0.028 0.028 0.014 0.007 0.007 0.021 0.022 0.030 0.028 0.027 0.025 0.021 0.017 -0.003 -0.002 -0.001 -0.001 -0.000 0.001 0.002 0.002 0.003 0.004 0.010 0.015 0.011 0.009 0.045 0.044 0.040 0.023 -0.016 -0.015 -0.005 -0.001 -0.000 0.001 0.001 0.001 0.002 0.002 0.001 -0.065 -0.058 -0.053 -0.078 -0.002 -0.001 -0.001 0.000 -0.000 0.000 0.001 0.001 0.002 0.002 -0.001 0.001 -0.025 -0.078 -0.117 -0.092 -0.059 -0.036 -0.016 -0.002 -0.002 -0.001 -0.001 -0.000
-0.000 0.001 0.001 -0.001 0.001 0.002 -0.001 -0.000 0.000 0.002 -0.000 0.001 0.015 0.018 0.015 0.016 0.012 -0.002 -0.002 -0.002 -0.001 -0.001 0.000 0.001 0.001 0.002 0.003 0.003 0.005 0.007 0.006 0.007 0.008 0.053 0.052 0.051 0.055 -0.009 -0.003 -0.001 -0.000 0.001 0.000 0.001 0.002 -0.090 -0.187 -0.089 -0.062 -0.039 -0.002 -0.001 -0.001 0.000 0.000 0.000 0.000 0.001 0.001 0.003 -0.001 -0.019 -0.059 -0.065 -0.072 -0.015 -0.002 -0.001 0.000 -0.001 -0.001 -0.001 -0.000 -0.000 0.000
-0.001 -0.000 0.000 0.000 0.001 0.002 -0.002 -0.001 0.000 -0.000 -0.000 0.000 0.001 -0.001 0.001 -0.002 -0.001 -0.001 -0.001 -0.001 -0.000 0.000 0.001 0.001 0.001 0.002 0.002 0.003 0.003 0.004 0.004 0.005 0.006 0.007 0.064 0.072 0.059 -0.004 -0.001 0.001 -0.000 0.001 0.001 0.002 -0.252 -0.241 -0.153 -0.120 -0.061 -0.040 -0.002 -0.001 -0.001 0.000 0.001 0.001 0.001 0.001 0.002 0.002 0.016 -0.002 -0.033 -0.052 -0.006 -0.001 -0.001 -0.001 -0.001 -0.001 -0.000 0.000 0.001 0.001 0.001
-0.002 -0.001 -0.000 0.000 0.001 0.001 0.000 -0.000 0.000 0.001 0.000 0.001 0.001 -0.007 -0.002 -0.001 -0.001 -0.000 0.000 0.000 0.000 0.000 0.000 0.000 0.001 0.002 0.002 0.002 0.003 0.003 0.003 0.004 0.005 0.005 0.005 0.065 0.166 0.080 0.044 0.006 -0.001 0.000 0.001 0.001 -0.050 -0.012 -0.002 -0.001 -0.021 -0.001 -0.001 -0.000 0.000 0.001 0.001 0.002 0.002 0.002 0.003 0.003 0.002 0.021 -0.008 -0.008 -0.001 -0.001 -0.001 -0.001 -0.001 -0.000 -0.000 0.000 0.001 0.001 0.010
-0.001 -0.001 -0.000 0.000 0.001 0.001 0.001 -0.000 0.000 0.001 0.004 0.000 -0.007 -0.002 -0.001 -0.001 -0.001 -0.000 0.000 0.001 0.001 0.001 0.001 0.007 0.008 0.006 0.004 0.004 0.004 0.005 0.005 0.006 0.006 0.005 0.003 0.003 0.003 0.245 0.081 0.003 -0.000 0.001 -0.002 -0.020 -0.027 -0.008 -0.001 -0.000 -0.000 0.000 -0.000 -0.000 0.000 0.001 0.001 0.001 0.002 0.003 0.004 0.005 0.004 0.025 0.009 -0.004 -0.001 -0.001 -0.001 -0.000 0.000 -0.000 0.000 0.001 0.001 0.007 0.007
-0.001 -0.001 -0.000 0.000 0.000 0.001 0.001 -0.000 0.000 0.001 0.002 -0.003 -0.005 -0.002 -0.001 -0.001 -0.001 -0.000 0.000 0.000 0.001 -0.001 0.001 0.000 0.001 0.001 0.003 0.003 0.004 0.005 0.006 0.007 0.006 0.003 0.001 0.001 0.001 0.001 -0.077 0.004 0.011 0.003 -0.018 -0.017 -0.012 -0.002 -0.001 0.000 0.002 -0.001 -0.000 0.000 0.001 -0.001 -0.003 -0.002 0.000 0.002 0.003 0.004 0.003 0.006 0.005 0.003 -0.001 -0.001 -0.001 -0.001 -0.001 0.000 0.001 0.001 0.003 0.005 0.004
-0.003 -0.001 -0.000 0.000 0.001 0.002 -0.000 -0.000 0.000 0.001 0.002 -0.003 -0.004 -0.002 -0.001 -0.001 -0.001 -0.000 -0.001 -0.002 -0.004 -0.002 -0.001 -0.000 0.001 0.001 0.002 0.003 0.003 0.004 0.006 0.006 0.005 0.005 0.003 0.001 0.001 0.001 -0.004 0.048 0.038 -0.025 -0.022 -0.017 -0.011 0.000 -0.000 0.000 0.002 0.008 0.007 0.004 0.003 0.001 -0.002 -0.002 -0.001 0.000 0.001 0.003 0.003 -0.011 -0.016 0.002 0.004 0.002 -0.001 -0.002 -0.001 -0.000 0.001 0.008 -0.003 -0.001 -0.001
-0.007 -0.004 -0.001 0.001 0.003 0.003 0.001 0.001 0.001 0.001 0.001 0.001 -0.003 -0.003 -0.002 -0.001 -0.001 -0.002 -0.004 -0.005 -0.003 -0.001 -0.000 0.000 0.001 0.001 0.002 0.003 0.003 0.004 0.006 0.005 0.004 0.004 0.006 -0.000 0.001 0.001 0.049 0.080 0.125 -0.063 -0.025 -0.017 -0.014 -0.001 -0.000 0.000 0.001 0.001 0.001 0.001 -0.001 0.001 0.001 0.003 -0.002 -0.001 0.001 0.002 0.002 -0.029 -0.006 0.028 0.009 -0.000 -0.003 -0.003 -0.004 -0.004 -0.003 -0.003 -0.002 -0.001 -0.000
-0.002 -0.002 -0.001 0.000 0.001 0.002 0.004 0.003 0.001 -0.001 -0.001 0.000 0.000 -0.002 -0.003 -0.003 -0.003 -0.007 -0.007 -0.004 -0.002 -0.001 -0.000 0.000 0.001 0.002 0.003 0.003 0.004 0.005 0.005 0.004 0.004 0.005 0.007 0.009 0.029 0.073 0.071 0.099 0.078 -0.018 -0.021 -0.011 -0.001 -0.001 -0.001 -0.000 -0.000 0.000 0.001 0.001 0.002 0.004 0.009 0.014 0.026 0.008 0.004 0.003 -0.021 -0.019 0.038 0.042 0.028 0.008 -0.008 -0.014 -0.015 -0.009 -0.005 -0.004 -0.003 -0.002 -0.001
