Project1/res/jiangbei-0002.Vx
ncols         320
nrows         411
xllcorner     657487.000000
yllcorner     3548067.000000
cellsize      10.000000
NODATA_value  -9999.000000
[rows 68 to 101 of 411, columns 150 to 224 of 320]
-0.011 0.013 0.014 0.018 0.026 0.030 0.001 0.000 0.000 0.001 -0.029 0.015 0.020 -0.025 -0.039 -0.040 -0.037 -0.044 -0.038 -0.030 -0.023 -0.021 0.000 0.000 0.014 0.019 0.023 0.027 0.034 0.040 0.037 0.039 0.048 0.053 0.059 0.034 0.012 0.010 0.045 -0.013 0.014 -0.002 -0.003 -0.003 -0.000 0.001 -0.011 -0.026 -0.025 0.019 0.023 0.022 0.018 0.016 0.016 0.000 0.018 0.008 0.001 -0.001 -0.001 -0.001 0.001 0.001 0.001 0.001 0.001 0.000 -0.029 -0.039 -0.034 -0.030 -0.028 -0.023 -0.012
0.000 0.014 0.019 0.026 0.032 0.002 0.000 0.000 0.001 -0.035 0.000 0.000 0.032 0.038 -0.036 -0.051 -0.046 -0.035 -0.026 -0.021 -0.022 -0.025 -0.022 -0.013 -0.004 0.010 0.016 0.021 0.026 0.029 0.030 0.038 0.044 0.052 0.044 0.009 0.007 0.008 -0.026 0.000 0.000 0.029 0.024 0.001 0.002 0.002 0.002 0.002 -0.020 0.000 0.000 0.000 0.020 0.010 0.015 0.022 0.025 0.027 0.000 -0.000 -0.000 -0.000 0.000 0.000 0.000 0.000 0.000 0.000 -0.034 -0.042 -0.037 -0.031 -0.029 -0.023 -0.010
0.010 0.016 0.026 0.033 0.022 0.001 0.000 -0.010 -0.043 -0.030 0.010 0.031 0.032 0.033 0.071 -0.040 -0.051 -0.031 -0.021 -0.021 -0.033 -0.034 -0.026 -0.013 -0.011 -0.009 -0.005 0.008 0.015 0.027 0.035 0.041 0.045 0.000 0.020 0.007 0.012 0.011 -0.037 -0.035 0.000 0.000 0.017 0.026 0.031 0.004 0.002 0.002 0.003 -0.025 0.000 0.000 0.000 0.014 0.020 0.024 0.030 0.027 0.000 0.000 0.000 0.000 0.000 0.000 0.000 0.000 0.000 -0.000 -0.028 -0.040 -0.041 -0.033 -0.030 -0.026 -0.015
0.017 0.026 0.033 0.028 0.001 0.000 -0.016 -0.046 0.000 -0.024 0.018 0.000 0.000 0.039 0.031 0.078 -0.041 -0.040 -0.029 -0.036 -0.040 -0.039 -0.027 -0.013 -0.012 -0.011 -0.013 -0.014 -0.008 0.024 0.037 0.045 0.046 0.029 0.046 0.030 -0.026 -0.032 -0.036 -0.040 -0.022 0.028 0.019 0.031 0.039 0.029 0.002 0.003 0.004 0.021 -0.028 0.000 0.000 0.000 0.023 0.000 0.034 0.027 0.000 0.000 0.000 0.000 0.000 0.000 0.000 -0.000 -0.000 -0.000 -0.003 -0.062 -0.046 -0.035 -0.030 -0.026 -0.019
0.026 0.034 0.032 0.002 0.000 0.000 -0.035 -0.052 0.000 0.000 0.000 0.042 0.030 0.035 0.000 0.055 0.034 -0.027 -0.015 -0.045 -0.042 -0.040 -0.028 -0.013 -0.015 -0.017 -0.023 -0.016 0.006 0.027 0.039 0.044 0.040 0.125 0.075 -0.034 -0.037 -0.036 -0.037 -0.041 -0.029 0.017 0.030 0.036 0.034 0.040 0.032 0.003 0.008 0.038 -0.023 -0.027 -0.033 0.000 0.000 0.033 0.046 0.030 0.001 0.002 0.001 0.000 0.000 0.000 -0.000 -0.000 -0.000 -0.001 -0.004 -0.069 -0.054 -0.038 -0.033 -0.027 -0.017
0.031 0.035 0.003 0.001 0.000 -0.017 -0.044 -0.045 -0.034 0.025 0.000 0.037 0.034 0.035 0.037 0.071 0.061 0.042 0.043 -0.038 -0.044 -0.043 -0.031 -0.019 -0.030 -0.030 -0.022 -0.006 0.018 0.032 0.042 0.000 0.139 0.091 0.025 -0.039 -0.039 -0.042 -0.041 0.000 -0.034 0.000 0.037 0.000 0.037 0.038 0.043 0.035 0.042 0.051 -0.017 -0.023 -0.023 -0.030 0.000 0.000 0.040 0.026 -0.018 0.018 0.003 0.000 0.000 -0.000 -0.000 -0.000 -0.000 -0.010 -0.052 -0.057 -0.058 -0.050 -0.042 -0.032 -0.014
0.034 0.022 0.001 0.000 0.003 -0.040 -0.036 0.000 0.000 0.000 0.037 0.038 0.039 0.044 0.080 0.079 0.068 0.061 0.062 0.033 -0.039 -0.046 -0.044 -0.042 -0.037 -0.023 -0.005 0.011 0.024 0.037 0.035 0.050 -0.009 0.011 -0.029 -0.038 -0.031 -0.031 -0.038 -0.043 0.000 0.000 0.000 0.038 0.031 0.031 0.046 0.052 0.065 0.070 -0.093 -0.015 -0.015 -0.025 0.000 -0.018 0.037 -0.015 -0.027 0.033 0.029 0.000 -0.000 -0.000 -0.000 -0.000 -0.001 -0.018 -0.063 -0.053 -0.044 -0.042 -0.044 -0.037 -0.022
0.028 0.002 0.000 0.003 -0.035 -0.042 -0.027 -0.019 0.009 0.000 0.035 0.036 0.038 0.068 0.057 0.057 0.061 0.046 0.068 0.127 0.082 -0.045 -0.055 -0.046 -0.024 0.004 0.012 0.018 0.030 0.038 0.018 0.005 -0.018 -0.038 0.000 -0.053 0.000 0.000 -0.027 -0.033 0.000 0.000 0.000 0.031 0.027 0.025 0.046 0.060 0.076 0.086 0.059 -0.019 -0.015 -0.019 -0.026 0.000 0.000 0.000 0.000 0.000 0.031 0.000 -0.000 -0.000 -0.000 -0.001 -0.003 -0.047 -0.066 -0.058 -0.043 -0.035 -0.030 -0.024 -0.019
0.003 0.000 0.000 -0.040 0.000 -0.040 0.000 0.000 0.032 0.038 0.040 0.035 0.052 0.040 0.041 0.042 0.047 0.041 0.034 0.042 0.143 0.107 -0.054 -0.048 -0.028 -0.011 0.014 0.032 0.035 0.019 -0.001 -0.001 -0.071 -0.072 -0.047 0.000 -0.013 0.000 -0.019 0.000 0.000 0.036 0.032 0.031 0.039 0.049 0.051 0.056 0.079 0.086 0.085 0.040 -0.007 -0.014 -0.023 -0.014 0.007 -0.024 0.000 0.000 0.026 0.000 -0.000 -0.000 -0.002 -0.035 -0.035 -0.037 -0.044 -0.047 -0.043 -0.037 -0.032 -0.025 -0.021
0.001 0.000 -0.003 -0.074 0.000 -0.039 0.000 0.000 0.033 0.049 0.054 0.042 0.033 0.025 0.034 0.022 0.032 0.032 0.035 0.037 0.049 0.162 0.064 -0.050 -0.042 -0.026 0.014 0.025 -0.017 -0.020 0.021 -0.041 -0.119 -0.102 0.000 -0.043 0.000 -0.020 -0.006 -0.016 0.012 0.000 0.029 0.033 0.035 0.033 0.030 0.031 0.058 0.064 0.066 0.056 0.038 -0.017 -0.030 -0.027 -0.023 0.000 0.000 0.028 0.001 0.000 -0.000 -0.020 -0.036 -0.034 -0.032 -0.028 -0.021 -0.019 -0.032 -0.030 -0.029 -0.025 -0.019
0.001 -0.002 -0.068 -0.087 -0.046 -0.029 -0.037 0.000 0.000 0.036 0.034 0.028 0.029 0.026 -0.013 -0.012 0.019 0.000 0.034 0.030 0.038 0.046 0.102 0.023 -0.031 -0.047 -0.052 -0.060 -0.019 0.000 0.000 -0.011 -0.139 -0.142 -0.042 -0.019 0.017 -0.020 0.010 0.023 -0.034 -0.036 -0.014 0.010 0.015 0.017 0.021 0.028 -0.004 0.018 0.033 0.040 0.042 0.034 -0.038 -0.039 -0.011 -0.006 0.020 0.042 0.001 0.000 -0.017 -0.037 -0.033 -0.033 -0.029 -0.021 -0.006 0.009 0.006 -0.023 -0.027 -0.022 -0.017
-0.028 -0.012 0.004 -0.014 0.017 -0.062 -0.034 0.000 0.000 0.029 0.026 0.025 0.026 0.013 -0.013 0.000 0.000 0.028 0.028 0.025 0.022 0.000 0.054 0.042 0.038 0.152 -0.169 -0.171 -0.116 -0.066 -0.052 -0.089 -0.140 -0.202 -0.224 -0.131 -0.022 -0.024 -0.027 -0.016 -0.024 -0.039 0.000 -0.005 0.011 0.014 0.025 0.028 -0.009 -0.010 -0.003 0.021 0.032 0.034 0.034 -0.026 -0.009 -0.005 0.018 0.053 0.003 -0.024 -0.028 -0.027 -0.028 -0.032 -0.026 -0.017 -0.007 0.008 0.006 -0.019 -0.022 -0.019 0.000
-0.016 0.000 0.019 0.005 0.014 -0.015 -0.033 -0.027 -0.016 0.016 0.021 0.021 0.021 0.019 0.011 0.014 0.019 0.024 0.030 0.042 0.059 0.068 0.061 0.046 0.032 -0.031 -0.096 -0.115 -0.087 -0.076 -0.040 -0.050 -0.071 -0.033 -0.020 0.007 -0.017 -0.012 -0.024 -0.014 -0.016 -0.038 0.000 -0.019 0.009 0.015 0.032 0.030 -0.008 -0.021 -0.020 -0.012 0.005 0.000 0.041 0.045 -0.005 -0.002 0.022 0.042 -0.012 0.000 -0.021 -0.022 0.000 -0.028 -0.021 -0.012 -0.001 0.007 -0.007 -0.016 -0.018 -0.014 0.011
0.000 0.000 0.019 0.009 0.012 0.016 -0.040 -0.038 0.000 -0.004 0.020 0.020 0.024 0.024 0.024 0.020 0.023 0.025 0.044 0.050 -0.006 -0.008 0.020 0.000 0.027 -0.017 -0.047 0.000 0.000 0.008 -0.048 -0.060 -0.062 -0.036 -0.022 0.016 -0.024 -0.007 -0.014 -0.009 -0.014 -0.040 -0.035 -0.029 0.000 0.000 0.039 0.027 0.002 -0.023 -0.022 -0.018 -0.014 0.026 0.000 0.053 0.052 0.028 0.002 -0.012 -0.016 0.000 -0.017 -0.027 -0.026 -0.019 -0.014 -0.006 0.007 0.009 0.004 -0.019 -0.020 -0.013 0.013
-0.027 0.000 0.017 0.005 0.009 0.016 0.015 -0.026 -0.024 -0.013 0.022 0.000 0.000 0.027 0.028 0.035 0.040 0.022 0.039 0.042 0.000 -0.013 0.022 0.000 0.025 -0.024 -0.077 0.000 0.000 0.000 -0.020 -0.033 -0.036 -0.033 -0.018 0.018 0.016 -0.008 -0.007 -0.006 -0.010 -0.030 0.000 -0.034 0.000 0.000 0.000 0.021 -0.010 -0.026 -0.022 0.000 0.000 0.024 0.051 0.053 0.054 0.050 0.032 0.000 0.000 0.008 -0.005 -0.031 0.000 -0.018 0.000 0.000 0.012 0.014 0.019 -0.019 -0.022 0.000 0.000
0.000 -0.028 0.000 -0.004 0.000 0.016 0.018 -0.019 0.000 0.000 0.022 0.000 0.028 0.024 0.016 0.022 0.027 0.023 0.041 0.048 0.037 0.014 0.023 0.026 0.017 -0.074 -0.089 0.000 0.000 0.011 -0.028 -0.031 -0.033 -0.030 -0.016 0.017 0.024 -0.009 -0.008 -0.005 -0.005 0.000 -0.035 -0.034 0.000 0.000 0.041 0.011 -0.022 -0.027 -0.019 0.011 0.027 0.039 0.041 0.041 0.043 0.046 0.040 0.033 0.034 0.020 0.017 -0.006 -0.029 0.000 -0.021 0.000 0.013 0.019 0.023 -0.015 -0.023 -0.016 0.010
-0.025 0.000 0.000 0.000 0.000 0.000 0.009 0.000 0.000 0.021 0.025 0.030 0.028 0.016 0.014 0.024 0.028 0.053 0.049 0.057 0.059 0.046 -0.023 -0.038 -0.063 -0.063 -0.060 -0.043 -0.042 -0.043 -0.038 -0.034 -0.031 -0.028 -0.016 0.012 0.017 0.023 0.014 -0.007 -0.003 -0.020 -0.034 -0.033 -0.021 0.030 0.000 0.009 -0.028 -0.026 -0.012 0.017 0.025 0.028 0.031 0.034 0.038 0.041 0.044 0.044 0.050 0.017 0.038 0.060 0.050 -0.027 -0.037 -0.019 0.008 0.018 0.024 0.023 -0.026 -0.017 0.012
0.037 -0.023 -0.042 0.000 -0.009 0.016 0.008 0.015 0.024 0.025 0.034 0.041 0.030 -0.014 0.001 0.016 0.040 0.078 0.088 0.088 0.095 0.085 -0.013 -0.031 -0.049 -0.051 -0.026 -0.012 -0.064 -0.050 -0.040 -0.037 -0.033 -0.027 -0.021 0.000 0.006 0.000 0.025 0.014 -0.006 -0.012 -0.029 -0.029 -0.013 0.020 0.025 -0.021 -0.026 0.000 -0.008 0.000 0.021 0.025 0.027 0.029 0.032 0.031 0.032 0.034 0.046 0.057 0.047 0.045 0.022 0.046 -0.031 -0.030 -0.025 0.010 0.025 -0.024 -0.025 0.000 0.000
0.025 0.068 0.000 -0.036 -0.032 -0.011 0.014 0.019 0.026 0.035 0.054 0.066 0.023 0.007 0.024 0.036 0.058 0.091 0.078 0.091 0.094 0.067 -0.054 -0.067 -0.056 -0.049 -0.021 0.012 -0.029 -0.049 -0.036 -0.032 -0.029 -0.024 -0.019 -0.008 0.009 0.015 0.021 0.027 -0.009 -0.007 -0.013 -0.024 -0.012 0.011 -0.031 -0.025 -0.026 -0.023 -0.014 0.012 0.018 0.023 0.024 0.022 0.021 0.019 0.019 0.000 0.053 0.072 0.073 0.059 0.060 0.063 0.044 -0.029 -0.038 -0.025 -0.013 0.017 -0.037 -0.046 -0.048
0.021 0.022 0.083 -0.024 0.000 -0.029 0.007 0.008 0.017 0.018 0.030 0.032 0.003 0.004 0.004 -0.003 0.014 0.025 0.026 0.028 0.087 -0.029 -0.045 -0.043 -0.053 -0.057 -0.024 0.024 0.029 -0.041 -0.043 -0.030 -0.026 -0.023 0.000 0.000 0.013 0.016 0.020 0.026 0.032 -0.009 -0.004 -0.007 -0.047 -0.056 -0.039 -0.041 -0.034 -0.028 -0.017 0.000 0.000 0.022 0.023 0.024 0.025 0.026 0.026 0.048 0.057 0.065 0.061 0.064 0.060 0.062 0.035 0.010 -0.037 -0.058 -0.071 -0.058 -0.093 -0.085 -0.062
0.019 0.000 0.052 0.082 -0.026 -0.035 -0.028 -0.026 -0.010 0.007 0.000 0.030 0.002 0.007 -0.006 0.004 0.022 0.031 0.032 0.022 0.068 -0.036 -0.042 -0.042 -0.050 -0.043 0.028 0.035 0.036 0.026 -0.044 -0.027 -0.023 -0.019 -0.012 0.005 0.013 0.018 0.018 0.026 0.034 0.029 -0.008 -0.003 -0.025 -0.051 -0.041 -0.042 -0.035 -0.029 -0.019 -0.011 0.013 0.025 0.027 0.028 0.030 0.032 0.052 0.052 0.047 0.049 0.053 0.064 0.072 0.047 0.017 0.032 0.028 0.009 0.001 -0.107 -0.053 -0.046 -0.041
0.000 0.024 0.046 0.070 0.093 0.023 -0.038 -0.035 0.000 -0.010 0.028 0.029 0.003 0.020 -0.004 0.011 0.029 0.039 0.026 0.058 -0.037 -0.042 -0.043 -0.037 -0.025 0.013 -0.007 0.021 0.030 0.031 0.019 -0.026 -0.025 -0.018 -0.011 -0.008 0.004 0.008 0.007 0.011 0.022 0.030 0.018 -0.003 -0.020 -0.048 -0.042 -0.039 -0.040 -0.028 -0.019 0.000 0.000 0.031 0.043 0.041 0.043 0.052 0.047 0.043 0.041 0.039 0.041 0.053 0.064 0.060 0.039 0.015 0.016 0.013 0.005 -0.035 -0.054 -0.039 -0.019
0.000 0.000 0.019 0.024 0.027 0.073 0.021 -0.031 -0.034 0.000 0.000 0.026 0.017 0.016 0.013 0.027 0.041 0.042 0.063 -0.039 -0.045 -0.049 -0.045 -0.029 0.011 0.021 -0.028 0.000 0.000 0.035 0.029 -0.021 -0.020 -0.012 -0.005 -0.011 -0.021 -0.023 -0.012 -0.003 0.013 0.024 0.029 0.010 -0.026 -0.033 -0.025 -0.022 -0.027 -0.025 -0.018 -0.014 0.013 0.031 0.038 0.043 0.041 0.035 0.032 0.031 0.030 0.029 0.029 0.035 0.047 0.053 0.063 0.041 0.016 0.012 0.013 0.015 -0.026 -0.044 -0.032
-0.027 -0.020 0.014 0.020 0.021 0.020 0.021 -0.023 -0.035 0.000 -0.015 0.012 0.014 0.015 0.043 0.056 0.061 0.101 -0.035 -0.046 -0.050 -0.053 -0.045 -0.022 0.016 0.023 -0.024 0.000 0.000 0.000 0.033 0.022 0.014 0.008 0.007 -0.024 -0.031 -0.027 -0.016 -0.008 0.008 0.015 -0.005 -0.015 -0.017 -0.011 0.008 -0.014 -0.013 -0.017 -0.017 -0.018 -0.016 0.020 0.029 0.026 0.020 0.022 0.023 0.024 0.025 0.025 0.024 0.025 0.033 0.045 0.062 0.063 0.042 0.014 0.016 0.020 0.025 -0.025 -0.039
-0.014 -0.024 0.000 0.000 0.000 0.019 0.013 -0.013 -0.028 -0.026 0.000 0.000 0.000 0.016 0.055 0.069 0.048 -0.023 -0.043 -0.046 -0.049 -0.050 -0.041 -0.021 0.012 0.020 0.017 0.000 0.000 0.000 0.037 0.034 0.044 -0.027 -0.023 -0.031 -0.032 -0.029 -0.022 -0.014 0.002 -0.006 -0.014 0.000 -0.012 0.000 0.009 -0.007 0.004 -0.014 -0.016 -0.018 0.000 -0.003 0.028 0.028 0.017 0.019 0.020 0.021 0.022 0.022 0.022 0.024 0.028 0.038 0.056 0.054 0.050 0.032 0.019 0.020 0.033 0.049 0.055
0.007 -0.011 -0.021 0.000 0.000 0.021 0.012 0.048 -0.020 -0.027 -0.022 0.000 0.000 0.017 0.053 0.039 0.028 -0.043 -0.048 -0.046 -0.041 -0.036 -0.022 -0.025 0.001 0.012 0.018 0.012 0.019 0.027 0.000 0.036 0.030 -0.035 -0.018 -0.037 -0.028 -0.030 -0.026 -0.018 0.003 0.006 -0.014 -0.015 -0.014 -0.009 0.002 0.011 0.004 -0.007 -0.005 0.007 -0.013 0.000 0.000 0.000 0.014 0.015 0.016 0.017 0.018 0.019 0.020 0.023 0.027 0.029 -0.007 0.016 0.033 0.035 0.028 0.019 0.058 0.089 0.143
0.007 0.007 0.002 -0.009 0.000 0.000 0.014 0.013 0.015 -0.021 -0.023 -0.013 0.011 0.022 0.012 -0.003 -0.038 -0.046 -0.049 -0.048 -0.039 -0.029 0.014 -0.007 -0.008 0.013 0.025 0.035 0.052 0.048 0.017 0.031 0.000 -0.148 -0.019 -0.020 -0.032 -0.027 -0.027 -0.017 0.005 -0.006 -0.019 -0.019 -0.016 -0.012 -0.011 0.007 0.018 0.020 0.018 0.017 0.005 -0.015 0.000 0.000 0.009 0.010 0.010 0.012 0.015 0.016 0.018 0.022 0.025 0.024 -0.017 0.000 0.030 0.000 0.030 0.032 -0.013 0.020 0.017
0.003 0.002 0.001 0.000 -0.005 -0.017 -0.020 -0.008 0.001 0.000 -0.020 -0.012 0.011 -0.014 -0.007 -0.023 -0.041 -0.049 -0.044 -0.046 -0.035 0.000 -0.007 0.013 0.006 0.021 0.032 0.042 0.053 0.079 0.077 0.037 0.056 -0.015 -0.011 -0.014 -0.020 -0.016 -0.026 -0.014 0.004 -0.019 -0.025 -0.023 -0.018 -0.009 -0.012 -0.007 0.017 0.030 0.019 -0.026 0.013 0.026 -0.010 -0.017 -0.011 -0.006 -0.004 0.007 0.000 0.010 0.015 0.020 0.022 -0.007 0.000 -0.014 0.020 0.032 0.026 0.031 0.031 0.045 0.038
0.002 0.001 0.000 -0.001 -0.004 -0.010 -0.015 -0.006 0.000 0.000 -0.017 -0.070 -0.057 -0.019 -0.020 -0.015 -0.036 -0.049 -0.039 -0.022 -0.040 -0.032 -0.016 0.006 0.013 0.022 0.030 0.034 0.045 0.056 0.066 0.094 0.068 0.005 -0.006 -0.010 -0.015 -0.037 -0.020 -0.021 -0.015 -0.028 -0.027 -0.026 -0.024 -0.013 0.015 0.012 -0.006 0.024 -0.031 0.000 0.000 0.031 0.020 0.000 -0.017 -0.015 -0.012 -0.012 -0.012 0.000 0.000 0.016 0.018 -0.005 -0.011 0.006 0.013 0.021 0.024 0.030 0.046 0.064 0.040
0.002 0.001 -0.000 -0.002 -0.005 -0.007 -0.008 -0.005 -0.003 0.002 0.046 -0.025 -0.018 -0.013 -0.010 -0.012 -0.028 0.000 -0.041 -0.025 -0.013 -0.038 -0.026 -0.012 -0.007 0.013 0.023 0.029 0.043 0.052 0.054 0.051 0.047 -0.003 -0.008 -0.009 -0.016 -0.029 -0.052 -0.034 -0.021 -0.018 -0.028 -0.031 -0.027 -0.015 0.013 0.024 0.002 0.014 -0.021 -0.009 0.023 0.014 0.019 0.049 0.059 0.060 -0.011 -0.020 -0.019 -0.018 0.000 0.000 0.019 0.014 0.012 0.014 0.017 0.019 0.025 0.029 0.057 0.063 0.033
0.003 0.001 -0.000 -0.003 -0.006 -0.008 -0.008 -0.007 -0.006 -0.003 0.001 -0.027 0.000 -0.012 0.000 0.014 -0.027 -0.038 -0.036 -0.034 -0.031 -0.028 -0.022 -0.013 -0.014 -0.009 0.011 0.025 0.039 0.042 0.042 0.043 0.044 0.045 0.011 -0.012 -0.023 -0.035 -0.042 -0.029 -0.015 -0.010 -0.010 -0.025 -0.030 -0.021 -0.013 0.018 0.043 0.009 -0.009 0.009 0.019 0.008 -0.016 -0.011 0.019 0.019 0.059 -0.012 -0.020 -0.020 -0.023 0.000 0.000 0.018 0.033 0.039 0.048 0.052 0.051 0.082 0.088 0.071 0.041
0.006 0.002 -0.000 -0.003 -0.006 -0.009 -0.010 -0.010 -0.008 -0.006 -0.013 0.000 -0.025 0.000 0.000 0.016 0.014 -0.027 -0.038 -0.042 -0.041 -0.038 -0.031 -0.019 -0.016 -0.014 -0.009 0.015 0.029 0.033 0.035 0.037 0.041 0.043 0.039 0.037 0.017 -0.030 -0.041 -0.023 -0.021 -0.013 -0.005 -0.014 -0.027 -0.026 0.000 0.000 0.018 0.048 0.015 0.013 0.015 0.007 0.000 0.000 0.000 0.019 0.012 0.023 -0.010 -0.016 -0.021 -0.015 0.018 0.016 -0.014 -0.010 0.023 0.030 0.031 0.056 0.057 0.051 0.026
0.012 0.005 0.000 -0.004 -0.008 -0.011 -0.013 -0.013 -0.011 -0.009 -0.024 -0.030 -0.026 -0.014 0.003 0.012 0.000 0.035 -0.030 -0.044 -0.045 -0.044 -0.043 -0.034 -0.022 -0.014 -0.015 -0.009 0.013 0.023 0.030 0.035 0.039 0.040 0.036 0.034 0.034 0.031 -0.010 -0.012 -0.010 -0.005 -0.009 -0.013 -0.017 -0.024 0.000 0.000 0.000 0.020 0.006 0.005 0.006 0.012 -0.016 0.008 0.014 0.016 0.016 0.050 0.105 -0.080 -0.020 -0.025 -0.029 -0.023 -0.020 -0.010 0.031 0.027 -0.027 0.000 0.040 0.000 0.011
0.018 0.010 0.001 -0.005 -0.011 -0.016 -0.019 -0.020 -0.017 -0.013 -0.025 -0.027 -0.024 -0.003 0.003 0.000 0.000 0.023 -0.001 -0.002 -0.043 -0.047 -0.049 -0.045 -0.034 -0.020 -0.015 -0.014 -0.008 0.013 0.024 0.030 0.036 0.036 0.031 0.033 0.036 0.037 0.024 -0.015 -0.011 -0.003 -0.004 -0.005 -0.011 -0.038 -0.036 -0.022 0.006 0.025 0.017 0.004 0.011 0.030 0.070 0.076 0.042 0.019 0.016 0.022 0.017 -0.004 -0.013 -0.008 -0.025 -0.032 0.000 -0.006 0.000 -0.015 -0.030 0.020 0.000 0.035 0.005
