Project1/res/jiangbei-0002.wd
ncols         319
nrows         411
xllcorner     657492.000000
yllcorner     3548067.000000
cellsize      10.000000
NODATA_value  -9999.000000
[rows 204 to 237 of 411, columns 77 to 153 of 319]
0.151 0.363 0.496 0.526 0.372 0.087 0.004 0.005 0.005 0.002 0.001 0.001 0.001 0.001 0.001 0.001 0.010 0.039 0.007 0.004 0.001 0.000 0.001 0.001 0.001 0.203 0.499 0.312 0.067 0.001 0.001 0.001 0.001 0.003 0.024 0.189 0.336 0.486 0.688 0.819 0.821 0.799 0.753 0.785 0.866 0.811 0.173 0.002 0.003 0.117 0.112 0.090 0.158 0.245 0.230 0.225 0.278 0.291 0.042 0.010 0.021 0.083 0.063 0.028 0.008 0.002 0.001 0.001 0.002 0.002 0.014 0.034 0.003 0.003 0.002 0.002 0.001
0.206 0.459 0.562 0.535 0.472 0.276 0.010 0.005 0.006 0.006 0.003 0.002 0.001 0.001 0.001 0.001 0.001 0.052 0.027 0.001 0.002 0.006 0.001 0.001 0.001 0.022 0.230 0.176 0.058 0.003 0.001 0.001 0.001 0.002 0.114 0.268 0.370 0.426 0.613 0.795 0.822 0.813 0.787 0.732 0.431 0.002 0.001 0.002 0.006 0.011 0.003 0.025 0.150 0.290 0.219 0.132 0.112 0.086 0.004 0.002 0.001 0.023 0.015 0.014 0.015 0.010 0.002 0.001 0.002 0.005 0.063 0.025 0.002 0.002 0.002 0.001 0.001
0.185 0.500 0.593 0.516 0.492 0.333 0.003 0.002 0.003 0.008 0.032 0.007 0.001 0.001 0.001 0.002 0.019 0.075 0.102 0.005 0.005 0.007 0.002 0.001 0.001 0.008 0.008 0.006 0.021 0.014 0.008 0.005 0.003 0.005 0.184 0.302 0.345 0.391 0.585 0.805 0.814 0.765 0.606 0.232 0.001 0.001 0.001 0.003 0.005 0.004 0.003 0.007 0.115 0.235 0.072 0.019 0.011 0.004 0.004 0.003 0.002 0.009 0.008 0.009 0.012 0.013 0.010 0.001 0.006 0.041 0.076 0.004 0.002 0.001 0.001 0.001 0.002
0.127 0.385 0.649 0.590 0.492 0.332 0.002 0.001 0.001 0.004 0.002 0.001 0.001 0.001 0.001 0.001 0.009 0.053 0.117 0.042 0.025 0.002 0.001 0.001 0.008 0.014 0.001 0.001 0.001 0.005 0.013 0.018 0.023 0.048 0.201 0.257 0.276 0.376 0.600 0.705 0.543 0.301 0.003 0.001 0.001 0.001 0.002 0.018 0.005 0.003 0.003 0.008 0.067 0.150 0.003 0.008 0.012 0.004 0.004 0.005 0.005 0.005 0.006 0.007 0.009 0.011 0.011 0.006 0.005 0.006 0.010 0.002 0.001 0.001 0.001 0.002 0.002
0.092 0.245 0.544 0.555 0.449 0.254 0.002 0.001 0.001 0.003 0.001 0.001 0.001 0.001 0.001 0.002 0.016 0.011 0.001 0.001 0.006 0.002 0.002 0.009 0.010 0.009 0.001 0.001 0.001 0.002 0.018 0.017 0.011 0.006 0.067 0.157 0.226 0.412 0.586 0.375 0.002 0.001 0.001 0.001 0.001 0.003 0.020 0.011 0.002 0.001 0.004 0.013 0.001 0.002 0.001 0.012 0.009 0.003 0.003 0.003 0.004 0.004 0.004 0.005 0.007 0.009 0.012 0.006 0.003 0.003 0.003 0.001 0.001 0.001 0.001 0.002 0.002
0.100 0.217 0.469 0.446 0.263 0.002 0.001 0.001 0.001 0.001 0.001 0.001 0.001 0.002 0.002 0.037 0.126 0.001 0.001 0.001 0.001 0.002 0.003 0.015 0.006 0.004 0.001 0.001 0.000 0.001 0.013 0.006 0.001 0.001 0.002 0.053 0.204 0.383 0.410 0.002 0.001 0.001 0.001 0.001 0.009 0.007 0.005 0.003 0.002 0.002 0.087 0.009 0.001 0.001 0.001 0.067 0.032 0.002 0.001 0.001 0.001 0.004 0.003 0.003 0.004 0.009 0.016 0.007 0.004 0.002 0.002 0.001 0.001 0.001 0.001 0.002 0.002
0.103 0.273 0.575 0.451 0.161 0.001 0.001 0.001 0.001 0.001 0.001 0.002 0.002 0.001 0.002 0.137 0.301 0.097 0.001 0.001 0.001 0.001 0.001 0.007 0.010 0.003 0.001 0.001 0.001 0.001 0.013 0.007 0.001 0.001 0.001 0.003 0.145 0.278 0.161 0.001 0.001 0.001 0.001 0.025 0.062 0.002 0.001 0.002 0.001 0.011 0.074 0.001 0.001 0.001 0.037 0.090 0.017 0.002 0.001 0.001 0.001 0.003 0.002 0.002 0.003 0.014 0.014 0.006 0.004 0.002 0.001 0.002 0.002 0.002 0.002 0.002 0.002
0.138 0.372 0.655 0.472 0.212 0.003 0.002 0.001 0.001 0.002 0.040 0.096 0.003 0.001 0.002 0.183 0.416 0.389 0.149 0.002 0.002 0.001 0.001 0.002 0.051 0.013 0.003 0.001 0.001 0.001 0.012 0.010 0.001 0.001 0.001 0.002 0.121 0.158 0.002 0.001 0.001 0.001 0.003 0.007 0.001 0.001 0.001 0.002 0.008 0.008 0.001 0.001 0.001 0.026 0.084 0.064 0.003 0.002 0.002 0.001 0.001 0.002 0.001 0.002 0.004 0.016 0.010 0.007 0.006 0.003 0.002 0.003 0.003 0.003 0.003 0.001 0.002
0.178 0.330 0.444 0.188 0.006 0.002 0.002 0.002 0.001 0.014 0.186 0.221 0.046 0.001 0.002 0.005 0.219 0.376 0.255 0.093 0.008 0.001 0.001 0.003 0.055 0.008 0.012 0.005 0.004 0.005 0.015 0.001 0.001 0.001 0.002 0.006 0.063 0.003 0.001 0.001 0.001 0.001 0.004 0.003 0.001 0.001 0.001 0.004 0.005 0.001 0.001 0.001 0.010 0.123 0.094 0.081 0.001 0.001 0.001 0.001 0.001 0.001 0.001 0.002 0.005 0.012 0.009 0.009 0.014 0.010 0.001 0.001 0.004 0.006 0.005 0.002 0.001
0.174 0.160 0.089 0.001 0.001 0.002 0.003 0.002 0.001 0.046 0.116 0.103 0.020 0.010 0.003 0.001 0.001 0.008 0.002 0.002 0.006 0.023 0.002 0.004 0.003 0.001 0.005 0.002 0.001 0.001 0.015 0.001 0.001 0.001 0.002 0.003 0.007 0.002 0.001 0.001 0.001 0.010 0.003 0.001 0.001 0.001 0.006 0.020 0.001 0.001 0.001 0.002 0.036 0.084 0.101 0.108 0.038 0.002 0.001 0.001 0.001 0.001 0.001 0.002 0.004 0.009 0.016 0.030 0.029 0.013 0.002 0.001 0.002 0.006 0.010 0.002 0.001
0.195 0.005 0.001 0.001 0.001 0.005 0.003 0.002 0.020 0.087 0.068 0.007 0.007 0.016 0.006 0.001 0.001 0.001 0.001 0.001 0.002 0.006 0.003 0.001 0.001 0.001 0.003 0.001 0.001 0.001 0.067 0.037 0.001 0.001 0.001 0.001 0.004 0.003 0.001 0.001 0.002 0.003 0.001 0.001 0.001 0.002 0.022 0.042 0.001 0.001 0.002 0.006 0.006 0.012 0.052 0.174 0.234 0.073 0.001 0.001 0.001 0.001 0.002 0.003 0.004 0.026 0.046 0.045 0.030 0.013 0.002 0.001 0.001 0.002 0.015 0.018 0.001
0.230 0.001 0.001 0.000 0.055 0.031 0.016 0.015 0.038 0.085 0.020 0.001 0.001 0.010 0.010 0.001 0.001 0.003 0.003 0.004 0.003 0.003 0.002 0.001 0.001 0.001 0.002 0.001 0.001 0.008 0.102 0.142 0.017 0.001 0.001 0.001 0.002 0.003 0.001 0.001 0.002 0.001 0.001 0.001 0.003 0.001 0.001 0.001 0.001 0.001 0.001 0.001 0.002 0.015 0.079 0.192 0.287 0.158 0.003 0.002 0.003 0.003 0.002 0.001 0.004 0.036 0.054 0.042 0.026 0.012 0.004 0.001 0.001 0.001 0.002 0.075 0.065
0.177 0.001 0.025 0.221 0.140 0.013 0.008 0.010 0.013 0.006 0.001 0.001 0.001 0.001 0.017 0.085 0.116 0.086 0.010 0.005 0.005 0.002 0.001 0.001 0.001 0.003 0.001 0.001 0.001 0.002 0.098 0.121 0.006 0.001 0.001 0.001 0.001 0.002 0.001 0.001 0.001 0.001 0.001 0.002 0.005 0.001 0.001 0.001 0.002 0.001 0.001 0.001 0.001 0.032 0.026 0.096 0.190 0.108 0.007 0.005 0.004 0.002 0.002 0.003 0.004 0.010 0.016 0.006 0.003 0.003 0.002 0.001 0.001 0.001 0.002 0.024 0.061
0.080 0.078 0.187 0.210 0.095 0.004 0.004 0.005 0.001 0.001 0.001 0.001 0.001 0.001 0.013 0.130 0.124 0.011 0.001 0.001 0.007 0.002 0.001 0.001 0.002 0.003 0.003 0.001 0.001 0.001 0.002 0.017 0.009 0.002 0.002 0.001 0.001 0.002 0.001 0.001 0.001 0.001 0.001 0.010 0.006 0.001 0.001 0.001 0.011 0.001 0.001 0.001 0.001 0.014 0.003 0.004 0.059 0.007 0.003 0.003 0.002 0.002 0.002 0.003 0.003 0.004 0.005 0.004 0.002 0.001 0.001 0.001 0.001 0.001 0.001 0.001 0.049
0.016 0.072 0.149 0.172 0.050 0.004 0.003 0.001 0.001 0.001 0.001 0.001 0.002 0.001 0.002 0.047 0.005 0.001 0.001 0.001 0.004 0.002 0.001 0.001 0.002 0.003 0.005 0.002 0.001 0.001 0.001 0.001 0.030 0.015 0.005 0.003 0.002 0.002 0.001 0.001 0.001 0.001 0.002 0.065 0.002 0.001 0.001 0.008 0.155 0.002 0.001 0.001 0.002 0.003 0.012 0.003 0.005 0.004 0.003 0.002 0.002 0.002 0.002 0.003 0.002 0.002 0.002 0.004 0.002 0.001 0.001 0.001 0.001 0.001 0.001 0.002 0.043
0.031 0.023 0.101 0.143 0.023 0.012 0.014 0.009 0.005 0.003 0.002 0.003 0.005 0.002 0.001 0.002 0.001 0.001 0.002 0.002 0.002 0.001 0.001 0.001 0.002 0.003 0.007 0.007 0.002 0.001 0.001 0.001 0.009 0.006 0.002 0.002 0.002 0.001 0.001 0.001 0.001 0.004 0.006 0.001 0.001 0.001 0.001 0.002 0.186 0.012 0.001 0.002 0.001 0.001 0.002 0.004 0.002 0.003 0.002 0.002 0.002 0.002 0.002 0.002 0.002 0.002 0.002 0.002 0.003 0.002 0.002 0.002 0.001 0.002 0.002 0.004 0.019
0.202 0.031 0.030 0.085 0.013 0.008 0.012 0.016 0.011 0.007 0.005 0.003 0.002 0.001 0.001 0.002 0.002 0.002 0.004 0.003 0.001 0.001 0.001 0.001 0.001 0.002 0.023 0.044 0.001 0.001 0.001 0.001 0.005 0.002 0.002 0.002 0.002 0.001 0.001 0.002 0.003 0.003 0.001 0.001 0.001 0.001 0.001 0.001 0.059 0.011 0.002 0.002 0.001 0.001 0.001 0.002 0.002 0.002 0.002 0.002 0.002 0.002 0.002 0.001 0.001 0.001 0.001 0.001 0.002 0.003 0.004 0.003 0.002 0.002 0.008 0.010 0.012
0.145 0.007 0.006 0.079 0.027 0.004 0.005 0.003 0.002 0.002 0.002 0.002 0.002 0.001 0.002 0.003 0.003 0.005 0.011 0.004 0.001 0.001 0.001 0.001 0.002 0.004 0.017 0.053 0.002 0.001 0.001 0.001 0.002 0.001 0.001 0.003 0.002 0.002 0.002 0.002 0.004 0.003 0.001 0.001 0.001 0.001 0.001 0.001 0.001 0.021 0.004 0.002 0.001 0.001 0.001 0.006 0.003 0.002 0.001 0.001 0.001 0.001 0.002 0.001 0.001 0.002 0.002 0.003 0.003 0.002 0.000 0.001 0.002 0.004 0.030 0.016 0.006
0.003 0.002 0.007 0.094 0.045 0.003 0.002 0.002 0.002 0.001 0.001 0.001 0.002 0.002 0.002 0.004 0.008 0.011 0.010 0.002 0.001 0.001 0.001 0.001 0.001 0.002 0.003 0.037 0.023 0.001 0.001 0.001 0.001 0.002 0.002 0.002 0.001 0.002 0.003 0.003 0.006 0.003 0.001 0.001 0.002 0.003 0.001 0.001 0.001 0.029 0.020 0.002 0.002 0.001 0.002 0.004 0.001 0.001 0.001 0.001 0.001 0.001 0.001 0.002 0.002 0.002 0.003 0.003 0.002 0.001 0.001 0.001 0.003 0.033 0.024 0.003 0.002
0.003 0.003 0.012 0.079 0.027 0.001 0.001 0.002 0.001 0.001 0.001 0.001 0.003 0.003 0.002 0.008 0.010 0.007 0.002 0.002 0.001 0.001 0.001 0.001 0.001 0.001 0.001 0.043 0.004 0.001 0.001 0.002 0.002 0.003 0.002 0.002 0.001 0.001 0.003 0.004 0.006 0.007 0.001 0.001 0.002 0.021 0.253 0.001 0.001 0.001 0.010 0.007 0.005 0.002 0.003 0.003 0.001 0.001 0.001 0.001 0.001 0.002 0.002 0.002 0.002 0.003 0.003 0.003 0.002 0.002 0.001 0.003 0.016 0.008 0.003 0.002 0.002
0.006 0.005 0.007 0.038 0.027 0.001 0.001 0.002 0.001 0.001 0.001 0.002 0.009 0.007 0.007 0.012 0.013 0.008 0.004 0.006 0.002 0.001 0.001 0.001 0.001 0.001 0.002 0.012 0.005 0.003 0.003 0.007 0.003 0.002 0.003 0.002 0.001 0.001 0.002 0.004 0.010 0.007 0.005 0.004 0.004 0.027 0.329 0.423 0.123 0.004 0.005 0.007 0.014 0.003 0.003 0.002 0.001 0.001 0.001 0.001 0.002 0.004 0.002 0.002 0.003 0.003 0.003 0.003 0.003 0.003 0.004 0.076 0.056 0.014 0.002 0.002 0.002
0.008 0.005 0.007 0.022 0.038 0.003 0.001 0.006 0.002 0.001 0.001 0.002 0.016 0.009 0.004 0.016 0.015 0.010 0.007 0.005 0.003 0.001 0.001 0.001 0.001 0.002 0.002 0.007 0.007 0.006 0.005 0.054 0.006 0.004 0.005 0.003 0.001 0.001 0.002 0.012 0.054 0.012 0.012 0.018 0.021 0.014 0.128 0.403 0.597 0.450 0.100 0.020 0.129 0.057 0.007 0.004 0.002 0.001 0.001 0.004 0.004 0.003 0.002 0.003 0.003 0.002 0.002 0.003 0.003 0.007 0.094 0.121 0.104 0.048 0.002 0.001 0.001
0.001 0.001 0.068 0.114 0.056 0.021 0.015 0.015 0.010 0.002 0.001 0.006 0.020 0.012 0.011 0.010 0.003 0.002 0.002 0.002 0.002 0.002 0.001 0.001 0.001 0.002 0.002 0.006 0.011 0.118 0.140 0.132 0.145 0.124 0.006 0.001 0.000 0.001 0.001 0.002 0.005 0.007 0.008 0.007 0.009 0.014 0.001 0.030 0.393 0.691 0.583 0.238 0.180 0.075 0.003 0.002 0.002 0.002 0.003 0.004 0.004 0.003 0.002 0.004 0.003 0.002 0.002 0.003 0.005 0.113 0.167 0.177 0.140 0.082 0.012 0.005 0.004
0.001 0.021 0.143 0.123 0.050 0.038 0.037 0.035 0.029 0.017 0.012 0.014 0.015 0.008 0.003 0.002 0.002 0.002 0.002 0.002 0.001 0.003 0.001 0.001 0.001 0.002 0.002 0.005 0.060 0.182 0.189 0.209 0.257 0.155 0.001 0.001 0.001 0.001 0.001 0.001 0.002 0.004 0.004 0.001 0.002 0.007 0.002 0.001 0.052 0.479 0.832 0.592 0.202 0.001 0.002 0.002 0.003 0.004 0.005 0.004 0.004 0.003 0.002 0.001 0.002 0.002 0.002 0.004 0.122 0.209 0.213 0.185 0.149 0.078 0.002 0.002 0.003
0.019 0.008 0.080 0.096 0.085 0.068 0.061 0.054 0.046 0.031 0.016 0.011 0.008 0.004 0.002 0.002 0.003 0.002 0.002 0.002 0.002 0.004 0.002 0.002 0.002 0.002 0.003 0.005 0.122 0.216 0.242 0.255 0.201 0.024 0.001 0.001 0.001 0.001 0.001 0.001 0.001 0.002 0.002 0.001 0.001 0.003 0.004 0.002 0.002 0.478 0.893 0.805 0.418 0.002 0.001 0.002 0.004 0.006 0.005 0.003 0.004 0.002 0.001 0.001 0.001 0.002 0.002 0.113 0.249 0.262 0.209 0.163 0.128 0.002 0.001 0.001 0.001
0.002 0.001 0.001 0.102 0.155 0.110 0.079 0.072 0.063 0.045 0.024 0.010 0.006 0.004 0.003 0.003 0.003 0.003 0.002 0.002 0.003 0.009 0.005 0.003 0.003 0.003 0.004 0.050 0.155 0.243 0.247 0.133 0.041 0.001 0.001 0.001 0.001 0.001 0.001 0.001 0.001 0.001 0.003 0.001 0.002 0.002 0.003 0.004 0.017 0.446 0.737 0.664 0.443 0.062 0.001 0.002 0.002 0.001 0.001 0.002 0.007 0.003 0.001 0.001 0.001 0.002 0.035 0.222 0.282 0.248 0.157 0.070 0.002 0.001 0.001 0.001 0.001
0.018 0.001 0.001 0.071 0.153 0.105 0.085 0.081 0.080 0.073 0.057 0.037 0.016 0.006 0.005 0.004 0.004 0.003 0.002 0.006 0.022 0.001 0.003 0.003 0.004 0.010 0.090 0.098 0.152 0.202 0.100 0.001 0.001 0.001 0.002 0.002 0.002 0.002 0.002 0.002 0.001 0.001 0.001 0.003 0.003 0.002 0.002 0.002 0.002 0.003 0.187 0.387 0.357 0.299 0.091 0.002 0.001 0.001 0.001 0.001 0.005 0.007 0.002 0.001 0.001 0.002 0.164 0.247 0.244 0.190 0.092 0.001 0.001 0.001 0.001 0.001 0.001
0.062 0.002 0.002 0.085 0.129 0.103 0.086 0.090 0.108 0.117 0.115 0.090 0.058 0.029 0.017 0.018 0.019 0.016 0.014 0.013 0.001 0.001 0.001 0.002 0.001 0.004 0.107 0.120 0.093 0.069 0.017 0.007 0.004 0.002 0.004 0.002 0.001 0.001 0.002 0.002 0.001 0.001 0.001 0.001 0.002 0.001 0.001 0.001 0.001 0.001 0.004 0.128 0.225 0.492 0.794 0.459 0.002 0.001 0.001 0.001 0.004 0.008 0.009 0.001 0.001 0.083 0.205 0.225 0.200 0.179 0.155 0.008 0.001 0.001 0.001 0.001 0.001
0.062 0.045 0.039 0.082 0.117 0.111 0.097 0.117 0.146 0.166 0.175 0.153 0.111 0.061 0.019 0.013 0.012 0.024 0.036 0.027 0.001 0.001 0.000 0.002 0.002 0.003 0.008 0.075 0.013 0.001 0.012 0.006 0.055 0.067 0.063 0.002 0.001 0.001 0.001 0.003 0.001 0.001 0.001 0.001 0.001 0.001 0.001 0.002 0.001 0.002 0.002 0.002 0.006 0.470 1.040 1.083 0.676 0.005 0.001 0.001 0.001 0.003 0.010 0.010 0.023 0.116 0.172 0.195 0.199 0.198 0.189 0.119 0.018 0.003 0.001 0.001 0.001
0.028 0.016 0.015 0.064 0.110 0.117 0.118 0.140 0.171 0.200 0.225 0.221 0.143 0.061 0.003 0.001 0.001 0.001 0.019 0.034 0.003 0.003 0.004 0.010 0.013 0.006 0.003 0.004 0.001 0.001 0.003 0.203 0.325 0.266 0.243 0.184 0.001 0.001 0.003 0.004 0.002 0.001 0.001 0.001 0.001 0.002 0.002 0.002 0.003 0.002 0.002 0.002 0.003 0.011 0.526 1.044 1.062 0.665 0.002 0.001 0.001 0.002 0.002 0.001 0.003 0.067 0.096 0.131 0.180 0.198 0.202 0.216 0.216 0.003 0.001 0.001 0.001
0.005 0.001 0.017 0.069 0.089 0.096 0.110 0.116 0.132 0.218 0.243 0.066 0.001 0.001 0.002 0.001 0.001 0.001 0.024 0.004 0.001 0.000 0.003 0.007 0.006 0.008 0.009 0.001 0.001 0.001 0.001 0.188 0.347 0.220 0.209 0.236 0.164 0.040 0.013 0.003 0.002 0.001 0.001 0.001 0.001 0.160 0.134 0.003 0.002 0.001 0.001 0.003 0.005 0.001 0.002 0.320 0.700 0.873 0.606 0.165 0.002 0.002 0.001 0.001 0.002 0.005 0.002 0.037 0.120 0.173 0.191 0.203 0.118 0.001 0.001 0.002 0.003
0.005 0.001 0.012 0.048 0.058 0.057 0.059 0.000 0.001 0.004 0.001 0.001 0.001 0.001 0.001 0.002 0.002 0.037 0.027 0.001 0.001 0.001 0.005 0.005 0.003 0.002 0.006 0.002 0.000 0.001 0.001 0.265 0.287 0.192 0.182 0.191 0.215 0.161 0.093 0.070 0.014 0.001 0.001 0.001 0.031 0.349 0.087 0.001 0.001 0.001 0.001 0.003 0.004 0.004 0.004 0.003 0.087 0.573 0.635 0.726 0.571 0.001 0.001 0.002 0.003 0.001 0.001 0.001 0.024 0.103 0.127 0.032 0.002 0.001 0.001 0.001 0.002
0.039 0.031 0.050 0.077 0.076 0.043 0.016 0.001 0.001 0.001 0.001 0.001 0.001 0.001 0.001 0.005 0.085 0.091 0.002 0.001 0.001 0.001 0.007 0.005 0.002 0.001 0.005 0.266 0.120 0.224 0.345 0.420 0.355 0.305 0.279 0.272 0.252 0.241 0.244 0.250 0.207 0.058 0.001 0.001 0.068 0.202 0.001 0.001 0.001 0.002 0.002 0.004 0.003 0.002 0.003 0.001 0.001 0.001 0.372 0.704 0.545 0.002 0.001 0.001 0.001 0.002 0.002 0.001 0.002 0.006 0.003 0.002 0.002 0.001 0.001 0.001 0.002
0.070 0.082 0.106 0.125 0.091 0.036 0.012 0.002 0.001 0.001 0.001 0.001 0.001 0.001 0.001 0.001 0.004 0.002 0.001 0.000 0.001 0.004 0.008 0.001 0.001 0.002 0.077 0.470 0.631 0.667 0.607 0.570 0.484 0.437 0.413 0.396 0.334 0.289 0.379 0.380 0.222 0.098 0.071 0.126 0.185 0.093 0.002 0.001 0.001 0.001 0.002 0.005 0.002 0.001 0.001 0.001 0.002 0.002 0.005 0.240 0.002 0.001 0.001 0.001 0.001 0.042 0.030 0.002 0.002 0.002 0.002 0.003 0.002 0.001 0.001 0.001 0.002
