Project1/res/jiangbei-0002.Vy
ncols         319
nrows         412
xllcorner     657492.000000
yllcorner     3548062.000000
cellsize      10.000000
NODATA_value  -9999.000000
[rows 165 to 197 of 412, columns 0 to 74 of 319]
0.000 0.000 0.000 0.000 0.000 0.000 0.000 0.000 0.000 0.000 0.000 0.000 0.000 0.000 0.000 0.000 0.000 0.000 0.000 0.000 0.000 0.000 0.000 0.000 0.000 0.000 0.000 0.000 0.000 0.000 0.000 0.001 0.002 0.012 -0.037 -0.022 -0.021 -0.025 -0.023 -0.012 0.000 0.080 0.140 0.042 0.038 0.032 0.022 0.021 -0.004 0.000 0.000 0.001 0.015 0.009 -0.012 -0.023 0.000 -0.037 -0.022 -0.004 0.028 0.049 0.000 0.025 0.000 0.017 0.015 -0.005 0.002 0.002 0.004 0.005 0.002 0.001 0.001
0.000 0.000 0.000 0.000 0.000 0.000 0.000 0.000 0.000 0.000 0.000 0.000 0.000 0.000 0.000 0.000 0.000 0.000 0.000 0.000 0.000 0.000 0.000 0.000 0.000 0.000 0.000 0.000 0.000 0.000 0.000 0.000 -0.000 -0.002 -0.017 -0.017 -0.023 -0.024 -0.021 -0.013 -0.014 0.040 0.127 0.102 0.033 0.000 0.000 0.030 0.023 0.000 0.008 0.016 0.025 0.026 0.013 0.004 -0.014 -0.023 -0.022 -0.003 -0.001 -0.001 0.000 0.000 0.000 0.031 0.015 -0.029 0.006 0.003 0.006 0.007 0.003 0.001 0.001
0.000 0.000 0.000 0.000 0.000 0.000 0.000 0.000 0.000 0.000 0.000 0.000 0.000 0.000 0.000 0.000 0.000 0.000 0.000 0.000 0.000 0.000 0.000 0.000 0.000 0.000 0.000 0.000 0.000 -0.000 -0.000 -0.000 0.000 0.000 -0.013 -0.019 -0.020 -0.020 -0.012 0.004 -0.019 -0.026 0.060 0.119 0.038 0.035 0.033 0.034 0.026 0.028 0.000 -0.011 0.002 0.033 0.021 0.020 0.000 0.018 0.000 -0.018 -0.003 -0.001 -0.001 0.038 0.000 -0.015 0.000 -0.031 -0.024 0.008 0.006 0.006 0.009 -0.030 -0.038
0.000 0.000 0.000 0.000 0.000 0.000 0.000 0.000 0.000 0.000 0.000 0.000 0.000 0.000 0.000 0.000 0.000 0.000 0.000 0.000 0.000 0.000 0.000 0.000 0.000 0.000 0.000 0.000 0.000 -0.024 -0.030 -0.022 -0.019 0.003 -0.008 -0.014 -0.014 0.006 0.012 0.008 -0.018 -0.025 -0.029 0.022 0.032 0.042 0.041 0.036 0.030 0.031 0.022 0.000 -0.024 -0.020 0.052 0.023 0.027 0.000 0.000 0.005 -0.020 -0.003 -0.002 -0.014 0.021 0.024 0.000 0.000 -0.018 0.012 0.017 0.014 -0.031 -0.034 -0.034
0.000 0.000 0.000 0.000 0.000 0.000 0.000 0.000 0.000 0.000 0.000 0.000 0.000 0.000 0.000 0.000 0.000 0.000 0.000 0.000 0.000 0.000 0.000 0.000 0.000 0.000 0.000 0.000 0.000 0.000 0.000 -0.017 -0.014 0.015 -0.003 -0.010 -0.004 0.014 0.018 0.017 -0.009 -0.021 -0.031 0.010 0.008 0.035 0.045 0.035 0.018 0.025 0.019 -0.008 -0.021 -0.023 -0.018 0.053 0.039 0.025 -0.023 -0.050 -0.073 -0.026 -0.036 0.011 0.027 0.032 0.000 0.000 -0.011 -0.012 0.067 -0.022 -0.030 -0.028 -0.024
0.000 0.000 0.000 0.000 0.000 0.000 0.000 0.000 0.000 0.000 0.000 0.000 0.000 0.000 0.000 0.000 0.000 0.000 0.000 0.000 0.000 0.000 0.000 0.000 0.000 0.000 0.000 0.000 0.000 0.000 -0.015 0.022 0.017 0.033 0.013 0.015 0.018 0.019 0.025 0.034 0.024 0.007 -0.034 0.010 0.004 0.005 0.036 0.032 0.024 0.041 0.029 0.018 0.000 -0.018 -0.025 -0.021 0.036 0.027 -0.014 -0.057 -0.052 -0.024 -0.024 -0.011 -0.003 -0.002 0.022 0.039 0.018 0.007 0.086 -0.026 -0.027 -0.024 -0.020
0.000 0.000 0.000 0.000 0.000 0.000 0.000 0.000 0.000 0.000 0.000 0.000 0.000 0.000 0.000 0.000 0.000 0.000 0.000 0.000 0.000 0.000 0.000 0.000 0.000 0.000 0.000 0.000 0.000 0.000 0.023 0.026 0.026 0.044 0.020 0.025 0.027 0.027 0.030 0.034 0.025 0.007 -0.041 -0.048 0.004 0.003 0.009 0.028 0.023 0.049 0.038 0.000 0.000 0.000 -0.021 -0.027 -0.024 -0.002 -0.009 -0.014 -0.020 -0.001 -0.016 -0.002 -0.001 -0.001 -0.001 -0.010 0.000 0.017 0.106 -0.023 -0.025 -0.022 -0.015
0.000 0.000 0.000 0.000 0.000 0.000 0.000 0.000 0.000 0.000 0.000 0.000 0.000 0.000 0.000 0.000 0.000 0.000 0.000 0.000 0.000 0.000 0.000 0.000 0.000 0.000 0.000 0.000 0.000 0.000 0.007 0.036 0.048 0.044 0.025 0.024 0.026 0.026 0.024 -0.007 -0.016 -0.020 -0.024 -0.032 0.017 0.011 0.021 0.041 0.036 0.000 -0.016 0.021 0.028 0.000 -0.016 0.000 -0.033 -0.042 -0.043 -0.025 -0.021 -0.015 -0.028 -0.022 -0.007 -0.006 -0.001 -0.000 0.000 0.002 0.013 0.000 0.000 -0.008 0.012
0.000 0.000 0.000 0.000 0.000 0.000 0.000 0.000 0.000 0.000 0.000 0.000 0.000 0.000 0.000 0.000 0.000 0.000 0.000 0.000 0.000 0.000 0.000 0.000 0.000 0.000 0.000 0.000 0.000 -0.011 0.012 0.029 0.039 0.026 0.022 0.018 0.016 0.014 0.019 0.011 0.000 -0.017 0.000 -0.027 -0.025 0.054 0.078 -0.006 0.004 -0.018 0.000 0.028 0.031 0.019 0.000 -0.027 0.000 -0.035 -0.046 0.000 -0.023 -0.023 -0.041 -0.053 -0.054 -0.044 -0.039 -0.002 -0.000 0.001 0.003 0.000 0.000 0.023 0.028
0.000 0.000 0.000 0.000 0.000 0.000 0.000 0.000 0.000 0.000 0.000 0.000 0.000 0.000 0.000 0.000 0.000 0.000 0.000 0.000 0.000 0.000 0.000 0.000 0.000 0.000 0.000 0.000 0.000 0.019 0.000 0.033 0.036 0.016 0.015 0.011 0.008 0.010 0.026 0.031 0.000 -0.012 0.000 -0.016 0.004 0.068 0.103 0.017 0.024 0.029 0.000 0.046 0.032 0.019 0.014 0.000 -0.025 0.000 -0.029 -0.021 -0.019 -0.022 -0.040 -0.040 -0.042 -0.037 -0.033 -0.028 -0.001 0.000 0.001 0.032 0.033 0.035 0.044
0.000 0.000 0.000 0.000 0.000 0.000 0.000 0.000 0.000 0.000 0.000 0.000 0.000 0.000 0.000 0.000 0.000 0.000 0.000 0.000 0.000 0.000 0.000 0.000 0.000 0.000 0.000 0.000 0.000 0.000 0.022 0.012 0.014 0.012 0.016 0.014 0.008 0.013 0.028 0.041 0.013 0.015 0.000 0.020 0.020 0.019 0.030 0.023 0.026 0.000 0.023 0.042 0.028 0.019 0.000 0.000 0.011 0.000 0.000 -0.011 -0.020 -0.028 -0.028 -0.037 -0.039 -0.053 -0.040 -0.030 -0.031 -0.017 -0.001 -0.032 0.012 0.020 0.011
0.000 0.000 0.000 0.000 0.000 0.000 0.000 0.000 0.000 0.000 0.000 0.000 0.000 0.000 0.000 0.000 0.000 0.000 0.000 0.000 0.000 0.000 0.000 0.000 0.000 0.000 0.000 0.000 0.000 0.000 0.017 -0.020 0.048 0.015 0.017 0.016 0.012 0.014 0.027 0.053 0.019 0.000 0.000 0.021 0.019 0.035 0.170 -0.068 -0.051 -0.074 -0.067 -0.079 0.006 0.025 0.000 0.027 0.000 0.030 0.000 0.011 -0.026 0.000 -0.030 -0.026 -0.038 -0.048 -0.027 -0.024 -0.032 -0.039 -0.034 -0.088 0.016 0.018 0.011
0.000 0.000 0.000 0.000 0.000 0.000 0.000 0.000 0.000 0.000 0.000 0.000 0.000 0.000 0.000 0.000 0.000 0.000 0.000 0.000 0.000 0.000 0.000 0.000 0.000 0.000 0.000 0.000 0.000 0.000 -0.028 -0.029 -0.017 0.015 0.017 0.020 0.018 0.020 0.026 0.049 0.033 0.020 0.024 0.017 -0.128 -0.061 -0.079 -0.207 -0.202 -0.139 -0.077 -0.036 -0.071 0.017 0.027 0.033 0.037 0.035 0.044 0.000 0.012 0.000 -0.034 -0.028 -0.024 -0.034 -0.017 -0.017 -0.024 -0.025 0.000 -0.028 -0.002 -0.001 0.017
0.000 0.000 0.000 0.000 0.000 0.000 0.000 0.000 0.000 0.000 0.000 0.000 0.000 0.000 0.000 0.000 0.000 0.000 0.000 0.000 0.000 0.000 0.000 0.000 0.000 0.000 0.000 0.000 0.000 -0.026 0.000 -0.021 -0.010 -0.004 0.029 0.033 0.029 0.029 0.029 0.041 0.025 0.019 0.028 0.015 -0.091 -0.041 -0.068 -0.125 -0.203 -0.159 -0.083 -0.017 -0.043 -0.048 0.010 0.022 0.021 0.019 0.027 0.028 0.031 0.000 -0.026 0.000 -0.027 -0.035 -0.001 -0.017 -0.016 -0.012 -0.015 -0.037 -0.002 -0.000 -0.000
0.000 0.000 0.000 0.000 0.000 0.000 0.000 0.000 0.000 0.000 0.000 0.000 0.000 0.000 0.000 0.000 0.000 0.000 0.000 0.000 0.000 0.000 0.000 0.000 0.000 0.000 0.000 0.000 0.000 0.021 0.000 0.025 0.008 -0.010 0.031 0.039 0.034 0.027 0.024 0.036 0.019 0.002 -0.058 -0.072 -0.077 -0.029 0.000 -0.025 -0.152 -0.137 -0.066 -0.015 -0.022 -0.035 -0.018 -0.012 -0.002 -0.000 0.000 0.000 0.027 0.029 0.026 -0.021 -0.031 -0.029 -0.036 -0.020 -0.021 -0.002 0.005 -0.029 -0.007 -0.000 -0.000
0.000 0.000 0.000 0.000 0.000 0.000 0.000 0.000 0.000 0.000 0.000 0.000 0.000 0.000 0.000 0.000 0.000 0.000 0.000 0.000 0.000 0.000 0.000 0.000 0.000 0.000 0.000 0.000 0.000 0.000 0.028 0.017 -0.004 0.020 0.031 0.027 -0.003 -0.005 0.006 0.015 0.003 -0.009 -0.024 0.000 -0.047 0.000 0.000 -0.019 -0.095 -0.120 -0.088 -0.016 -0.019 -0.033 -0.024 -0.014 -0.013 -0.000 -0.000 -0.000 0.000 0.024 0.000 0.029 -0.016 -0.030 -0.034 -0.022 -0.019 -0.022 -0.033 -0.028 -0.042 -0.001 -0.000
0.000 0.000 0.000 0.000 0.000 0.000 0.000 0.000 0.000 0.000 0.000 0.000 0.000 0.000 0.000 0.000 0.000 0.000 0.000 0.000 0.000 0.000 0.000 0.000 0.000 0.000 0.000 0.000 0.000 0.028 0.022 0.019 0.019 0.022 0.009 -0.048 -0.034 -0.017 0.013 0.035 0.034 0.009 0.007 -0.021 -0.020 0.000 0.000 0.009 -0.086 -0.117 -0.094 -0.018 -0.015 -0.019 -0.024 -0.016 -0.022 -0.022 -0.026 -0.019 -0.017 0.004 0.024 0.035 0.034 0.007 0.000 0.000 -0.016 -0.020 -0.036 -0.022 -0.035 -0.040 -0.033
0.000 0.000 0.000 0.000 0.000 0.000 0.000 0.000 0.000 0.000 0.000 0.000 0.000 0.000 0.000 0.000 0.000 0.000 0.000 0.000 0.000 0.000 0.000 0.000 0.000 0.000 0.000 0.000 0.018 0.020 0.023 0.025 0.022 -0.010 -0.064 -0.048 -0.038 -0.031 -0.013 0.041 0.062 0.036 0.014 0.015 0.000 0.021 0.000 0.015 -0.095 -0.121 -0.071 -0.017 0.009 0.008 -0.007 -0.009 0.000 -0.018 -0.018 -0.015 -0.005 0.015 0.031 0.033 0.038 0.040 0.000 -0.003 0.000 -0.021 -0.020 -0.012 -0.021 -0.027 -0.026
0.000 0.000 0.000 0.000 0.000 0.000 0.000 0.000 0.000 0.000 0.000 0.000 0.000 0.000 0.000 0.000 0.000 0.000 0.000 0.000 0.000 0.000 0.000 0.000 0.000 0.000 0.000 0.000 0.000 0.019 0.021 0.019 -0.024 -0.049 -0.043 -0.035 -0.031 -0.030 -0.031 -0.015 0.037 0.055 0.052 0.011 0.000 -0.022 -0.006 -0.016 -0.081 -0.077 -0.041 -0.016 0.010 0.014 0.011 0.010 0.000 0.011 0.014 0.018 0.024 0.031 0.046 0.049 0.000 0.000 0.048 0.000 0.002 0.000 -0.021 -0.025 -0.016 -0.013 -0.011
0.000 0.000 0.000 0.000 0.000 0.000 0.000 0.000 0.000 0.000 0.000 0.000 0.000 0.000 0.000 0.000 0.000 0.000 0.000 0.000 0.000 0.000 0.000 0.000 0.000 0.000 0.000 0.000 0.017 0.015 0.012 -0.025 -0.042 -0.037 -0.032 -0.028 -0.029 -0.030 -0.031 -0.031 -0.022 0.024 0.052 0.065 0.021 -0.003 -0.055 -0.031 -0.030 -0.032 -0.016 -0.016 -0.020 -0.023 -0.011 0.008 0.011 0.019 0.025 0.028 0.030 0.035 0.043 0.046 0.030 0.035 0.032 0.048 0.000 0.008 0.000 -0.024 -0.022 -0.011 0.008
0.000 0.000 0.000 0.000 0.000 0.000 0.000 0.000 0.000 0.000 0.000 0.000 0.000 0.000 0.000 0.000 0.000 0.000 0.000 0.000 0.000 0.000 0.000 0.000 0.000 0.000 0.000 0.000 0.007 -0.007 -0.017 -0.030 -0.033 -0.028 -0.027 -0.027 -0.029 -0.029 -0.030 -0.030 -0.030 -0.024 0.010 0.044 0.060 0.042 -0.032 -0.055 -0.015 -0.018 -0.020 -0.017 -0.019 -0.023 -0.017 -0.009 0.007 0.016 0.020 0.021 0.022 0.019 0.014 0.010 0.001 0.001 0.002 0.026 0.040 0.000 0.000 0.000 -0.017 0.006 0.018
0.000 0.000 0.000 0.000 0.000 0.000 0.000 0.000 0.000 0.000 0.000 0.000 0.000 0.000 0.000 0.000 0.000 0.000 0.000 0.000 0.000 0.000 0.000 0.000 0.000 0.000 0.000 0.000 -0.007 -0.011 -0.022 -0.026 -0.026 -0.024 -0.026 -0.027 -0.027 -0.028 -0.028 -0.028 -0.028 -0.027 -0.024 -0.010 0.032 0.042 0.023 -0.082 -0.072 -0.019 -0.021 -0.013 -0.012 -0.014 -0.013 -0.010 0.003 -0.004 -0.007 -0.007 0.009 0.013 0.012 0.006 0.002 0.002 0.002 0.003 0.022 0.019 0.000 -0.014 -0.014 0.000 -0.012
0.000 0.000 0.000 0.000 0.000 0.000 0.000 0.000 0.000 0.000 0.000 0.000 0.000 0.000 0.000 0.000 0.000 0.000 0.000 0.000 0.000 0.000 0.000 0.000 0.000 0.000 0.000 0.000 -0.013 -0.014 -0.020 -0.021 -0.022 -0.023 -0.025 -0.025 -0.026 -0.026 -0.026 -0.025 -0.025 -0.024 -0.023 -0.022 -0.017 0.009 0.050 -0.076 -0.019 -0.020 -0.014 -0.005 0.004 0.008 -0.007 0.000 0.014 0.015 0.009 -0.005 -0.013 -0.010 0.012 0.005 0.002 0.002 0.004 0.006 -0.014 0.018 0.000 0.000 0.000 -0.022 -0.023
0.000 0.000 0.000 0.000 0.000 0.000 0.000 0.000 0.000 0.000 0.000 0.000 0.000 0.000 0.000 0.000 0.000 0.000 0.000 0.000 0.000 0.000 0.000 0.000 0.000 0.000 0.000 0.000 -0.015 0.000 -0.016 -0.018 -0.020 -0.022 -0.023 -0.023 -0.023 -0.023 -0.022 -0.021 -0.020 -0.019 -0.018 -0.017 -0.017 -0.016 -0.040 -0.065 -0.012 0.000 0.003 0.009 0.012 0.021 0.017 0.000 0.020 0.000 0.012 0.002 -0.015 -0.025 -0.027 -0.023 0.005 0.004 0.007 0.016 0.013 0.033 0.039 0.000 0.000 -0.020 -0.017
0.000 0.000 0.000 0.000 0.000 0.000 0.000 0.000 0.000 0.000 0.000 0.000 0.000 0.000 0.000 0.000 0.000 0.000 0.000 0.000 0.000 0.000 0.000 0.000 0.000 0.000 0.000 0.000 0.000 -0.013 -0.014 -0.016 -0.017 -0.018 -0.018 -0.017 -0.017 -0.016 -0.015 -0.013 -0.011 -0.010 -0.009 -0.007 -0.007 -0.006 -0.027 -0.051 0.010 0.006 -0.006 -0.008 -0.006 0.024 0.035 0.030 0.032 0.026 0.019 -0.007 0.000 -0.022 -0.026 -0.030 -0.026 -0.018 0.032 0.047 0.015 0.023 0.026 0.025 0.000 -0.012 0.006
0.000 0.000 0.000 0.000 0.000 0.000 0.000 0.000 0.000 0.000 0.000 0.000 0.000 0.000 0.000 0.000 0.000 0.000 0.000 0.000 0.000 0.000 0.000 0.000 0.000 0.000 0.000 0.000 -0.015 -0.012 -0.012 -0.013 -0.014 -0.013 -0.012 -0.011 -0.009 -0.007 -0.001 0.003 0.006 0.005 0.003 0.005 -0.001 0.002 -0.025 -0.035 0.015 0.000 -0.010 -0.013 -0.012 -0.000 0.019 0.033 0.053 0.060 0.033 0.025 0.000 0.016 0.000 -0.019 0.000 0.000 -0.011 0.086 0.033 0.029 0.015 0.018 0.023 0.027 0.026
0.000 0.000 0.000 0.000 0.000 0.000 0.000 0.000 0.000 0.000 0.000 0.000 0.000 0.000 0.000 0.000 0.000 0.000 0.000 0.000 0.000 0.000 0.000 0.000 0.000 0.000 0.000 0.000 0.009 -0.009 -0.010 -0.010 -0.009 -0.008 -0.004 -0.001 0.001 0.002 0.004 0.001 -0.002 -0.002 -0.014 -0.016 -0.021 -0.022 -0.023 -0.015 -0.004 0.013 -0.009 -0.012 -0.010 -0.009 -0.006 0.031 0.054 0.085 0.040 0.031 0.029 0.028 0.000 0.022 0.000 0.000 0.013 0.073 0.024 0.039 0.030 0.025 0.030 0.000 0.032
0.000 0.000 0.000 0.000 0.000 0.000 0.000 0.000 0.000 0.000 0.000 0.000 0.000 0.000 0.000 0.000 0.000 0.000 0.000 0.000 0.000 0.000 0.000 0.000 0.000 0.000 0.000 0.000 0.011 -0.008 -0.008 -0.009 -0.009 -0.010 -0.010 -0.007 -0.012 -0.015 -0.015 -0.019 -0.020 -0.020 -0.021 -0.021 -0.022 -0.022 -0.022 -0.027 -0.025 -0.019 -0.016 -0.015 -0.004 -0.006 -0.007 0.030 0.053 0.084 0.074 0.039 0.037 0.032 0.022 0.020 0.000 0.021 0.021 0.013 0.004 0.004 0.017 0.016 0.000 0.028 0.030
0.000 0.000 0.000 0.000 0.000 0.000 0.000 0.000 0.000 0.000 0.000 0.000 0.000 0.000 0.000 0.000 0.000 0.000 0.000 0.000 0.000 0.000 0.000 0.000 0.000 0.000 0.000 0.000 0.000 -0.008 -0.009 -0.012 -0.013 -0.013 -0.012 -0.013 -0.013 -0.013 -0.014 -0.014 -0.015 -0.016 -0.014 -0.016 -0.015 -0.016 0.000 -0.015 -0.017 -0.019 0.000 -0.011 0.009 0.013 0.014 0.022 0.044 0.069 0.066 0.033 0.034 0.025 0.019 0.000 0.017 0.014 0.007 0.006 0.003 0.006 -0.016 0.000 0.021 0.026 0.037
0.000 0.000 0.000 0.000 0.000 0.000 0.000 0.000 0.000 0.000 0.000 0.000 0.000 0.000 0.000 0.000 0.000 0.000 0.000 0.000 0.000 0.000 0.000 0.000 0.000 0.000 0.000 0.000 0.000 -0.004 -0.008 -0.007 -0.002 0.009 0.008 0.010 0.009 0.010 0.010 0.012 0.013 0.014 0.014 0.016 0.016 0.017 0.000 0.020 0.013 0.000 0.000 -0.016 -0.018 -0.021 -0.020 -0.026 -0.026 0.017 0.013 0.002 -0.019 0.012 0.018 0.016 0.015 0.026 0.011 0.022 -0.023 -0.030 -0.020 0.015 0.023 0.023 0.064
0.000 0.000 0.000 0.000 0.000 0.000 0.000 0.000 0.000 0.000 0.000 0.000 0.000 0.000 0.000 0.000 0.000 0.000 0.000 0.000 0.000 0.000 0.000 0.000 0.000 0.000 0.000 0.000 0.014 0.005 -0.011 -0.010 0.007 0.013 0.015 0.020 0.021 0.021 0.021 0.022 0.022 0.022 0.023 0.023 0.024 0.024 0.024 0.032 0.023 0.002 0.000 0.000 -0.021 -0.024 0.000 -0.035 -0.035 -0.023 0.130 0.006 -0.062 0.008 0.016 0.014 0.016 0.039 0.019 -0.019 -0.027 0.000 0.000 0.000 0.021 0.040 0.073
0.000 0.000 0.000 0.000 0.000 0.000 0.000 0.000 0.000 0.000 0.000 0.000 0.000 0.000 0.000 0.000 0.000 0.000 0.000 0.000 0.000 0.000 0.000 0.000 0.000 0.000 0.000 0.000 -0.004 0.008 -0.009 -0.017 -0.018 -0.020 -0.017 -0.018 -0.016 -0.014 0.010 -0.005 0.015 0.018 0.022 0.025 0.028 0.026 0.023 0.008 0.018 0.000 0.000 0.000 0.013 -0.012 -0.022 0.000 0.000 -0.035 0.000 -0.057 -0.174 0.022 0.028 0.028 0.039 0.031 0.034 -0.020 -0.014 0.000 0.000 0.020 0.022 0.033 0.033
0.000 0.000 0.000 0.000 0.000 0.000 0.000 0.000 0.000 0.000 0.000 0.000 0.000 0.000 0.000 0.000 0.000 0.000 0.000 0.000 0.000 0.000 0.000 0.000 0.000 0.000 0.000 0.000 -0.013 -0.011 0.006 -0.012 -0.019 -0.021 -0.021 -0.022 -0.023 -0.023 -0.022 -0.023 -0.021 -0.019 -0.017 -0.012 -0.002 0.015 0.042 0.019 0.000 0.020 0.000 0.030 0.031 0.031 0.023 0.000 0.000 0.023 0.000 -0.037 -0.136 -0.008 0.081 0.071 0.021 -0.019 -0.025 -0.022 0.008 0.000 0.000 0.029 0.067 0.049 0.057
