Project1/res/jiangbei.maxtm
ncols         319
nrows         411
xllcorner     657492.000000
yllcorner     3548067.000000
cellsize      10.000000
NODATA_value  -9999.000000
[rows 210 to 239 of 411, columns 134 to 200 of 319]
0.451 0.444 0.442 0.448 0.461 0.459 0.481 0.609 0.618 0.618 0.614 0.603 0.589 0.443 0.447 0.446 0.446 0.447 0.451 0.458 0.465 0.469 0.469 0.486 0.657 0.659 0.658 0.657 0.464 0.451 0.449 0.453 0.462 0.467 0.466 0.461 0.448 0.437 0.420 0.414 0.415 0.418 0.450 0.449 4.000 4.000 4.000 4.000 4.000 0.441 0.448 0.451 0.450 0.444 0.439 0.446 0.458 0.463 0.461 0.459 0.455 0.448 0.433 0.424 0.421 0.418 -9999.000
0.452 0.448 0.446 0.446 0.448 0.444 0.460 0.604 0.611 0.612 0.607 0.603 0.601 0.594 0.464 0.464 0.464 0.462 0.449 0.458 0.465 0.468 0.472 0.653 0.657 0.658 0.657 0.650 0.453 0.446 0.441 0.438 0.441 0.455 0.461 0.459 0.446 0.437 0.434 0.439 0.444 0.449 0.452 0.457 4.000 4.000 4.000 4.000 4.000 0.440 0.448 0.452 0.453 0.450 0.439 0.429 0.433 0.445 0.452 0.448 0.446 0.440 0.432 0.420 0.417 -9999.000 -9999.000
0.438 0.441 0.442 0.441 0.437 0.441 0.461 0.601 0.603 0.602 0.601 0.600 0.601 0.601 0.595 0.470 0.476 0.477 0.454 0.453 0.462 0.467 0.589 0.654 0.655 0.656 0.655 0.479 0.453 0.446 0.438 0.431 0.428 0.425 0.439 0.455 0.443 0.429 0.420 0.426 0.434 0.439 0.442 0.446 4.000 4.000 4.000 4.000 4.000 4.000 0.454 0.455 0.456 0.458 0.442 0.431 0.429 0.432 0.437 0.438 0.438 0.436 0.436 0.436 -9999.000 -9999.000 -9999.000
0.443 0.434 0.429 0.432 0.431 0.441 0.464 0.593 0.594 0.594 0.594 0.595 0.596 0.600 0.594 0.456 0.482 0.491 0.472 0.441 0.456 0.525 0.651 0.652 0.652 0.645 0.496 0.472 0.456 0.449 0.441 0.430 0.427 0.425 0.431 0.446 0.435 0.423 0.415 0.420 0.427 0.432 0.436 0.440 0.445 4.000 4.000 4.000 4.000 4.000 4.000 4.000 0.457 0.456 0.444 0.433 0.429 0.427 0.426 0.427 0.429 0.427 0.424 -9999.000 -9999.000 -9999.000 -9999.000
0.792 0.439 0.437 0.444 0.449 0.458 0.475 0.585 0.587 0.588 0.589 0.591 0.592 0.594 0.583 0.449 0.461 0.523 0.614 0.546 0.525 0.651 0.651 0.649 0.645 0.504 0.490 0.481 0.463 0.454 0.448 0.439 0.432 0.427 0.427 0.434 0.427 0.419 0.414 0.418 0.424 0.429 0.433 0.437 0.441 4.000 4.000 4.000 4.000 4.000 4.000 4.000 0.462 0.455 0.447 0.442 0.437 0.432 0.428 0.421 0.418 -9999.000 -9999.000 -9999.000 -9999.000 -9999.000 -9999.000
0.789 0.490 0.464 0.467 0.468 0.466 0.473 0.572 0.583 0.585 0.586 0.588 0.589 0.587 0.444 0.442 0.445 0.526 0.641 0.647 0.650 0.651 0.649 0.647 0.539 0.494 0.489 0.484 0.475 0.458 0.452 0.447 0.440 0.435 0.429 0.420 0.416 0.409 0.417 0.423 0.423 0.426 0.429 0.433 0.437 4.000 4.000 4.000 4.000 4.000 4.000 4.000 0.464 0.458 0.453 0.447 0.441 0.432 0.421 0.416 -9999.000 -9999.000 -9999.000 -9999.000 -9999.000 -9999.000 -9999.000
0.782 0.514 0.478 0.475 0.472 0.477 0.485 0.522 0.562 0.563 0.562 0.557 0.513 0.458 0.446 0.442 0.441 0.450 0.646 0.649 0.650 0.650 0.649 0.560 0.493 0.489 0.486 0.482 0.478 0.472 0.462 0.452 0.445 0.438 0.427 0.412 0.423 0.422 0.428 0.431 0.423 0.421 0.424 0.428 0.432 0.440 4.000 4.000 4.000 4.000 4.000 0.427 0.422 0.427 0.428 0.423 0.420 0.418 0.415 -9999.000 -9999.000 -9999.000 -9999.000 -9999.000 -9999.000 -9999.000 -9999.000
0.777 0.474 0.470 0.470 0.472 0.476 0.480 0.488 0.506 0.509 0.502 0.479 0.448 0.434 0.430 0.430 0.431 0.431 0.656 0.651 0.651 0.649 0.644 0.490 0.482 0.481 0.480 0.478 0.474 0.469 0.463 0.453 0.443 0.426 0.416 0.420 0.426 0.435 0.437 0.434 0.427 0.424 0.425 0.426 0.429 0.435 3.999 4.000 0.424 0.416 0.423 0.424 0.430 0.437 0.430 0.421 0.415 0.415 -9999.000 -9999.000 -9999.000 -9999.000 -9999.000 -9999.000 -9999.000 -9999.000 -9999.000
0.470 0.464 0.463 0.465 0.468 0.470 0.470 0.471 0.471 0.477 0.482 0.479 0.441 0.428 0.432 0.435 0.437 0.440 0.656 0.652 0.651 0.647 0.489 0.469 0.464 0.461 0.461 0.463 0.462 0.460 0.457 0.451 0.429 0.421 0.417 0.422 0.430 0.447 0.443 0.437 0.431 0.428 0.427 0.429 0.431 0.432 0.487 0.423 0.416 0.411 0.415 0.424 4.000 4.000 0.434 0.427 0.422 -9999.000 -9999.000 -9999.000 -9999.000 -9999.000 -9999.000 -9999.000 -9999.000 -9999.000 -9999.000
0.459 0.457 0.457 0.459 0.462 0.462 0.461 0.458 0.455 0.458 0.469 0.476 0.466 0.455 0.449 0.445 0.444 0.457 0.652 0.651 0.645 0.478 0.464 0.459 0.455 0.452 0.451 0.452 0.452 0.450 0.445 0.435 0.421 0.416 0.421 0.427 0.442 0.459 0.462 0.443 0.437 0.432 0.422 0.431 0.433 0.448 0.486 0.415 0.412 0.418 0.423 0.429 4.000 4.000 4.000 -9999.000 -9999.000 -9999.000 -9999.000 -9999.000 -9999.000 -9999.000 -9999.000 -9999.000 -9999.000 -9999.000 -9999.000
0.450 0.449 0.449 0.451 0.456 0.455 0.449 0.448 0.445 0.446 0.453 0.471 0.473 0.473 0.468 0.461 0.465 0.637 0.646 0.641 0.487 0.464 0.459 0.455 0.451 0.448 0.446 0.446 0.446 0.443 0.436 0.430 0.422 0.423 0.428 0.434 0.439 0.446 0.467 0.470 0.456 0.446 0.441 0.438 0.444 0.484 0.486 0.426 0.417 0.425 0.429 4.000 4.000 4.000 -9999.000 -9999.000 -9999.000 -9999.000 -9999.000 -9999.000 -9999.000 -9999.000 -9999.000 -9999.000 -9999.000 -9999.000 -9999.000
0.442 0.441 0.440 0.437 0.443 0.446 0.443 0.447 0.453 0.459 0.466 0.472 0.472 0.460 0.464 0.466 0.621 0.635 0.636 0.617 0.465 0.457 0.454 0.451 0.448 0.445 0.439 0.430 0.431 0.430 0.426 0.424 0.424 0.427 0.433 0.438 0.442 0.448 0.475 0.480 0.474 0.475 0.474 0.468 0.433 0.431 0.422 0.439 0.439 0.439 4.000 4.000 4.000 -9999.000 -9999.000 -9999.000 -9999.000 -9999.000 -9999.000 -9999.000 -9999.000 -9999.000 -9999.000 -9999.000 -9999.000 -9999.000 -9999.000
0.431 0.431 0.433 0.425 0.431 0.439 0.447 0.454 0.461 0.466 0.470 0.472 0.463 0.444 0.454 0.498 0.629 0.632 0.613 0.460 0.453 0.449 0.446 0.444 0.443 0.442 0.442 0.447 0.453 0.446 0.434 0.429 0.427 0.431 0.436 0.441 0.446 0.457 0.885 0.883 0.482 0.472 0.447 0.437 0.431 0.421 0.416 0.423 0.439 4.000 4.000 4.000 -9999.000 -9999.000 -9999.000 -9999.000 -9999.000 -9999.000 -9999.000 -9999.000 -9999.000 -9999.000 -9999.000 -9999.000 -9999.000 -9999.000 -9999.000
0.421 0.418 0.426 0.437 0.449 0.453 0.456 0.463 0.468 0.471 0.473 0.474 0.467 0.454 0.458 0.972 0.649 0.616 0.458 0.451 0.448 0.444 0.441 0.438 0.435 0.434 0.441 0.458 0.473 0.477 0.479 0.477 0.458 0.439 0.440 0.444 0.456 0.895 0.893 0.893 0.896 0.468 0.426 0.422 0.426 0.429 0.428 0.431 0.439 4.000 4.000 -9999.000 -9999.000 -9999.000 -9999.000 -9999.000 -9999.000 -9999.000 -9999.000 -9999.000 -9999.000 -9999.000 -9999.000 -9999.000 -9999.000 -9999.000 -9999.000
0.427 0.424 0.437 0.456 0.466 0.461 0.465 0.472 0.474 0.475 0.476 0.478 0.477 0.479 1.063 1.061 1.052 0.453 0.448 0.446 0.445 0.443 0.440 0.435 0.429 0.432 0.436 0.440 0.445 0.455 0.480 0.483 0.483 0.474 0.458 0.499 0.898 0.898 0.898 0.899 0.900 0.901 0.433 0.428 0.427 0.436 0.441 0.682 0.684 4.000 -9999.000 -9999.000 -9999.000 -9999.000 -9999.000 -9999.000 -9999.000 -9999.000 -9999.000 -9999.000 -9999.000 -9999.000 -9999.000 -9999.000 -9999.000 -9999.000 -9999.000
0.439 0.453 0.473 0.476 0.475 0.465 0.474 0.478 0.478 0.478 0.479 0.482 0.542 1.068 1.069 1.067 1.063 0.459 0.442 0.440 0.442 0.443 0.442 0.437 0.431 0.428 0.432 0.431 0.428 0.428 0.479 0.486 0.491 0.881 0.892 0.896 0.899 0.900 0.901 0.901 0.902 0.902 0.900 0.447 0.443 0.684 0.690 0.691 -9999.000 -9999.000 -9999.000 -9999.000 -9999.000 -9999.000 -9999.000 -9999.000 -9999.000 -9999.000 -9999.000 -9999.000 -9999.000 -9999.000 -9999.000 -9999.000 -9999.000 -9999.000 -9999.000
0.474 0.484 0.486 0.486 0.482 0.475 0.476 0.477 0.477 0.478 0.481 0.522 1.074 1.075 1.073 1.069 1.059 0.475 0.465 0.459 0.452 0.448 0.444 0.439 0.432 0.422 0.424 0.429 0.431 0.433 0.465 0.487 0.881 0.889 0.893 0.896 0.899 0.900 0.902 0.902 0.903 0.903 0.437 0.438 0.452 0.684 0.689 -9999.000 -9999.000 -9999.000 -9999.000 -9999.000 -9999.000 -9999.000 -9999.000 -9999.000 -9999.000 -9999.000 -9999.000 -9999.000 -9999.000 -9999.000 -9999.000 -9999.000 -9999.000 -9999.000 -9999.000
0.498 0.497 0.494 0.491 0.484 0.473 0.465 0.466 0.469 0.474 0.502 1.081 1.081 1.081 1.078 1.073 1.065 0.455 0.454 0.454 0.452 0.445 0.436 0.430 0.425 0.419 0.424 0.431 0.435 0.438 0.450 0.518 0.888 0.891 0.893 0.895 0.897 0.899 0.901 0.902 0.437 0.429 0.425 0.435 0.470 0.681 -9999.000 -9999.000 -9999.000 -9999.000 -9999.000 -9999.000 -9999.000 -9999.000 -9999.000 -9999.000 -9999.000 -9999.000 -9999.000 -9999.000 -9999.000 -9999.000 -9999.000 -9999.000 -9999.000 -9999.000 -9999.000
0.506 0.502 0.499 0.496 0.480 0.458 0.437 0.446 0.455 0.468 1.087 1.087 1.087 1.086 1.083 1.078 0.438 0.428 0.426 0.427 0.431 0.424 0.419 0.415 0.423 0.424 0.427 0.432 0.438 0.443 0.460 0.885 0.888 0.890 0.891 0.892 0.893 0.897 0.899 0.439 0.429 0.424 0.421 0.427 0.444 -9999.000 -9999.000 -9999.000 -9999.000 -9999.000 -9999.000 -9999.000 -9999.000 -9999.000 -9999.000 -9999.000 -9999.000 -9999.000 -9999.000 -9999.000 -9999.000 -9999.000 -9999.000 -9999.000 -9999.000 -9999.000 -9999.000
0.446 0.485 0.497 0.501 0.494 0.445 0.425 0.434 0.445 1.089 1.090 1.091 1.091 1.090 1.087 0.438 0.429 0.425 0.419 0.416 0.420 0.433 0.421 0.411 0.423 0.427 0.431 0.438 0.451 0.851 0.878 0.884 0.888 0.887 0.873 0.779 0.650 0.459 0.439 0.428 0.422 0.420 0.416 0.421 -9999.000 -9999.000 -9999.000 -9999.000 -9999.000 -9999.000 -9999.000 -9999.000 -9999.000 -9999.000 -9999.000 -9999.000 -9999.000 -9999.000 -9999.000 -9999.000 -9999.000 -9999.000 -9999.000 -9999.000 -9999.000 -9999.000 -9999.000
0.433 0.434 0.473 0.502 0.502 0.451 0.422 0.428 0.447 1.091 1.093 1.094 1.095 1.095 0.425 0.425 0.426 0.427 0.426 0.419 0.424 0.436 0.436 0.416 0.427 0.440 0.836 0.841 0.848 0.862 0.877 0.880 0.455 0.461 0.556 0.567 0.560 0.448 0.429 0.419 0.417 0.417 0.416 -9999.000 -9999.000 -9999.000 -9999.000 -9999.000 -9999.000 -9999.000 -9999.000 -9999.000 -9999.000 -9999.000 -9999.000 -9999.000 -9999.000 -9999.000 -9999.000 -9999.000 -9999.000 -9999.000 -9999.000 -9999.000 -9999.000 -9999.000 -9999.000
0.433 0.433 0.441 0.498 0.505 0.505 0.429 0.434 1.084 1.089 1.093 1.096 1.097 1.098 1.100 0.436 0.436 0.434 0.427 0.421 0.426 0.440 0.803 0.811 0.815 0.820 0.829 0.840 0.849 0.857 0.870 0.871 0.441 0.443 0.443 0.564 0.558 0.441 0.426 0.415 0.413 -9999.000 -9999.000 -9999.000 -9999.000 -9999.000 -9999.000 -9999.000 -9999.000 -9999.000 -9999.000 -9999.000 -9999.000 -9999.000 -9999.000 -9999.000 -9999.000 -9999.000 -9999.000 -9999.000 -9999.000 -9999.000 -9999.000 -9999.000 -9999.000 -9999.000 -9999.000
4.000 0.427 0.422 0.448 0.504 0.510 0.514 0.541 1.078 1.088 1.094 1.097 1.099 1.099 1.100 1.098 0.445 0.436 0.424 0.426 0.435 0.801 0.804 0.809 0.813 0.818 0.823 0.834 0.849 0.855 0.852 0.441 0.435 0.443 0.447 0.560 0.558 0.434 0.427 0.424 -9999.000 -9999.000 -9999.000 -9999.000 -9999.000 -9999.000 -9999.000 -9999.000 -9999.000 -9999.000 -9999.000 -9999.000 -9999.000 -9999.000 -9999.000 -9999.000 -9999.000 -9999.000 -9999.000 -9999.000 -9999.000 -9999.000 -9999.000 -9999.000 -9999.000 -9999.000 -9999.000
4.000 0.427 0.421 0.423 0.499 0.494 0.471 0.485 1.083 1.089 1.095 1.098 1.099 1.100 1.099 1.098 0.451 0.423 0.422 0.435 0.795 0.799 0.802 0.806 0.811 0.815 0.818 0.821 0.836 0.442 0.436 0.433 0.430 0.447 0.489 0.554 0.556 0.423 0.418 -9999.000 -9999.000 -9999.000 -9999.000 -9999.000 -9999.000 -9999.000 -9999.000 -9999.000 -9999.000 -9999.000 -9999.000 -9999.000 -9999.000 -9999.000 -9999.000 -9999.000 -9999.000 -9999.000 -9999.000 -9999.000 -9999.000 -9999.000 -9999.000 -9999.000 -9999.000 -9999.000 -9999.000
4.000 4.000 4.000 0.470 0.487 0.418 0.422 0.453 0.463 1.050 1.097 1.098 1.099 1.099 1.099 1.098 0.431 0.422 0.440 0.451 0.775 0.795 0.797 0.802 0.807 0.812 0.815 0.816 0.450 0.433 0.430 0.430 0.428 0.439 0.461 0.554 0.555 0.429 -9999.000 -9999.000 -9999.000 -9999.000 -9999.000 -9999.000 -9999.000 -9999.000 -9999.000 -9999.000 -9999.000 -9999.000 -9999.000 -9999.000 -9999.000 -9999.000 -9999.000 -9999.000 -9999.000 -9999.000 -9999.000 -9999.000 -9999.000 -9999.000 -9999.000 -9999.000 -9999.000 -9999.000 -9999.000
4.000 4.000 4.000 4.000 0.449 0.414 0.440 0.451 0.451 0.431 0.434 1.098 1.097 1.097 1.096 0.451 0.431 0.425 0.439 0.447 0.455 0.575 0.611 0.605 0.607 0.477 0.464 0.455 0.441 0.424 0.419 0.426 0.425 0.433 0.445 0.484 0.555 -9999.000 -9999.000 -9999.000 -9999.000 -9999.000 -9999.000 -9999.000 -9999.000 -9999.000 -9999.000 -9999.000 -9999.000 -9999.000 -9999.000 -9999.000 -9999.000 -9999.000 -9999.000 -9999.000 -9999.000 -9999.000 -9999.000 -9999.000 -9999.000 -9999.000 -9999.000 -9999.000 -9999.000 -9999.000 -9999.000
0.450 4.000 4.000 4.000 0.433 0.419 0.437 0.437 0.446 0.443 0.422 0.452 0.473 0.473 0.469 0.461 0.434 0.427 0.439 0.447 0.454 0.465 0.484 0.483 0.467 0.452 0.448 0.441 0.434 0.426 0.422 0.422 0.420 0.430 0.447 0.462 -9999.000 -9999.000 -9999.000 -9999.000 -9999.000 -9999.000 -9999.000 -9999.000 -9999.000 -9999.000 -9999.000 -9999.000 -9999.000 -9999.000 -9999.000 -9999.000 -9999.000 -9999.000 -9999.000 -9999.000 -9999.000 -9999.000 -9999.000 -9999.000 -9999.000 -9999.000 -9999.000 -9999.000 -9999.000 -9999.000 -9999.000
0.453 0.473 4.000 0.430 0.427 0.427 0.429 0.436 4.000 4.000 0.450 0.448 0.452 0.466 0.471 0.468 0.443 0.432 0.444 0.451 0.455 0.460 0.476 0.476 0.456 0.440 0.435 0.428 1.576 1.575 0.439 0.442 0.443 0.430 0.451 -9999.000 -9999.000 -9999.000 -9999.000 -9999.000 -9999.000 -9999.000 -9999.000 -9999.000 -9999.000 -9999.000 -9999.000 -9999.000 -9999.000 -9999.000 -9999.000 -9999.000 -9999.000 -9999.000 -9999.000 -9999.000 -9999.000 -9999.000 -9999.000 -9999.000 -9999.000 -9999.000 -9999.000 -9999.000 -9999.000 -9999.000 -9999.000
0.452 0.477 0.485 0.424 0.419 0.422 0.429 4.000 4.000 4.000 0.445 0.429 0.428 0.431 0.469 0.470 0.448 0.437 0.452 0.456 0.457 0.457 0.463 0.470 0.448 0.428 0.425 0.440 1.576 1.574 1.570 0.439 0.427 0.423 -9999.000 -9999.000 -9999.000 -9999.000 -9999.000 -9999.000 -9999.000 -9999.000 -9999.000 -9999.000 -9999.000 -9999.000 -9999.000 -9999.000 -9999.000 -9999.000 -9999.000 -9999.000 -9999.000 -9999.000 -9999.000 -9999.000 -9999.000 -9999.000 -9999.000 -9999.000 -9999.000 -9999.000 -9999.000 -9999.000 -9999.000 -9999.000 -9999.000
0.448 0.481 0.487 0.428 0.418 0.426 0.432 4.000 4.000 4.000 0.419 0.419 0.420 0.418 0.431 0.466 0.451 0.441 0.456 0.460 0.459 0.455 0.453 0.461 0.442 0.419 0.428 1.575 1.575 1.574 0.438 0.424 0.421 -9999.000 -9999.000 -9999.000 -9999.000 -9999.000 -9999.000 -9999.000 -9999.000 -9999.000 -9999.000 -9999.000 -9999.000 -9999.000 -9999.000 -9999.000 -9999.000 -9999.000 -9999.000 -9999.000 -9999.000 -9999.000 -9999.000 -9999.000 -9999.000 -9999.000 -9999.000 -9999.000 -9999.000 -9999.000 -9999.000 -9999.000 -9999.000 -9999.000 -9999.000
