Project1/res/jiangbei-0001.Vx
ncols         320
nrows         411
xllcorner     657487.000000
yllcorner     3548067.000000
cellsize      10.000000
NODATA_value  -9999.000000
[rows 204 to 237 of 411, columns 0 to 74 of 320]
0.000 0.000 0.000 0.000 0.000 0.000 0.000 0.000 0.000 0.000 0.000 0.000 0.000 0.000 0.000 0.000 0.000 0.000 0.000 0.000 0.000 0.000 0.000 0.000 0.000 0.000 0.000 0.000 0.000 0.038 0.045 0.039 0.064 0.067 0.078 0.062 0.048 0.042 0.040 0.044 0.060 0.057 0.096 0.066 -0.045 -0.041 -0.024 -0.010 -0.010 -0.022 0.033 0.066 0.006 0.000 0.000 -0.017 0.035 0.038 0.019 0.018 0.025 0.030 0.040 0.046 0.035 0.010 0.004 -0.025 -0.034 0.013 0.023 -0.034 0.000 0.000 0.041
0.000 0.000 0.000 0.000 0.000 0.000 0.000 0.000 0.000 0.000 0.000 0.000 0.000 0.000 0.000 0.000 0.000 0.000 0.000 0.000 0.000 0.000 0.000 0.000 0.000 0.000 0.000 0.000 0.000 0.055 0.042 0.027 0.048 0.065 0.072 0.087 0.057 0.046 0.055 0.064 0.083 0.048 0.065 -0.044 -0.045 -0.033 -0.020 -0.015 0.006 0.025 0.032 0.044 0.031 0.000 0.002 0.011 0.054 0.048 0.016 0.022 0.029 0.037 0.050 0.046 -0.053 -0.030 0.023 -0.012 -0.072 -0.040 0.004 -0.060 -0.029 0.030 0.062
0.000 0.000 0.000 0.000 0.000 0.000 0.000 0.000 0.000 0.000 0.000 0.000 0.000 0.000 0.000 0.000 0.000 0.000 0.000 0.000 0.000 0.000 0.000 0.000 0.000 0.000 0.000 0.000 0.000 0.046 0.041 0.034 0.023 0.030 0.044 0.053 0.069 0.069 0.090 0.078 0.088 0.064 -0.035 -0.049 -0.036 -0.027 -0.022 -0.015 0.015 0.031 0.038 0.031 0.030 0.023 -0.020 0.020 0.049 0.042 0.017 0.027 0.041 0.052 0.043 0.068 -0.046 -0.042 0.023 0.012 -0.042 -0.013 0.022 -0.001 -0.012 -0.005 -0.016
0.000 0.000 0.000 0.000 0.000 0.000 0.000 0.000 0.000 0.000 0.000 0.000 0.000 0.000 0.000 0.000 0.000 0.000 0.000 0.000 0.000 0.000 0.000 0.000 0.000 0.000 0.000 0.000 0.000 0.039 0.041 0.037 -0.027 0.003 0.031 0.046 0.071 0.064 0.129 0.176 0.082 0.068 -0.046 -0.046 -0.028 -0.020 -0.017 -0.010 0.019 0.040 0.050 -0.017 -0.017 0.007 -0.009 0.021 0.046 0.045 0.040 0.054 0.060 0.054 0.056 -0.042 -0.059 -0.057 -0.014 0.022 -0.035 -0.016 0.023 0.024 0.013 -0.052 -0.032
0.000 0.000 0.000 0.000 0.000 0.000 0.000 0.000 0.000 0.000 0.000 0.000 0.000 0.000 0.000 0.000 0.000 0.000 0.000 0.000 0.000 0.000 0.000 0.000 0.000 0.000 0.000 0.000 0.000 0.045 0.050 -0.047 -0.038 -0.016 0.025 0.045 0.047 0.046 0.069 0.078 0.081 -0.029 -0.044 -0.035 -0.018 0.009 0.032 0.039 -0.009 0.032 0.040 0.006 -0.019 -0.022 -0.019 -0.008 0.037 0.044 0.054 0.064 0.068 0.064 -0.038 -0.055 -0.032 -0.047 -0.028 0.027 0.008 -0.006 0.029 0.035 -0.027 -0.055 -0.041
0.000 0.000 0.000 0.000 0.000 0.000 0.000 0.000 0.000 0.000 0.000 0.000 0.000 0.000 0.000 0.000 0.000 0.000 0.000 0.000 0.000 0.000 0.000 0.000 0.000 0.000 0.000 0.000 0.000 0.052 0.032 -0.053 -0.038 -0.022 0.021 0.043 0.052 0.066 0.094 0.132 -0.010 -0.027 -0.026 -0.023 -0.012 0.017 0.044 0.076 0.057 0.009 0.011 0.009 0.051 0.062 -0.024 -0.021 0.029 0.040 0.060 0.028 0.195 -0.030 -0.044 -0.039 0.020 0.025 -0.024 0.026 0.021 -0.010 0.030 0.036 -0.042 -0.065 -0.034
0.000 0.000 0.000 0.000 0.000 0.000 0.000 0.000 0.000 0.000 0.000 0.000 0.000 0.000 0.000 0.000 0.000 0.000 0.000 0.000 0.000 0.000 0.000 0.000 0.000 0.000 0.000 0.000 0.000 0.063 -0.007 -0.053 -0.044 -0.025 0.015 0.040 0.052 0.053 0.059 0.079 -0.005 -0.027 -0.028 -0.021 0.007 0.015 0.024 0.040 0.035 0.004 0.005 0.008 0.033 0.050 0.084 -0.022 0.032 0.045 0.047 0.170 -0.028 -0.043 -0.028 -0.036 0.009 0.031 0.030 0.043 -0.023 -0.012 0.033 0.024 -0.034 -0.059 -0.017
0.000 0.000 0.000 0.000 0.000 0.000 0.000 0.000 0.000 0.000 0.000 0.000 0.000 0.000 0.000 0.000 0.000 0.000 0.000 0.000 0.000 0.000 0.000 0.000 0.000 0.000 0.000 0.000 0.000 0.047 -0.003 -0.052 -0.047 0.000 -0.001 0.035 0.044 -0.002 0.037 0.057 0.068 0.034 -0.029 -0.027 0.012 0.026 0.000 0.000 0.035 0.011 0.010 0.021 -0.016 0.022 0.091 0.106 0.113 0.070 0.098 -0.030 -0.038 -0.039 -0.032 -0.019 0.010 0.028 0.034 0.041 0.013 0.065 0.136 0.049 0.086 -0.042 0.023
0.000 0.000 0.000 0.000 0.000 0.000 0.000 0.000 0.000 0.000 0.000 0.000 0.000 0.000 0.000 0.000 0.000 0.000 0.000 0.000 0.000 0.000 0.000 0.000 0.000 0.000 0.000 0.000 0.000 0.042 -0.004 -0.038 -0.038 -0.034 -0.015 0.027 0.033 -0.006 0.043 0.064 0.056 0.060 0.049 -0.028 -0.026 0.019 -0.030 -0.023 0.021 0.026 0.030 0.020 -0.017 0.019 0.052 0.137 0.062 0.036 0.054 -0.030 0.000 -0.023 -0.019 0.015 0.027 0.040 0.043 0.039 0.005 -0.017 0.019 0.038 0.077 0.026 0.025
0.000 0.000 0.000 0.000 0.000 0.000 0.000 0.000 0.000 0.000 0.000 0.000 0.000 0.000 0.000 0.000 0.000 0.000 0.000 0.000 0.000 0.000 0.000 0.000 0.000 0.000 0.000 0.000 0.000 0.047 -0.048 -0.042 -0.038 -0.036 -0.020 0.018 0.026 0.020 0.052 0.069 0.057 0.049 0.005 0.003 0.001 -0.033 -0.039 -0.028 0.013 0.026 0.032 0.043 0.048 0.051 0.070 0.080 0.059 0.036 0.009 -0.074 -0.044 -0.028 0.002 0.026 0.037 0.047 0.050 0.026 -0.022 -0.023 -0.016 0.026 0.035 0.011 0.009
0.000 0.000 0.000 0.000 0.000 0.000 0.000 0.000 0.000 0.000 0.000 0.000 0.000 0.000 0.000 0.000 0.000 0.000 0.000 0.000 0.000 0.000 0.000 0.000 0.000 0.000 0.000 0.000 0.000 0.061 0.091 -0.037 -0.044 -0.043 -0.026 0.014 0.017 0.018 0.043 0.056 0.068 0.007 0.002 0.001 0.000 -0.002 -0.049 -0.030 0.010 0.032 0.037 0.040 0.080 0.079 0.070 0.036 -0.022 -0.044 -0.036 -0.049 -0.059 -0.032 0.005 0.028 0.037 0.047 0.047 -0.021 -0.026 -0.020 -0.012 0.035 0.035 0.003 0.003
0.000 0.000 0.000 0.000 0.000 0.000 0.000 0.000 0.000 0.000 0.000 0.000 0.000 0.000 0.000 0.000 0.000 0.000 0.000 0.000 0.000 0.000 0.000 0.000 0.000 0.000 0.000 0.000 0.000 0.047 0.048 0.195 -0.049 -0.064 -0.037 0.010 0.014 0.030 0.056 0.073 0.074 0.006 0.001 0.000 0.000 -0.003 -0.040 -0.024 0.015 0.040 0.046 0.039 0.065 0.075 0.025 0.013 -0.032 -0.050 -0.031 0.001 0.021 0.016 0.023 0.035 0.041 0.046 0.037 -0.019 -0.010 0.021 0.040 0.041 0.005 0.001 0.000
0.000 0.000 0.000 0.000 0.000 0.000 0.000 0.000 0.000 0.000 0.000 0.000 0.000 0.000 0.000 0.000 0.000 0.000 0.000 0.000 0.000 0.000 0.000 0.000 0.000 0.000 0.000 0.000 0.000 0.036 0.044 0.121 0.014 -0.075 -0.055 -0.021 -0.013 0.030 0.068 0.092 0.083 0.006 0.001 0.000 0.000 -0.027 -0.023 0.015 0.029 0.044 0.058 0.046 0.050 0.039 -0.001 -0.004 -0.048 -0.049 -0.029 0.011 0.025 0.026 0.034 0.043 0.049 0.046 0.022 0.015 0.030 0.048 0.050 0.012 0.002 -0.000 -0.002
0.000 0.000 0.000 0.000 0.000 0.000 0.000 0.000 0.000 0.000 0.000 0.000 0.000 0.000 0.000 0.000 0.000 0.000 0.000 0.000 0.000 0.000 0.000 0.000 0.000 0.000 0.000 0.000 0.000 0.038 0.053 0.077 0.002 -0.065 -0.071 -0.043 -0.034 -0.012 0.026 0.046 0.059 0.004 0.002 0.002 0.001 -0.030 -0.011 0.028 0.041 0.048 0.061 0.041 -0.020 -0.033 -0.022 -0.044 -0.042 -0.029 -0.022 0.013 0.029 0.027 0.035 0.044 0.049 0.045 0.027 0.035 0.061 0.069 0.017 0.003 0.001 -0.001 -0.007
0.000 0.000 0.000 0.000 0.000 0.000 0.000 0.000 0.000 0.000 0.000 0.000 0.000 0.000 0.000 0.000 0.000 0.000 0.000 0.000 0.000 0.000 0.000 0.000 0.000 0.000 0.000 0.000 0.000 0.049 0.065 0.044 0.002 -0.050 -0.118 -0.084 -0.043 -0.019 0.026 0.047 0.064 0.041 -0.027 -0.021 0.016 -0.011 0.022 0.037 0.042 0.048 0.028 -0.050 -0.047 -0.034 -0.036 -0.027 -0.027 -0.019 0.016 0.025 0.025 0.029 0.038 0.045 0.050 0.046 0.025 0.047 0.087 0.027 0.007 0.003 0.001 -0.003 -0.023
0.000 0.000 0.000 0.000 0.000 0.000 0.000 0.000 0.000 0.000 0.000 0.000 0.000 0.000 0.000 0.000 0.000 0.000 0.000 0.000 0.000 0.000 0.000 0.000 0.000 0.000 0.000 0.000 0.000 0.061 0.086 0.037 0.009 0.066 -0.057 -0.036 0.023 0.025 0.036 0.036 0.053 0.044 -0.015 -0.014 0.019 0.030 0.037 0.037 0.051 0.049 0.017 -0.058 -0.034 -0.030 -0.022 -0.010 -0.024 -0.017 0.014 0.024 0.025 0.032 0.042 0.049 0.056 0.054 0.028 0.063 0.066 0.008 0.004 0.004 0.007 -0.017 0.015
0.000 0.000 0.000 0.000 0.000 0.000 0.000 0.000 0.000 0.000 0.000 0.000 0.000 0.000 0.000 0.000 0.000 0.000 0.000 0.000 0.000 0.000 0.000 0.000 0.000 0.000 0.000 0.000 0.000 0.039 0.051 0.024 0.012 0.121 -0.047 -0.028 0.023 0.031 0.021 -0.015 0.028 0.041 0.038 0.040 0.038 0.024 0.032 0.036 0.052 0.011 0.011 -0.034 -0.022 0.002 0.019 -0.020 -0.035 -0.021 0.009 0.019 0.021 0.028 0.039 0.049 0.058 0.060 0.058 0.057 0.040 0.006 0.003 0.007 -0.033 -0.014 0.027
0.000 0.000 0.000 0.000 0.000 0.000 0.000 0.000 0.000 0.000 0.000 0.000 0.000 0.000 0.000 0.000 0.000 0.000 0.000 0.000 0.000 0.000 0.000 0.000 0.000 0.000 0.000 0.000 0.000 0.041 0.061 0.010 0.006 0.021 -0.049 -0.044 -0.063 -0.030 -0.002 -0.018 0.026 0.041 0.047 0.070 0.032 -0.038 -0.012 0.037 0.026 0.008 0.121 -0.034 -0.019 0.018 -0.030 -0.049 -0.031 -0.025 0.000 0.017 0.017 0.022 0.035 0.050 0.060 0.063 0.039 0.029 0.016 0.006 0.004 -0.008 -0.026 0.020 0.028
0.000 0.000 0.000 0.000 0.000 0.000 0.000 0.000 0.000 0.000 0.000 0.000 0.000 0.000 0.000 0.000 0.000 0.000 0.000 0.000 0.000 0.000 0.000 0.000 0.000 0.000 0.000 0.000 0.000 0.048 0.071 0.006 0.004 0.011 -0.084 -0.038 -0.077 -0.043 -0.014 -0.019 0.025 0.043 0.053 0.060 0.002 0.003 0.004 0.005 0.022 -0.000 -0.060 -0.200 -0.145 -0.152 -0.119 -0.088 -0.069 -0.027 -0.016 0.009 0.038 0.032 0.035 0.053 0.067 0.053 0.031 0.014 0.010 0.011 0.017 -0.023 0.018 0.026 -0.002
0.000 0.000 0.000 0.000 0.000 0.000 0.000 0.000 0.000 0.000 0.000 0.000 0.000 0.000 0.000 0.000 0.000 0.000 0.000 0.000 0.000 0.000 0.000 0.000 0.000 0.000 0.000 0.000 0.000 0.054 0.070 0.049 -0.043 -0.048 0.000 0.000 0.031 -0.010 -0.030 -0.008 0.037 0.050 0.050 0.047 0.002 0.001 0.001 0.003 -0.025 0.007 0.020 -0.021 -0.099 -0.070 -0.058 -0.060 -0.044 -0.032 -0.015 0.005 0.031 0.058 0.060 0.068 0.081 0.053 0.015 0.009 0.011 0.031 -0.022 -0.014 0.022 0.021 -0.034
0.000 0.000 0.000 0.000 0.000 0.000 0.000 0.000 0.000 0.000 0.000 0.000 0.000 0.000 0.000 0.000 0.000 0.000 0.000 0.000 0.000 0.000 0.000 0.000 0.000 0.000 0.000 0.000 0.000 0.048 0.058 -0.049 -0.054 -0.036 0.014 0.046 0.053 -0.037 -0.035 0.041 0.056 0.052 0.045 0.013 0.002 0.001 0.001 0.007 -0.040 0.009 0.035 0.006 -0.035 -0.023 0.022 0.011 -0.007 -0.020 -0.012 -0.017 0.018 0.031 0.055 0.079 0.106 0.063 0.014 0.007 0.008 -0.011 -0.016 0.018 -0.002 -0.029 -0.025
0.000 0.000 0.000 0.000 0.000 0.000 0.000 0.000 0.000 0.000 0.000 0.000 0.000 0.000 0.000 0.000 0.000 0.000 0.000 0.000 0.000 0.000 0.000 0.000 0.000 0.000 0.000 0.000 0.000 0.041 -0.036 -0.048 -0.041 -0.026 0.029 0.058 0.064 0.050 0.046 0.068 0.062 0.042 0.015 0.005 0.002 0.002 0.006 -0.034 0.018 0.022 0.028 -0.040 -0.027 0.020 0.038 0.016 -0.003 -0.016 -0.025 -0.020 -0.014 0.018 0.030 0.037 0.047 0.053 0.014 0.008 0.007 0.001 0.006 0.004 0.003 -0.036 -0.038
0.000 0.000 0.000 0.000 0.000 0.000 0.000 0.000 0.000 0.000 0.000 0.000 0.000 0.000 0.000 0.000 0.000 0.000 0.000 0.000 0.000 0.000 0.000 0.000 0.000 0.000 0.000 0.000 0.000 0.040 -0.040 -0.048 -0.042 -0.018 0.038 0.066 0.059 0.056 0.082 0.078 0.020 0.009 0.004 0.002 0.003 0.008 -0.049 -0.039 0.016 0.030 -0.033 -0.030 0.019 0.034 0.054 0.008 -0.003 -0.022 -0.047 -0.017 -0.022 -0.007 0.018 0.030 0.038 0.071 0.019 0.013 0.010 0.007 0.004 0.005 0.002 -0.049 -0.053
0.000 0.000 0.000 0.000 0.000 0.000 0.000 0.000 0.000 0.000 0.000 0.000 0.000 0.000 0.000 0.000 0.000 0.000 0.000 0.000 0.000 0.000 0.000 0.000 0.000 0.000 0.000 0.000 0.000 0.048 -0.009 -0.062 -0.044 0.013 0.047 0.071 0.062 0.057 0.076 0.053 0.009 0.004 0.002 0.003 0.006 -0.042 -0.060 -0.052 -0.031 -0.008 -0.017 0.014 0.037 0.060 0.074 0.021 -0.002 -0.027 -0.040 -0.019 -0.018 -0.015 0.008 0.022 0.032 0.125 0.069 0.031 0.022 0.009 0.009 0.011 -0.021 -0.037 -0.035
0.000 0.000 0.000 0.000 0.000 0.000 0.000 0.000 0.000 0.000 0.000 0.000 0.000 0.000 0.000 0.000 0.000 0.000 0.000 0.000 0.000 0.000 0.000 0.000 0.000 0.000 0.000 0.000 0.000 0.047 -0.027 -0.070 -0.042 0.022 0.053 0.068 0.068 0.058 0.093 0.077 0.010 0.004 0.002 0.005 -0.037 -0.054 -0.056 -0.053 -0.037 -0.014 0.006 0.022 0.041 0.048 0.052 0.044 -0.017 -0.008 0.022 -0.003 0.010 0.050 0.076 0.095 0.154 0.183 0.130 0.079 0.037 0.011 0.017 -0.040 -0.038 -0.031 -0.015
0.000 0.000 0.000 0.000 0.000 0.000 0.000 0.000 0.000 0.000 0.000 0.000 0.000 0.000 0.000 0.000 0.000 0.000 0.000 0.000 0.000 0.000 0.000 0.000 0.000 0.000 0.000 0.000 0.000 0.047 -0.024 -0.035 -0.023 0.034 0.053 0.063 0.082 0.070 0.066 0.075 -0.010 0.013 -0.004 -0.000 -0.059 -0.051 -0.046 -0.046 -0.038 -0.014 0.012 0.025 0.028 0.030 0.034 0.035 0.020 0.023 0.036 -0.012 0.011 0.039 0.085 0.140 0.186 0.175 0.124 0.101 0.062 -0.036 -0.035 -0.040 -0.028 0.021 0.023
0.000 0.000 0.000 0.000 0.000 0.000 0.000 0.000 0.000 0.000 0.000 0.000 0.000 0.000 0.000 0.000 0.000 0.000 0.000 0.000 0.000 0.000 0.000 0.000 0.000 0.000 0.000 0.000 0.000 0.051 -0.025 -0.029 0.018 0.044 -0.000 -0.030 0.020 0.038 0.045 -0.010 -0.014 0.033 0.042 -0.031 -0.055 -0.064 -0.045 -0.038 -0.029 -0.006 0.016 0.025 0.025 0.015 0.017 0.027 0.026 0.026 0.034 0.061 0.041 0.071 0.071 0.051 0.037 0.031 0.034 0.043 -0.031 -0.044 -0.030 -0.029 0.033 0.045 -0.009
0.000 0.000 0.000 0.000 0.000 0.000 0.000 0.000 0.000 0.000 0.000 0.000 0.000 0.000 0.000 0.000 0.000 0.000 0.000 0.000 0.000 0.000 0.000 0.000 0.000 0.000 0.000 0.000 0.000 0.052 0.038 -0.011 0.013 0.000 -0.021 -0.046 -0.019 0.048 0.052 -0.033 0.021 0.044 0.036 -0.021 -0.028 -0.040 -0.053 -0.042 -0.030 -0.009 0.016 0.028 0.029 0.022 0.023 0.032 0.036 0.051 0.061 0.017 -0.009 0.005 -0.015 -0.017 -0.010 -0.003 0.019 0.023 -0.032 -0.040 0.000 -0.018 0.046 0.040 -0.011
0.000 0.000 0.000 0.000 0.000 0.000 0.000 0.000 0.000 0.000 0.000 0.000 0.000 0.000 0.000 0.000 0.000 0.000 0.000 0.000 0.000 0.000 0.000 0.000 0.000 0.000 0.000 0.000 0.000 0.047 0.003 0.003 0.002 0.001 0.000 -0.053 0.000 0.000 0.040 -0.017 0.036 0.046 0.021 -0.018 -0.014 -0.017 -0.020 -0.021 -0.039 -0.023 -0.015 0.025 0.030 0.025 0.029 0.038 0.051 0.056 0.046 -0.010 -0.019 -0.026 -0.023 -0.008 -0.016 -0.001 0.021 -0.007 -0.032 -0.032 -0.015 -0.019 0.026 0.038 -0.028
0.000 0.000 0.000 0.000 0.000 0.000 0.000 0.000 0.000 0.000 0.000 0.000 0.000 0.000 0.000 0.000 0.000 0.000 0.000 0.000 0.000 0.000 0.000 0.000 0.000 0.000 0.000 0.000 0.000 0.050 0.002 0.002 0.001 0.001 0.000 -0.044 -0.046 -0.014 0.021 0.039 0.055 0.053 0.019 -0.009 -0.010 -0.014 -0.022 -0.030 -0.005 0.000 0.025 0.046 0.025 -0.005 -0.010 0.024 0.035 0.041 0.036 0.006 -0.019 -0.024 -0.017 -0.003 -0.007 -0.014 0.017 -0.016 -0.024 -0.027 -0.018 -0.025 -0.083 -0.122 -0.073
0.000 0.000 0.000 0.000 0.000 0.000 0.000 0.000 0.000 0.000 0.000 0.000 0.000 0.000 0.000 0.000 0.000 0.000 0.000 0.000 0.000 0.000 0.000 0.000 0.000 0.000 0.000 0.000 0.000 0.057 0.003 0.002 0.002 0.001 -0.000 -0.005 -0.047 -0.048 -0.029 0.027 0.051 0.057 0.020 -0.002 -0.002 -0.003 -0.021 -0.030 -0.018 0.017 0.023 0.033 0.002 0.005 -0.002 0.007 0.023 0.029 0.031 0.043 0.041 0.014 0.005 0.001 0.003 -0.001 0.014 -0.008 -0.009 -0.011 -0.015 -0.026 -0.071 -0.076 -0.060
0.000 0.000 0.000 0.000 0.000 0.000 0.000 0.000 0.000 0.000 0.000 0.000 0.000 0.000 0.000 0.000 0.000 0.000 0.000 0.000 0.000 0.000 0.000 0.000 0.000 0.000 0.000 0.000 0.000 0.048 0.002 0.001 0.001 -0.035 -0.019 0.029 0.007 -0.058 -0.047 -0.023 0.039 0.055 0.033 -0.000 -0.001 -0.003 -0.021 -0.044 -0.019 0.026 0.026 0.003 0.003 0.005 0.016 -0.002 0.017 0.022 0.029 0.056 0.092 0.080 0.023 0.004 -0.011 0.021 0.012 -0.004 -0.006 -0.016 -0.030 -0.038 -0.023 -0.021 0.007
0.000 0.000 0.000 0.000 0.000 0.000 0.000 0.000 0.000 0.000 0.000 0.000 0.000 0.000 0.000 0.000 0.000 0.000 0.000 0.000 0.000 0.000 0.000 0.000 0.000 0.000 0.000 0.000 0.000 0.053 0.001 0.001 -0.032 -0.033 -0.017 0.025 0.025 -0.048 -0.048 0.000 0.000 0.047 0.029 0.000 -0.000 -0.001 -0.019 -0.037 -0.007 0.031 0.007 0.003 0.004 0.010 0.029 0.048 0.059 0.042 0.069 0.071 0.058 0.036 0.037 0.003 -0.030 -0.012 0.023 -0.001 -0.006 -0.020 -0.025 0.010 0.012 -0.008 0.014
0.000 0.000 0.000 0.000 0.000 0.000 0.000 0.000 0.000 0.000 0.000 0.000 0.000 0.000 0.000 0.000 0.000 0.000 0.000 0.000 0.000 0.000 0.000 0.000 0.000 0.000 0.000 0.000 0.000 0.047 0.022 -0.021 -0.017 -0.014 -0.008 0.029 0.032 -0.014 -0.036 -0.019 0.024 0.043 0.004 0.001 0.000 -0.000 -0.025 -0.029 0.019 0.034 0.009 0.006 0.008 0.017 0.040 0.065 0.060 0.034 0.021 0.025 0.057 -0.022 0.027 -0.002 -0.046 -0.023 0.031 -0.006 -0.001 -0.033 0.000 0.000 0.022 0.016 0.014
