Project1/res/jiangbei.inittm
ncols         319
nrows         411
xllcorner     657492.000000
yllcorner     3548067.000000
cellsize      10.000000
NODATA_value  -9999.000000
[rows 84 to 111 of 411, columns 126 to 188 of 319]
0.518 0.572 0.399 -9999.000 -9999.000 -9999.000 -9999.000 -9999.000 0.444 0.361 0.396 -9999.000 -9999.000 -9999.000 -9999.000 -9999.000 -9999.000 -9999.000 -9999.000 -9999.000 -9999.000 0.414 0.282 0.245 -9999.000 -9999.000 -9999.000 -9999.000 -9999.000 -9999.000 -9999.000 -9999.000 -9999.000 -9999.000 -9999.000 -9999.000 0.403 0.398 -9999.000 0.404 0.370 0.385 0.411 0.390 0.362 0.364 0.237 0.435 0.434 0.414 0.392 0.358 0.274 0.362 0.409 0.443 -9999.000 -9999.000 -9999.000 -9999.000 -9999.000 -9999.000 0.384
0.442 0.422 0.362 -9999.000 -9999.000 -9999.000 -9999.000 0.386 0.278 0.299 -9999.000 -9999.000 -9999.000 -9999.000 0.397 -9999.000 -9999.000 -9999.000 -9999.000 -9999.000 -9999.000 -9999.000 0.427 0.258 0.202 -9999.000 -9999.000 -9999.000 -9999.000 -9999.000 -9999.000 -9999.000 -9999.000 0.421 0.407 0.384 0.286 0.399 0.413 0.396 0.400 0.338 0.350 0.364 0.261 0.191 0.357 -9999.000 0.430 0.406 0.206 0.233 0.313 0.373 0.396 0.412 -9999.000 -9999.000 -9999.000 -9999.000 -9999.000 -9999.000 0.852
0.314 0.330 0.320 0.327 -9999.000 -9999.000 0.399 0.208 0.281 -9999.000 -9999.000 -9999.000 -9999.000 0.412 0.353 -9999.000 -9999.000 -9999.000 -9999.000 -9999.000 -9999.000 -9999.000 0.406 0.384 0.336 0.279 -9999.000 -9999.000 -9999.000 -9999.000 -9999.000 -9999.000 0.376 0.365 0.346 0.324 0.190 0.321 0.381 0.394 0.471 0.431 0.365 0.379 0.261 0.266 0.374 0.366 0.329 0.419 -9999.000 0.355 0.302 0.362 0.404 0.428 -9999.000 -9999.000 -9999.000 -9999.000 -9999.000 -9999.000 -9999.000
0.362 0.329 0.269 0.177 0.352 0.373 0.331 0.314 -9999.000 -9999.000 -9999.000 -9999.000 -9999.000 0.399 0.273 0.380 0.378 0.379 -9999.000 -9999.000 -9999.000 -9999.000 0.396 0.393 0.466 0.361 0.303 -9999.000 -9999.000 -9999.000 -9999.000 -9999.000 -9999.000 -9999.000 -9999.000 0.344 0.277 0.396 0.435 0.538 -9999.000 -9999.000 -9999.000 0.379 0.290 0.380 0.398 0.387 0.408 0.417 -9999.000 -9999.000 0.298 0.293 0.382 -9999.000 -9999.000 -9999.000 -9999.000 -9999.000 -9999.000 -9999.000 -9999.000
-9999.000 -9999.000 0.393 0.224 0.354 0.365 0.377 -9999.000 -9999.000 -9999.000 -9999.000 -9999.000 0.407 0.350 0.203 0.343 0.392 -9999.000 -9999.000 -9999.000 -9999.000 -9999.000 -9999.000 -9999.000 -9999.000 0.401 0.349 0.217 -9999.000 -9999.000 -9999.000 -9999.000 -9999.000 -9999.000 -9999.000 0.213 0.318 0.429 0.521 -9999.000 -9999.000 -9999.000 0.399 0.207 0.350 0.403 -9999.000 -9999.000 -9999.000 0.404 0.465 -9999.000 0.415 0.290 0.332 -9999.000 -9999.000 -9999.000 -9999.000 -9999.000 0.424 0.386 0.371
-9999.000 -9999.000 0.516 0.319 0.452 0.461 0.395 -9999.000 -9999.000 -9999.000 0.410 0.376 0.344 0.297 0.188 0.369 -9999.000 -9999.000 -9999.000 0.391 -9999.000 -9999.000 -9999.000 -9999.000 -9999.000 0.370 0.340 0.286 0.203 0.356 -9999.000 -9999.000 -9999.000 -9999.000 -9999.000 0.308 0.343 0.419 0.531 -9999.000 -9999.000 0.391 0.191 0.312 0.394 -9999.000 -9999.000 -9999.000 -9999.000 0.320 -9999.000 -9999.000 -9999.000 0.403 0.268 -9999.000 -9999.000 -9999.000 -9999.000 -9999.000 0.422 0.359 0.391
-9999.000 -9999.000 0.628 0.338 0.471 0.446 0.384 -9999.000 -9999.000 -9999.000 -9999.000 -9999.000 0.406 0.376 0.235 0.359 -9999.000 -9999.000 0.398 0.369 -9999.000 -9999.000 -9999.000 -9999.000 -9999.000 -9999.000 0.409 0.396 0.338 0.203 0.324 0.444 -9999.000 -9999.000 -9999.000 0.418 0.412 0.370 0.513 -9999.000 -9999.000 0.230 0.241 0.388 0.412 -9999.000 -9999.000 -9999.000 -9999.000 0.302 0.426 -9999.000 -9999.000 -9999.000 0.299 -9999.000 -9999.000 -9999.000 0.427 0.409 0.409 0.447 -9999.000
-9999.000 1.125 0.395 0.282 0.374 0.382 0.375 0.405 -9999.000 -9999.000 -9999.000 -9999.000 -9999.000 0.394 0.269 0.314 -9999.000 0.776 0.342 0.367 0.644 0.398 0.343 -9999.000 -9999.000 -9999.000 -9999.000 -9999.000 0.409 0.374 0.197 0.358 -9999.000 -9999.000 -9999.000 -9999.000 -9999.000 0.401 0.509 0.589 0.382 0.265 0.384 0.411 -9999.000 -9999.000 -9999.000 -9999.000 -9999.000 0.352 0.385 -9999.000 -9999.000 -9999.000 0.402 0.388 0.407 0.426 -9999.000 0.387 0.411 -9999.000 -9999.000
0.424 0.379 0.367 0.385 0.282 0.306 0.357 0.394 1.342 -9999.000 -9999.000 -9999.000 -9999.000 0.406 0.334 0.310 0.471 0.410 0.269 0.299 0.353 0.236 0.198 0.320 -9999.000 -9999.000 -9999.000 -9999.000 -9999.000 0.414 0.346 0.409 -9999.000 -9999.000 -9999.000 -9999.000 -9999.000 0.499 0.526 0.400 0.199 0.379 0.412 -9999.000 -9999.000 -9999.000 -9999.000 -9999.000 -9999.000 0.421 0.371 -9999.000 -9999.000 -9999.000 -9999.000 0.353 0.345 0.309 0.389 0.389 0.409 -9999.000 -9999.000
0.388 0.334 0.321 0.285 0.234 0.284 0.295 0.359 0.399 -9999.000 -9999.000 -9999.000 -9999.000 0.427 0.382 0.380 0.393 0.344 0.203 0.245 0.344 0.397 0.414 0.407 0.381 0.906 -9999.000 -9999.000 -9999.000 0.494 0.398 0.326 0.398 -9999.000 -9999.000 -9999.000 -9999.000 -9999.000 0.404 0.200 0.365 0.403 -9999.000 -9999.000 -9999.000 -9999.000 0.395 0.428 -9999.000 -9999.000 0.421 -9999.000 -9999.000 -9999.000 -9999.000 -9999.000 0.309 0.192 0.338 0.384 0.401 -9999.000 -9999.000
0.370 0.354 0.252 0.226 0.298 0.337 0.321 0.284 0.323 0.419 -9999.000 -9999.000 -9999.000 -9999.000 0.404 0.401 0.362 0.269 0.261 0.371 0.424 0.545 0.621 0.598 0.414 0.388 0.378 0.842 -9999.000 0.517 0.365 0.342 0.357 0.411 -9999.000 -9999.000 -9999.000 -9999.000 0.237 0.366 0.412 0.433 -9999.000 -9999.000 -9999.000 -9999.000 0.415 0.395 -9999.000 -9999.000 0.435 0.377 0.382 0.395 -9999.000 -9999.000 0.515 0.278 0.264 0.358 0.389 0.424 -9999.000
0.372 0.315 0.239 0.297 0.334 0.350 0.362 0.347 0.307 0.315 -9999.000 -9999.000 -9999.000 0.429 0.409 0.352 0.260 0.285 0.386 0.422 0.566 0.670 0.626 0.406 0.393 0.375 0.218 0.246 0.521 0.478 0.334 0.351 0.379 -9999.000 -9999.000 -9999.000 0.328 0.225 0.271 0.412 -9999.000 -9999.000 -9999.000 0.434 -9999.000 -9999.000 -9999.000 0.413 -9999.000 0.434 0.398 0.394 0.361 0.291 0.331 0.446 0.439 0.357 0.335 0.347 0.376 0.410 -9999.000
0.352 0.240 0.314 0.346 0.346 0.350 0.362 0.383 0.371 0.336 0.352 -9999.000 -9999.000 0.396 0.347 0.273 0.278 0.409 0.446 0.613 0.858 0.459 0.383 0.357 0.329 0.283 0.252 0.354 0.380 0.401 0.313 0.341 0.369 0.374 0.342 0.353 0.380 0.395 0.401 -9999.000 -9999.000 -9999.000 -9999.000 0.409 0.385 -9999.000 -9999.000 -9999.000 -9999.000 -9999.000 0.414 -9999.000 0.432 0.383 0.271 0.244 0.221 0.204 0.259 0.292 0.290 0.386 0.426
0.291 0.372 0.382 0.367 0.362 0.359 0.362 0.380 0.399 0.397 0.383 0.403 0.396 0.352 0.273 0.276 0.393 0.667 -9999.000 -9999.000 0.422 0.391 0.367 0.336 0.294 0.244 0.337 0.419 0.442 0.378 0.266 0.302 0.344 0.377 0.697 -9999.000 -9999.000 -9999.000 0.410 0.367 -9999.000 -9999.000 -9999.000 -9999.000 -9999.000 -9999.000 -9999.000 0.406 -9999.000 -9999.000 -9999.000 -9999.000 0.428 0.403 0.394 0.386 0.360 0.244 0.200 0.245 0.308 0.348 0.397
0.274 0.412 0.406 0.382 0.372 0.373 0.375 0.380 0.400 0.444 0.450 0.392 0.344 0.272 0.271 0.371 0.409 -9999.000 -9999.000 0.469 0.389 0.366 0.360 0.351 0.339 0.282 0.325 0.402 0.428 0.392 0.283 0.309 0.366 0.379 0.700 -9999.000 -9999.000 -9999.000 -9999.000 0.356 -9999.000 -9999.000 -9999.000 -9999.000 -9999.000 -9999.000 -9999.000 0.403 0.407 -9999.000 -9999.000 -9999.000 -9999.000 0.428 0.425 0.419 0.407 0.377 0.324 0.270 0.334 0.392 0.395
0.268 0.400 0.559 0.400 0.382 0.383 0.386 0.395 0.408 -9999.000 0.411 0.355 0.292 0.271 0.371 0.405 0.427 -9999.000 0.408 0.397 0.388 0.377 0.369 0.363 0.361 0.319 0.288 0.366 0.395 0.393 0.347 0.350 0.366 0.323 0.596 -9999.000 -9999.000 -9999.000 -9999.000 -9999.000 0.340 -9999.000 -9999.000 -9999.000 -9999.000 -9999.000 -9999.000 -9999.000 0.409 0.407 -9999.000 -9999.000 -9999.000 -9999.000 -9999.000 -9999.000 0.421 0.398 0.391 0.378 0.329 0.379 0.383
0.276 0.390 0.569 0.427 0.397 0.391 0.398 0.413 0.443 0.437 0.373 0.305 0.282 0.345 0.398 0.422 0.448 0.406 0.386 0.393 0.398 0.393 0.383 0.378 0.373 0.355 0.286 0.309 0.339 0.387 0.349 0.317 0.311 0.256 0.412 -9999.000 -9999.000 -9999.000 -9999.000 -9999.000 0.372 0.262 0.394 -9999.000 -9999.000 -9999.000 -9999.000 -9999.000 -9999.000 0.403 0.415 -9999.000 -9999.000 -9999.000 -9999.000 -9999.000 -9999.000 0.407 0.410 0.417 0.406 0.371 0.281
0.299 0.385 0.468 0.924 0.441 0.412 0.430 -9999.000 -9999.000 0.393 0.326 0.284 0.336 0.384 0.410 0.443 0.414 0.390 0.387 0.425 -9999.000 0.425 0.401 0.389 0.385 0.370 0.307 0.289 0.356 0.401 0.405 0.357 0.258 0.199 0.357 -9999.000 -9999.000 -9999.000 -9999.000 -9999.000 0.437 0.282 0.196 0.364 -9999.000 -9999.000 -9999.000 -9999.000 -9999.000 -9999.000 0.444 -9999.000 -9999.000 -9999.000 -9999.000 -9999.000 -9999.000 0.435 -9999.000 -9999.000 -9999.000 0.403 0.296
0.243 0.360 0.416 0.858 -9999.000 -9999.000 -9999.000 -9999.000 0.406 0.351 0.299 0.317 0.382 0.397 0.411 0.424 0.415 0.416 -9999.000 -9999.000 0.418 -9999.000 0.993 0.412 0.397 0.379 0.323 0.289 0.355 0.389 0.389 0.368 0.313 0.351 0.367 0.400 0.493 0.368 0.397 -9999.000 -9999.000 0.458 0.306 0.204 0.278 0.411 -9999.000 -9999.000 -9999.000 -9999.000 -9999.000 -9999.000 -9999.000 -9999.000 -9999.000 -9999.000 -9999.000 -9999.000 -9999.000 -9999.000 -9999.000 -9999.000 0.388
0.207 0.249 0.407 0.775 -9999.000 -9999.000 -9999.000 -9999.000 0.393 0.335 0.317 0.365 0.390 0.402 0.413 0.406 -9999.000 -9999.000 -9999.000 -9999.000 0.376 -9999.000 -9999.000 0.816 0.417 0.390 0.341 0.284 0.342 0.364 0.358 0.392 0.583 0.548 0.486 0.456 0.402 0.239 0.263 0.403 0.506 0.429 0.398 0.348 0.185 0.241 -9999.000 -9999.000 -9999.000 -9999.000 -9999.000 -9999.000 -9999.000 -9999.000 -9999.000 -9999.000 -9999.000 -9999.000 -9999.000 -9999.000 -9999.000 -9999.000 0.382
0.421 0.256 0.314 0.660 -9999.000 -9999.000 -9999.000 -9999.000 0.402 0.343 0.369 0.381 0.390 0.407 -9999.000 -9999.000 -9999.000 -9999.000 -9999.000 0.412 0.339 0.435 1.057 0.906 0.713 0.397 0.368 0.280 0.328 0.353 0.395 -9999.000 -9999.000 -9999.000 -9999.000 0.456 0.251 0.186 0.296 0.332 0.385 0.689 0.406 0.345 0.305 0.268 0.372 -9999.000 -9999.000 -9999.000 -9999.000 -9999.000 -9999.000 -9999.000 -9999.000 -9999.000 -9999.000 -9999.000 -9999.000 -9999.000 -9999.000 0.414 0.354
0.770 0.424 0.298 0.328 0.405 -9999.000 -9999.000 -9999.000 -9999.000 0.393 0.383 0.388 0.395 0.418 -9999.000 -9999.000 -9999.000 -9999.000 0.838 0.396 0.304 0.406 0.704 0.903 0.815 0.409 0.571 0.313 0.370 0.399 -9999.000 -9999.000 -9999.000 -9999.000 0.441 0.248 0.239 0.401 -9999.000 -9999.000 -9999.000 -9999.000 -9999.000 0.341 0.354 -9999.000 0.398 0.396 -9999.000 -9999.000 -9999.000 -9999.000 -9999.000 -9999.000 -9999.000 -9999.000 -9999.000 -9999.000 -9999.000 -9999.000 0.391 0.241 0.334
-9999.000 -9999.000 0.715 0.294 0.256 0.388 -9999.000 -9999.000 -9999.000 -9999.000 0.401 0.399 0.407 -9999.000 -9999.000 -9999.000 -9999.000 0.394 0.378 0.330 0.253 0.376 0.425 0.838 0.897 0.364 0.306 0.397 -9999.000 -9999.000 -9999.000 -9999.000 -9999.000 0.321 0.249 0.261 0.404 -9999.000 -9999.000 -9999.000 -9999.000 -9999.000 -9999.000 -9999.000 0.374 -9999.000 -9999.000 0.241 0.358 0.431 -9999.000 -9999.000 -9999.000 -9999.000 -9999.000 -9999.000 -9999.000 -9999.000 0.376 0.345 0.257 0.178 0.384
-9999.000 -9999.000 -9999.000 0.955 0.294 0.229 0.385 -9999.000 -9999.000 -9999.000 -9999.000 -9999.000 -9999.000 -9999.000 -9999.000 -9999.000 0.396 0.304 0.242 0.214 0.189 0.235 0.357 0.401 0.386 0.361 0.405 -9999.000 -9999.000 -9999.000 -9999.000 -9999.000 0.481 0.294 0.329 -9999.000 -9999.000 -9999.000 -9999.000 -9999.000 -9999.000 -9999.000 -9999.000 -9999.000 -9999.000 0.408 -9999.000 1.193 0.343 0.284 0.408 -9999.000 -9999.000 -9999.000 -9999.000 -9999.000 0.386 -9999.000 -9999.000 0.429 0.365 0.237 0.392
0.489 -9999.000 -9999.000 -9999.000 0.416 0.303 0.251 0.379 0.417 -9999.000 -9999.000 -9999.000 -9999.000 -9999.000 -9999.000 -9999.000 1.544 0.333 0.294 0.293 0.254 0.236 0.249 0.292 0.341 0.406 -9999.000 -9999.000 -9999.000 -9999.000 0.470 0.416 0.252 0.259 -9999.000 -9999.000 -9999.000 -9999.000 -9999.000 -9999.000 -9999.000 -9999.000 -9999.000 -9999.000 -9999.000 -9999.000 0.390 0.414 0.399 0.258 0.227 0.403 -9999.000 -9999.000 -9999.000 0.383 0.389 -9999.000 -9999.000 -9999.000 0.421 0.309 0.397
0.350 0.370 0.394 0.435 -9999.000 0.388 0.411 0.299 0.325 -9999.000 -9999.000 -9999.000 -9999.000 -9999.000 -9999.000 0.414 0.350 0.284 0.311 0.350 0.359 0.351 0.380 0.399 0.409 -9999.000 -9999.000 -9999.000 -9999.000 0.484 0.394 0.326 0.226 0.254 -9999.000 -9999.000 -9999.000 -9999.000 -9999.000 -9999.000 -9999.000 -9999.000 -9999.000 -9999.000 -9999.000 -9999.000 0.359 0.292 0.326 0.329 0.239 0.193 0.386 -9999.000 0.412 0.365 -9999.000 -9999.000 -9999.000 -9999.000 -9999.000 0.371 0.409
-9999.000 -9999.000 0.408 0.407 0.404 0.328 0.406 0.406 0.253 0.376 -9999.000 -9999.000 -9999.000 -9999.000 -9999.000 0.373 0.306 0.294 0.389 0.404 0.392 0.370 0.396 -9999.000 -9999.000 -9999.000 -9999.000 -9999.000 -9999.000 0.411 0.397 0.388 0.352 0.238 0.318 0.409 -9999.000 -9999.000 -9999.000 -9999.000 -9999.000 -9999.000 -9999.000 -9999.000 -9999.000 -9999.000 0.331 0.298 0.265 0.284 0.315 0.255 0.192 0.320 0.379 0.399 -9999.000 -9999.000 -9999.000 -9999.000 -9999.000 -9999.000 -9999.000
-9999.000 -9999.000 -9999.000 0.434 0.390 0.279 0.417 0.483 0.438 0.234 0.379 -9999.000 -9999.000 -9999.000 -9999.000 0.401 0.352 0.374 0.391 0.413 0.406 0.387 0.395 -9999.000 -9999.000 -9999.000 -9999.000 -9999.000 0.404 0.381 0.407 0.411 0.392 0.272 0.298 0.383 0.414 0.429 -9999.000 -9999.000 -9999.000 -9999.000 -9999.000 -9999.000 -9999.000 0.304 0.279 0.359 0.391 0.381 0.356 0.331 0.265 0.181 0.310 -9999.000 -9999.000 -9999.000 -9999.000 -9999.000 -9999.000 0.409 -9999.000
