Project1/res/jiangbei.totaltm
ncols         319
nrows         411
xllcorner     657492.000000
yllcorner     3548067.000000
cellsize      10.000000
NODATA_value  -9999.000000
[rows 34 to 67 of 411, columns 77 to 153 of 319]
0.000 0.000 0.000 0.000 0.000 0.000 0.000 0.000 0.000 0.000 0.000 0.000 0.000 0.000 0.000 0.000 0.449 3.682 0.000 0.000 0.114 0.000 0.000 0.000 0.000 0.000 0.172 0.000 0.000 0.000 0.611 0.000 0.000 0.000 0.000 0.406 0.096 0.000 0.000 0.000 0.000 0.000 0.000 0.000 0.000 0.607 3.746 1.039 0.783 2.465 3.490 3.616 3.611 3.680 3.724 3.657 3.599 3.603 3.662 3.670 3.650 3.641 3.639 3.647 3.649 3.627 3.607 3.592 3.724 2.979 2.980 3.620 3.642 3.640 3.599 3.574 3.347
0.000 0.000 0.000 0.000 0.000 0.000 0.000 0.000 0.000 0.000 0.000 0.000 0.000 0.000 0.000 0.083 1.156 0.515 0.000 0.000 0.000 0.000 0.000 0.000 0.000 0.000 0.000 0.000 0.000 0.000 0.000 0.108 0.000 0.000 0.318 0.382 0.061 0.000 0.000 0.000 0.000 0.315 0.000 0.000 0.000 0.000 3.729 0.808 0.694 1.780 2.626 3.428 3.685 3.734 3.681 3.603 3.005 3.629 3.670 3.651 3.640 3.638 3.647 3.636 3.641 3.361 2.619 3.000 3.735 2.112 1.973 2.496 0.908 0.922 3.611 3.728 3.761
0.000 0.000 0.000 0.000 0.000 0.000 0.000 0.000 0.000 0.871 0.141 0.121 0.000 0.000 0.000 0.036 1.817 1.794 0.000 0.000 0.000 0.000 0.000 0.000 0.000 0.000 0.000 0.000 0.000 0.000 0.000 0.146 0.040 0.144 0.677 0.321 0.000 0.000 0.000 0.000 0.128 0.640 0.143 0.000 0.000 0.000 0.176 1.413 1.886 2.217 2.605 3.646 3.736 3.704 3.217 1.086 1.761 2.484 2.482 2.453 2.439 2.356 2.290 2.257 2.231 2.015 1.732 2.608 3.206 1.287 0.000 0.274 0.000 0.000 0.000 0.188 3.268
0.000 0.000 0.000 0.000 0.000 0.000 0.000 0.000 3.736 3.695 2.089 0.833 0.000 0.000 0.085 0.608 1.838 3.789 0.383 0.000 0.000 0.000 0.000 0.000 0.000 0.102 0.197 0.119 0.046 0.000 0.064 0.210 0.268 0.356 1.134 0.424 0.000 0.000 0.000 0.000 0.242 1.791 0.390 0.000 0.000 0.000 0.000 0.272 0.094 0.928 2.988 3.752 3.733 2.554 0.580 0.490 0.963 1.102 1.083 0.978 0.997 1.047 1.192 1.203 1.351 1.217 1.179 2.671 2.874 0.728 0.239 0.021 0.000 0.000 0.000 0.000 0.133
0.000 0.000 0.000 0.000 0.000 0.000 0.000 0.000 0.626 1.429 0.199 0.000 0.000 0.155 0.295 0.381 0.527 2.185 3.659 3.765 1.399 0.000 0.000 0.000 0.000 0.214 0.461 0.413 0.343 0.271 0.493 0.753 0.000 0.157 1.967 3.587 2.934 3.605 2.208 2.876 3.638 3.789 0.660 0.000 0.000 0.000 0.000 0.000 0.000 0.000 0.390 1.169 0.773 0.676 0.666 0.690 0.822 0.767 0.798 0.793 0.877 0.889 0.962 1.025 1.064 1.011 1.659 3.071 2.058 0.312 0.064 0.000 0.000 0.000 0.000 0.000 0.142
0.000 0.000 0.000 0.000 0.000 0.096 0.000 0.000 0.271 1.208 0.297 0.000 0.000 0.000 0.000 0.000 1.247 3.775 3.679 3.697 3.779 0.286 0.000 0.000 0.000 0.157 1.290 2.178 2.058 1.797 1.918 1.841 0.571 0.653 3.700 3.816 3.716 3.716 3.636 3.735 3.809 3.766 0.000 0.000 0.000 0.000 0.093 0.000 0.000 0.000 0.000 0.031 0.156 0.515 0.850 0.765 0.549 0.559 0.695 0.712 0.746 0.740 0.850 0.913 0.898 0.943 2.001 2.860 0.609 0.135 0.000 0.000 0.000 0.000 0.000 0.000 0.261
0.000 0.000 0.000 0.000 0.436 0.246 0.000 0.260 0.720 1.165 0.365 0.000 0.000 0.000 0.000 0.000 0.027 0.362 0.123 3.012 3.714 3.624 0.000 0.000 0.000 0.000 0.283 1.278 3.794 0.668 0.962 1.870 1.341 3.722 3.819 3.711 3.594 3.567 3.631 3.714 3.766 3.594 0.000 0.000 0.000 0.000 0.436 0.000 0.000 0.000 0.000 0.000 0.000 0.198 0.893 0.375 0.345 0.327 0.569 0.542 0.616 0.580 0.654 0.864 0.763 1.201 2.523 2.856 0.406 0.150 0.000 0.000 0.000 0.000 0.000 0.173 0.378
0.000 0.000 0.000 0.084 0.986 0.485 0.356 0.534 0.748 0.760 0.000 0.000 0.000 0.000 0.000 0.050 0.000 0.000 0.000 0.000 3.614 3.791 3.705 3.609 0.000 0.000 0.000 0.000 0.196 0.000 0.018 0.749 1.369 2.292 3.674 1.543 0.766 1.809 3.594 3.628 3.715 2.091 0.000 0.000 0.000 0.543 0.368 0.000 0.000 0.000 0.000 0.000 0.000 0.000 0.611 0.256 0.000 0.153 0.407 0.449 0.559 0.473 0.551 0.728 1.081 2.690 3.787 1.331 0.402 0.234 0.000 0.000 0.000 0.000 0.000 0.236 0.298
0.000 0.267 0.228 1.256 1.698 1.010 0.792 0.788 0.674 0.589 0.000 0.000 0.000 0.202 0.234 0.000 0.000 0.000 0.000 0.521 1.648 3.684 3.604 3.778 0.000 0.000 0.000 0.000 0.000 0.000 0.078 0.294 0.267 0.105 0.187 0.000 0.000 0.175 1.518 3.610 3.672 2.065 0.000 0.000 0.000 0.993 0.308 0.090 0.000 0.000 0.000 0.000 0.000 0.000 0.000 0.172 0.176 0.465 0.661 1.056 0.601 0.379 0.199 1.126 2.614 3.786 0.819 0.413 0.349 0.259 0.120 0.000 0.000 0.000 0.000 0.117 0.154
0.000 0.703 0.733 1.353 0.838 0.083 0.435 1.159 1.788 1.349 1.203 1.011 0.880 1.189 0.552 0.000 0.000 0.000 0.280 0.000 0.000 0.502 0.000 2.282 3.770 0.000 0.000 0.000 0.000 0.000 0.062 0.148 0.012 0.000 0.000 0.000 0.000 0.243 0.615 1.866 3.662 3.624 1.863 0.114 0.710 0.785 0.301 0.168 0.093 0.141 0.149 0.072 0.000 0.000 0.000 0.000 0.266 1.883 0.618 0.264 0.000 0.000 0.355 2.960 3.768 0.478 0.181 0.222 0.275 0.257 0.154 0.000 0.000 0.000 0.163 0.149 0.000
0.324 0.578 0.254 0.000 0.537 0.000 0.000 0.403 0.375 0.000 0.000 0.626 1.854 3.821 0.877 0.000 0.000 0.000 0.808 0.000 0.000 0.000 0.000 1.282 3.661 3.781 3.631 0.000 0.000 0.000 0.000 0.000 0.000 0.000 0.000 0.000 0.000 0.475 0.857 1.524 3.031 3.704 3.739 3.661 2.440 0.778 0.305 0.264 0.334 0.393 0.418 0.370 0.210 0.000 0.000 0.000 0.048 3.036 0.847 0.000 0.000 0.189 2.193 3.783 1.185 0.051 0.000 0.000 0.074 0.187 0.184 0.158 0.301 0.604 0.555 0.429 0.181
0.577 0.291 0.000 0.638 0.568 0.000 0.000 0.114 0.048 0.000 0.000 0.000 0.000 2.308 0.000 0.000 0.000 0.000 3.713 0.000 0.000 0.000 0.000 0.068 0.000 3.638 3.787 3.712 0.735 0.000 0.000 0.000 0.000 0.000 0.637 0.273 0.154 0.846 1.210 1.403 1.967 3.008 3.689 3.733 3.692 1.701 0.449 0.402 0.338 0.232 0.032 0.000 0.000 0.000 0.000 0.000 0.000 0.099 0.906 0.000 0.000 1.989 3.771 2.187 0.478 0.116 0.000 0.000 0.000 0.000 0.091 0.267 0.641 1.028 1.085 1.038 0.763
1.810 0.432 0.366 1.783 0.610 0.000 0.000 0.000 0.000 0.000 0.000 0.000 0.584 2.566 0.328 0.283 0.418 3.662 3.819 0.000 0.000 0.000 0.000 0.000 0.000 0.646 3.641 3.732 3.698 0.000 0.000 0.000 0.000 0.788 2.171 1.908 1.732 1.661 1.666 1.260 1.647 2.803 3.622 3.740 3.711 3.161 0.578 0.353 0.260 0.163 0.000 0.000 0.000 0.000 0.000 0.000 0.000 0.005 0.201 1.148 1.968 2.093 1.835 1.280 0.356 0.050 0.000 0.000 0.000 0.000 0.000 0.364 0.766 1.152 1.180 1.032 0.674
1.888 2.231 3.748 3.799 0.462 0.000 0.000 0.000 0.000 0.000 0.000 0.000 1.801 3.767 0.647 0.000 1.514 3.692 3.769 3.648 0.000 0.000 0.000 0.000 0.000 0.000 0.000 0.157 1.160 1.533 0.749 0.000 0.409 1.088 2.091 2.580 2.441 2.115 1.884 1.774 2.103 3.608 3.624 3.749 3.701 3.629 0.873 0.292 0.255 0.221 0.046 0.000 0.000 0.000 0.000 0.000 0.000 0.000 0.053 0.144 0.391 0.161 1.779 1.228 0.085 0.000 0.000 0.000 0.094 0.240 0.247 0.383 0.834 1.093 0.839 0.474 0.242
0.000 0.077 2.180 3.754 0.200 0.000 0.000 0.000 0.090 0.071 0.000 0.000 0.000 3.811 3.653 0.870 1.931 3.631 3.680 3.791 2.838 0.000 0.000 0.000 0.000 0.000 0.000 0.000 0.226 1.579 1.936 1.726 1.501 1.191 1.108 1.631 1.015 0.857 0.831 1.735 3.650 3.640 3.652 3.752 3.683 3.609 1.909 0.306 0.321 0.273 0.187 0.059 0.000 0.000 0.000 0.000 0.000 0.000 0.000 0.000 0.000 0.000 3.650 1.254 0.000 0.000 0.000 0.216 0.316 0.231 0.029 0.190 0.493 0.506 0.306 0.187 0.012
0.000 0.000 0.716 3.085 0.649 0.172 0.159 0.175 0.192 0.000 0.000 0.000 0.000 0.575 3.776 2.129 2.048 2.284 3.622 3.714 3.637 0.000 0.000 0.000 0.000 0.000 0.000 0.000 0.175 0.213 0.417 0.937 0.618 0.478 0.964 0.957 0.000 0.000 0.084 1.199 3.658 3.672 3.697 3.756 3.677 3.613 3.620 2.872 1.734 0.344 0.252 0.171 0.000 0.000 0.000 0.000 0.000 0.000 0.000 0.000 0.000 0.000 3.786 3.725 0.000 0.000 0.252 0.345 0.167 0.000 0.000 0.000 0.000 0.134 0.117 0.037 0.000
0.000 0.000 0.161 1.789 2.379 0.441 0.280 0.206 0.000 0.000 0.000 0.000 0.000 0.038 0.000 0.392 0.715 0.933 2.486 3.588 3.671 3.579 2.332 2.193 0.077 0.000 0.000 0.000 0.000 0.000 0.146 0.579 0.397 0.474 1.336 0.000 0.000 0.000 0.000 0.000 3.528 3.646 3.735 3.762 3.720 3.699 3.704 3.677 3.637 3.511 1.579 0.201 0.146 0.338 0.093 0.000 0.000 0.000 0.000 0.000 0.000 0.157 1.485 1.922 3.773 3.643 0.826 0.222 0.000 0.000 0.000 0.000 0.000 0.000 0.000 0.000 0.000
0.000 0.000 0.000 0.287 1.189 0.584 0.331 0.142 0.000 0.000 0.000 0.000 0.000 0.000 0.000 0.770 0.636 0.456 1.452 3.578 3.644 3.686 3.726 3.748 0.170 0.000 0.000 0.000 0.000 0.000 0.039 0.653 0.340 0.250 1.041 0.123 0.000 0.000 0.000 0.000 3.498 3.666 3.754 3.752 3.583 3.537 3.594 3.717 3.784 3.676 3.626 2.102 0.000 1.456 1.059 0.000 0.000 0.000 0.000 0.000 0.000 0.261 0.000 0.000 1.592 3.775 3.716 0.996 0.028 0.000 0.000 0.000 0.000 0.000 0.000 0.000 0.000
3.368 0.000 0.000 0.332 0.893 0.780 0.183 0.000 0.000 0.000 0.000 0.000 0.000 0.000 0.233 0.774 0.514 0.178 2.054 3.610 3.701 3.790 3.768 3.702 0.525 0.000 0.000 0.000 0.000 0.000 0.000 0.706 0.000 0.000 0.597 0.449 0.000 0.000 0.000 0.685 3.696 3.764 3.812 3.660 3.486 2.392 3.331 3.594 3.700 3.785 3.745 3.655 1.743 1.514 0.000 0.000 0.000 0.000 0.000 0.000 0.000 0.656 0.000 0.000 0.000 2.918 3.799 3.685 2.404 0.061 0.000 0.000 0.000 0.000 0.000 0.000 0.000
3.598 0.000 0.000 0.312 1.583 1.906 0.162 0.000 0.000 0.000 0.000 0.000 0.000 0.000 0.000 0.000 0.000 0.046 3.585 3.628 3.747 3.764 3.693 3.602 0.091 0.000 0.000 0.000 0.000 0.000 0.000 0.387 0.000 0.000 0.000 1.389 0.000 0.252 0.519 0.566 0.599 1.444 3.633 3.686 3.559 2.867 2.804 3.586 3.646 3.697 3.790 3.759 3.719 1.781 0.000 0.000 0.000 0.000 0.000 0.000 0.000 3.726 3.619 0.000 0.000 0.000 3.466 3.737 3.775 3.609 0.000 0.000 0.000 0.000 0.000 0.000 0.000
3.637 0.000 0.000 0.000 3.649 3.773 0.542 0.000 0.000 0.000 0.000 0.000 0.000 0.000 0.000 0.000 0.000 1.530 3.594 3.624 3.676 3.713 3.620 3.339 0.000 0.093 0.049 0.000 0.000 0.000 0.000 0.060 0.000 0.000 0.000 0.626 0.479 0.342 0.771 0.315 0.000 0.000 0.000 3.603 3.789 3.629 3.352 3.591 3.605 3.626 3.698 3.651 3.648 0.806 0.113 0.000 0.000 0.000 0.000 0.000 0.000 3.821 3.733 0.590 0.000 0.000 0.000 2.466 3.740 3.804 3.619 0.031 0.000 0.000 0.000 0.000 0.000
3.577 0.000 0.000 0.000 3.723 3.804 3.737 0.430 0.093 0.000 0.000 0.000 0.000 0.000 0.000 0.340 2.327 3.587 3.605 3.630 3.698 3.720 3.654 3.598 0.225 0.209 0.160 0.092 0.000 0.000 0.000 0.000 0.000 0.000 0.000 0.256 0.348 0.461 0.763 0.000 0.000 0.000 0.000 0.000 1.440 3.773 3.374 3.463 3.463 3.606 3.630 3.595 2.390 0.000 0.000 0.000 0.279 0.295 0.449 0.965 3.621 3.704 3.599 0.000 0.000 0.000 0.000 0.000 1.820 3.684 3.807 3.636 0.091 0.000 0.000 0.000 0.000
3.486 0.000 0.000 3.614 3.773 3.699 3.675 0.971 0.414 0.446 1.690 3.802 0.119 0.000 0.000 0.000 3.669 3.643 3.649 3.694 3.739 3.698 3.693 3.640 0.700 0.218 0.135 0.117 0.000 0.000 0.000 0.000 0.062 0.000 0.000 0.000 3.731 0.187 3.744 0.457 0.000 0.000 0.000 0.000 0.000 0.000 3.461 3.578 2.666 3.249 2.919 2.278 2.102 0.000 0.000 0.000 1.493 2.336 1.003 0.597 0.000 0.750 0.000 0.000 0.000 0.000 0.000 0.000 0.000 1.096 3.620 3.804 3.665 0.000 0.000 0.000 0.000
3.592 3.440 3.551 3.726 3.691 3.648 3.631 0.321 0.246 0.173 0.000 0.000 0.000 0.000 0.000 0.000 3.604 3.693 3.736 3.775 3.712 3.686 3.705 3.634 3.605 0.107 0.000 0.408 0.000 0.000 0.000 0.000 0.261 0.000 0.000 0.000 0.128 0.533 0.608 3.121 1.593 0.000 0.000 0.000 0.000 0.000 0.000 3.781 3.583 3.539 2.704 2.298 2.113 1.180 0.000 0.545 3.305 3.812 0.356 0.000 0.000 0.000 0.051 0.000 0.000 0.000 0.000 0.000 0.000 0.000 0.000 3.618 3.802 3.716 0.000 0.000 0.000
3.730 3.730 3.781 3.740 3.650 3.636 0.845 0.651 0.249 0.000 0.000 0.000 0.000 0.000 0.000 0.000 1.321 3.763 3.745 3.710 3.677 3.693 3.719 3.710 3.612 2.536 0.000 2.934 0.000 0.000 0.000 0.540 0.250 0.000 0.000 0.000 0.000 0.026 0.278 0.949 1.786 0.245 0.000 0.000 0.000 0.000 0.000 0.000 3.781 3.678 3.598 3.606 3.611 3.060 2.080 1.966 3.615 3.751 0.801 0.000 0.000 0.000 0.321 0.095 0.060 0.060 0.038 0.070 0.070 0.045 0.000 1.039 3.615 3.764 3.686 2.120 3.703
3.608 3.699 3.667 3.638 3.624 1.048 0.305 0.131 0.118 0.000 0.000 0.000 0.000 0.000 0.000 0.000 3.674 3.780 3.632 3.541 3.610 3.670 3.698 3.688 3.717 3.622 3.559 3.745 3.640 0.000 3.694 3.732 0.422 0.000 0.000 0.000 0.000 0.000 0.000 0.000 1.792 1.758 0.413 0.574 0.000 0.000 0.000 0.000 1.517 3.743 3.736 3.648 3.569 3.636 3.606 3.494 3.613 3.657 2.431 0.000 0.000 0.000 0.529 0.246 0.180 0.210 0.207 0.131 0.000 0.000 0.221 1.774 0.000 0.000 3.676 3.778 3.636
3.538 3.578 3.598 3.636 2.162 0.642 0.323 0.390 0.094 0.000 0.000 0.000 0.000 0.000 0.000 0.345 1.616 3.763 3.590 0.862 2.731 3.608 3.610 3.595 3.622 3.716 3.684 3.739 3.743 3.720 3.765 3.736 2.896 0.891 0.266 0.000 0.000 0.000 0.000 0.000 0.295 1.784 1.693 3.727 3.754 0.000 0.000 0.000 0.000 0.000 3.797 3.593 3.473 3.623 3.624 3.584 3.631 3.648 3.595 3.578 2.038 1.411 1.201 0.706 0.413 0.381 0.269 0.072 0.000 0.000 0.000 0.644 0.000 0.000 0.000 0.942 0.000
0.000 0.000 0.000 1.777 1.577 1.100 1.312 0.829 0.695 0.932 0.939 0.463 0.000 0.261 0.395 0.271 0.704 3.149 0.000 0.000 0.000 0.226 0.306 0.281 1.739 3.621 3.701 3.730 3.699 3.702 3.702 3.710 2.103 1.838 1.838 1.286 0.565 0.130 0.000 0.000 0.000 0.256 2.028 0.598 3.750 2.154 0.000 0.000 0.000 0.000 0.000 1.988 3.611 3.645 3.640 3.614 3.647 3.703 3.662 3.676 3.712 3.738 2.809 1.970 1.549 0.564 0.271 0.066 0.000 0.000 0.000 0.374 0.028 0.000 0.000 0.000 0.000
0.000 0.000 0.000 0.000 0.000 0.000 0.188 0.598 0.295 0.000 0.000 0.000 0.000 0.000 0.000 0.000 0.000 1.894 0.000 0.000 0.000 0.169 0.313 0.248 0.130 1.558 3.603 3.709 3.712 3.696 3.679 3.659 1.892 0.618 0.651 0.380 0.000 0.000 0.000 0.000 0.150 0.095 0.903 0.727 0.511 2.409 1.964 0.814 0.000 0.000 0.000 1.124 3.617 3.713 3.764 3.764 3.775 3.816 3.802 3.767 3.730 3.694 2.180 1.764 1.580 0.829 0.291 0.105 0.000 0.000 0.000 0.118 0.274 0.000 0.000 0.000 0.000
0.000 0.000 0.125 0.000 0.000 0.000 0.668 2.340 0.222 0.000 0.000 0.000 0.000 0.000 0.000 0.000 0.000 1.073 0.015 0.000 0.000 0.291 0.408 0.167 0.000 0.000 3.264 3.679 3.735 3.686 3.649 3.620 1.775 0.424 0.430 0.259 0.000 0.000 0.000 0.000 0.164 0.000 0.000 0.330 1.616 0.868 1.518 2.019 0.000 0.000 0.760 0.934 1.263 3.069 3.688 3.666 3.606 3.613 3.706 3.671 3.629 3.383 2.083 1.936 1.851 1.834 0.641 0.306 0.152 0.000 0.000 0.116 0.000 0.000 0.000 0.000 0.000
0.000 0.000 3.674 3.599 1.705 3.575 3.736 3.770 0.409 0.000 0.000 0.000 0.000 0.000 0.000 0.000 0.000 0.563 0.339 0.000 0.142 0.594 0.666 0.154 0.000 0.000 1.276 3.623 3.747 3.675 3.633 3.622 1.828 0.220 0.198 0.227 0.000 0.000 0.000 0.000 0.000 0.000 0.000 0.000 1.278 1.813 1.989 2.507 3.788 2.546 2.245 1.268 1.372 2.164 2.215 1.698 0.000 0.000 1.731 2.223 1.430 1.663 2.219 2.333 2.004 1.957 1.984 1.846 1.668 0.355 0.177 0.134 0.000 0.000 0.000 0.000 0.000
0.000 3.591 3.793 3.728 3.636 3.636 3.745 3.758 0.330 0.000 0.000 0.000 0.000 0.000 0.000 0.000 0.000 0.000 0.392 2.053 1.159 1.262 0.913 0.629 0.260 0.000 1.172 3.604 3.750 3.667 3.621 3.608 1.819 0.511 0.586 0.397 0.099 0.000 0.000 0.000 0.000 0.000 0.243 1.351 1.384 1.649 1.677 1.494 1.772 3.048 3.541 2.406 2.371 2.795 1.759 0.000 0.000 0.000 0.000 0.000 0.000 0.515 2.240 2.751 1.961 1.781 1.814 1.913 2.096 3.137 0.670 0.346 0.146 0.000 0.000 0.000 0.000
3.621 3.700 3.736 3.628 3.573 3.559 3.602 3.671 3.622 0.102 0.000 0.000 0.000 0.115 0.021 0.000 0.000 0.000 0.127 2.939 2.119 1.980 1.838 1.752 1.287 0.921 3.608 3.673 3.784 3.678 3.623 3.620 2.425 1.432 0.982 0.338 0.233 0.345 0.620 1.115 1.240 1.524 1.840 1.753 1.143 0.627 0.477 0.791 0.795 0.953 1.622 1.789 2.125 2.684 1.107 0.000 0.000 0.000 0.000 0.000 0.175 0.631 1.789 2.739 1.924 1.186 1.038 1.069 1.010 1.816 1.958 0.788 0.553 0.349 0.120 0.000 0.394
3.736 3.680 3.614 3.596 3.579 3.529 3.573 3.599 3.698 3.653 0.609 0.362 0.288 0.933 3.798 0.000 0.000 0.000 0.000 1.069 1.475 0.909 0.399 0.629 1.054 1.528 3.631 3.649 3.710 3.688 3.660 3.669 3.708 3.532 0.779 0.116 0.000 0.000 0.000 0.708 1.428 1.036 1.001 0.973 1.051 0.075 0.000 0.000 0.363 0.953 1.606 1.287 1.568 2.318 1.585 0.000 0.000 0.000 0.000 0.000 0.049 0.429 1.346 2.689 2.199 1.186 0.938 0.879 0.283 0.126 0.106 0.000 0.000 0.000 0.063 0.000 0.000
