Project1/res/jiangbei-0002.Vx
ncols         320
nrows         411
xllcorner     657487.000000
yllcorner     3548067.000000
cellsize      10.000000
NODATA_value  -9999.000000
[rows 204 to 237 of 411, columns 0 to 74 of 320]
0.000 0.000 0.000 0.000 0.000 0.000 0.000 0.000 0.000 0.000 0.000 0.000 0.000 0.000 0.000 0.000 0.000 0.000 0.000 0.000 0.000 0.000 0.000 0.000 0.000 0.000 0.000 0.000 0.000 0.000 0.026 0.021 0.038 0.041 0.047 0.035 0.026 0.024 0.022 0.025 0.034 0.036 0.070 -0.004 -0.030 -0.024 -0.014 -0.006 -0.006 -0.012 0.019 0.039 0.007 -0.000 -0.004 0.000 0.000 0.023 0.010 0.009 0.014 0.017 0.023 0.026 0.023 0.015 0.003 0.000 0.000 0.000 0.000 -0.022 0.000 0.000 0.028
0.000 0.000 0.000 0.000 0.000 0.000 0.000 0.000 0.000 0.000 0.000 0.000 0.000 0.000 0.000 0.000 0.000 0.000 0.000 0.000 0.000 0.000 0.000 0.000 0.000 0.000 0.000 0.000 0.000 0.039 0.024 0.014 0.024 0.036 0.040 0.051 0.031 0.024 0.031 0.036 0.047 0.032 0.023 -0.029 -0.026 -0.019 -0.011 -0.009 0.004 0.014 0.018 0.025 0.020 -0.000 -0.003 -0.007 0.025 0.026 0.008 0.012 0.017 0.023 0.029 0.025 -0.019 -0.018 0.014 -0.007 -0.038 -0.020 0.009 -0.038 0.000 0.000 0.030
0.000 0.000 0.000 0.000 0.000 0.000 0.000 0.000 0.000 0.000 0.000 0.000 0.000 0.000 0.000 0.000 0.000 0.000 0.000 0.000 0.000 0.000 0.000 0.000 0.000 0.000 0.000 0.000 0.000 0.000 0.025 0.000 0.012 0.016 0.024 0.029 0.041 0.040 0.051 0.044 0.052 0.028 -0.026 -0.028 -0.021 -0.015 -0.013 0.000 0.011 0.000 0.022 0.017 0.018 0.015 -0.015 0.013 0.028 0.024 0.009 0.015 0.024 0.030 0.026 0.034 -0.028 -0.024 0.013 0.007 -0.028 0.000 0.000 0.005 -0.004 -0.007 -0.011
0.000 0.000 0.000 0.000 0.000 0.000 0.000 0.000 0.000 0.000 0.000 0.000 0.000 0.000 0.000 0.000 0.000 0.000 0.000 0.000 0.000 0.000 0.000 0.000 0.000 0.000 0.000 0.000 0.000 0.000 0.034 0.022 -0.015 0.002 0.017 0.026 0.041 0.037 0.077 0.106 0.061 0.048 -0.031 -0.026 -0.016 -0.012 -0.011 0.000 0.000 0.026 0.029 -0.010 0.000 0.000 -0.007 0.016 0.026 0.025 0.023 0.031 0.034 0.032 0.036 -0.027 -0.034 -0.032 -0.010 0.015 0.000 0.000 0.000 0.017 0.008 -0.039 0.000
0.000 0.000 0.000 0.000 0.000 0.000 0.000 0.000 0.000 0.000 0.000 0.000 0.000 0.000 0.000 0.000 0.000 0.000 0.000 0.000 0.000 0.000 0.000 0.000 0.000 0.000 0.000 0.000 0.000 0.035 0.000 -0.027 -0.022 -0.010 0.015 0.025 0.027 0.023 0.039 0.045 0.064 -0.022 -0.025 -0.020 -0.010 0.005 0.018 0.022 0.000 0.000 0.024 0.002 -0.013 -0.012 -0.011 -0.005 0.025 0.025 0.031 0.037 0.038 0.047 -0.022 -0.031 -0.018 -0.027 0.000 0.000 0.006 -0.005 0.016 0.020 -0.016 0.000 0.000
0.000 0.000 0.000 0.000 0.000 0.000 0.000 0.000 0.000 0.000 0.000 0.000 0.000 0.000 0.000 0.000 0.000 0.000 0.000 0.000 0.000 0.000 0.000 0.000 0.000 0.000 0.000 0.000 0.000 0.000 0.019 -0.031 -0.022 -0.014 0.014 0.024 0.030 0.034 0.051 0.074 -0.009 -0.017 -0.015 -0.013 0.000 0.000 0.025 0.043 0.035 0.003 0.005 0.004 0.035 0.044 -0.015 0.000 0.000 0.030 0.034 0.000 0.127 -0.019 -0.028 0.000 0.000 0.014 0.000 0.000 0.014 0.000 0.000 0.021 -0.025 0.000 0.000
0.000 0.000 0.000 0.000 0.000 0.000 0.000 0.000 0.000 0.000 0.000 0.000 0.000 0.000 0.000 0.000 0.000 0.000 0.000 0.000 0.000 0.000 0.000 0.000 0.000 0.000 0.000 0.000 0.000 0.036 -0.001 -0.031 -0.025 -0.017 0.011 0.023 0.030 0.029 0.032 0.043 -0.007 -0.016 -0.016 0.000 0.000 0.009 0.014 0.025 0.021 0.001 0.002 0.003 0.010 0.019 0.054 0.000 0.000 0.030 0.028 0.112 -0.019 -0.025 0.000 -0.022 0.006 0.018 0.017 0.025 -0.015 -0.010 0.025 0.009 -0.020 0.000 0.000
0.000 0.000 0.000 0.000 0.000 0.000 0.000 0.000 0.000 0.000 0.000 0.000 0.000 0.000 0.000 0.000 0.000 0.000 0.000 0.000 0.000 0.000 0.000 0.000 0.000 0.000 0.000 0.000 0.000 0.000 -0.001 -0.031 -0.027 0.000 0.000 0.020 0.025 -0.003 0.023 0.032 0.036 0.017 -0.018 -0.016 0.007 0.015 0.000 0.000 0.000 0.009 0.002 0.003 -0.012 0.015 0.041 0.068 0.073 0.048 0.071 -0.019 -0.024 0.000 -0.019 -0.011 0.006 0.019 0.000 0.024 0.005 0.034 0.083 0.023 0.036 -0.034 0.018
0.000 0.000 0.000 0.000 0.000 0.000 0.000 0.000 0.000 0.000 0.000 0.000 0.000 0.000 0.000 0.000 0.000 0.000 0.000 0.000 0.000 0.000 0.000 0.000 0.000 0.000 0.000 0.000 0.000 0.000 -0.000 -0.023 -0.022 -0.019 -0.010 0.018 0.019 -0.003 0.026 0.037 0.030 0.024 0.003 0.001 -0.014 0.012 -0.017 -0.017 0.016 0.015 0.017 0.012 0.000 0.000 0.000 0.091 0.047 0.018 0.033 -0.025 0.000 -0.023 -0.016 0.000 0.019 0.023 0.024 0.023 0.001 -0.012 0.011 0.022 0.014 0.005 0.006
0.000 0.000 0.000 0.000 0.000 0.000 0.000 0.000 0.000 0.000 0.000 0.000 0.000 0.000 0.000 0.000 0.000 0.000 0.000 0.000 0.000 0.000 0.000 0.000 0.000 0.000 0.000 0.000 0.000 0.000 -0.030 -0.024 -0.022 -0.020 0.000 0.000 0.015 0.011 0.030 0.040 0.031 0.004 0.001 0.000 -0.000 -0.001 -0.019 -0.020 0.009 0.000 0.019 0.024 0.019 0.024 0.033 0.054 0.038 0.020 -0.016 -0.043 -0.033 0.000 0.000 0.017 0.021 0.027 0.029 0.017 -0.013 0.000 0.000 0.000 0.000 0.004 0.003
0.000 0.000 0.000 0.000 0.000 0.000 0.000 0.000 0.000 0.000 0.000 0.000 0.000 0.000 0.000 0.000 0.000 0.000 0.000 0.000 0.000 0.000 0.000 0.000 0.000 0.000 0.000 0.000 0.000 0.035 0.049 -0.022 -0.025 -0.025 0.000 0.000 0.010 0.010 0.028 0.000 0.036 0.001 0.000 0.000 -0.000 -0.000 -0.023 -0.019 0.006 0.018 0.021 0.023 0.039 0.039 0.037 0.024 -0.020 -0.024 -0.020 -0.027 -0.034 -0.021 0.004 0.016 0.021 0.027 0.028 -0.010 -0.015 -0.012 0.000 0.000 0.013 0.003 0.003
0.000 0.000 0.000 0.000 0.000 0.000 0.000 0.000 0.000 0.000 0.000 0.000 0.000 0.000 0.000 0.000 0.000 0.000 0.000 0.000 0.000 0.000 0.000 0.000 0.000 0.000 0.000 0.000 0.000 0.029 0.027 0.113 -0.028 -0.037 0.000 0.000 0.008 0.017 0.032 0.042 0.039 0.001 0.000 0.000 -0.000 -0.000 -0.018 -0.014 0.009 0.023 0.026 0.022 0.034 0.040 0.023 0.018 -0.024 -0.033 0.000 0.000 0.014 0.009 0.013 0.020 0.024 0.026 0.023 -0.011 -0.007 0.012 0.023 0.015 0.010 0.004 0.003
0.000 0.000 0.000 0.000 0.000 0.000 0.000 0.000 0.000 0.000 0.000 0.000 0.000 0.000 0.000 0.000 0.000 0.000 0.000 0.000 0.000 0.000 0.000 0.000 0.000 0.000 0.000 0.000 0.000 0.027 0.000 0.065 0.005 -0.043 -0.033 -0.012 -0.008 0.017 0.039 0.052 0.043 0.001 0.000 0.000 0.000 -0.006 -0.018 0.012 0.017 0.025 0.033 0.026 0.027 0.028 0.015 -0.016 -0.028 -0.029 -0.028 0.011 0.020 0.016 0.020 0.024 0.028 0.027 0.016 -0.004 0.011 0.022 0.016 0.019 0.009 0.006 0.005
0.000 0.000 0.000 0.000 0.000 0.000 0.000 0.000 0.000 0.000 0.000 0.000 0.000 0.000 0.000 0.000 0.000 0.000 0.000 0.000 0.000 0.000 0.000 0.000 0.000 0.000 0.000 0.000 0.000 0.028 0.034 0.042 0.001 -0.038 -0.041 -0.024 -0.020 -0.010 0.021 0.000 0.031 0.000 0.000 0.000 0.000 -0.015 -0.009 0.021 0.023 0.028 0.035 0.027 0.012 0.012 -0.018 -0.025 -0.024 -0.016 -0.015 0.009 0.016 0.016 0.020 0.025 0.028 0.026 0.017 0.015 0.030 0.023 0.028 0.013 0.010 0.010 0.014
0.000 0.000 0.000 0.000 0.000 0.000 0.000 0.000 0.000 0.000 0.000 0.000 0.000 0.000 0.000 0.000 0.000 0.000 0.000 0.000 0.000 0.000 0.000 0.000 0.000 0.000 0.000 0.000 0.000 0.000 0.037 0.027 0.001 -0.033 -0.067 -0.048 -0.025 0.000 0.000 0.032 0.036 0.010 -0.009 -0.017 0.013 0.000 0.016 0.000 0.024 0.027 0.000 -0.009 -0.005 -0.021 -0.021 -0.016 -0.016 -0.011 0.010 0.014 0.015 0.016 0.022 0.026 0.029 0.027 0.014 0.026 0.032 0.030 0.013 0.011 0.011 0.020 0.037
0.000 0.000 0.000 0.000 0.000 0.000 0.000 0.000 0.000 0.000 0.000 0.000 0.000 0.000 0.000 0.000 0.000 0.000 0.000 0.000 0.000 0.000 0.000 0.000 0.000 0.000 0.000 0.000 0.000 0.035 0.049 0.027 0.002 0.028 -0.041 0.000 0.000 0.015 0.021 0.020 0.030 0.025 -0.010 -0.011 0.015 0.000 0.021 0.021 0.029 0.028 0.015 -0.011 -0.020 0.000 -0.015 -0.005 -0.014 -0.010 0.008 0.014 0.014 0.018 0.024 0.028 0.032 0.030 0.014 0.025 0.051 0.010 0.007 0.010 0.030 0.073 0.084
0.000 0.000 0.000 0.000 0.000 0.000 0.000 0.000 0.000 0.000 0.000 0.000 0.000 0.000 0.000 0.000 0.000 0.000 0.000 0.000 0.000 0.000 0.000 0.000 0.000 0.000 0.000 0.000 0.000 0.031 0.035 0.015 0.003 0.058 0.000 -0.026 0.000 0.018 0.012 0.000 0.000 0.026 0.021 0.022 0.021 0.014 0.019 0.021 0.030 0.044 0.073 -0.020 0.000 0.000 0.011 -0.012 -0.020 -0.012 0.005 0.011 0.012 0.016 0.022 0.028 0.033 0.020 0.032 0.039 0.026 0.008 0.006 0.008 -0.015 0.000 0.000
0.000 0.000 0.000 0.000 0.000 0.000 0.000 0.000 0.000 0.000 0.000 0.000 0.000 0.000 0.000 0.000 0.000 0.000 0.000 0.000 0.000 0.000 0.000 0.000 0.000 0.000 0.000 0.000 0.000 0.028 0.000 0.003 0.002 0.007 -0.029 -0.025 -0.035 -0.016 0.002 -0.013 0.018 0.026 0.000 0.039 0.006 -0.018 -0.007 0.019 0.096 0.032 0.139 -0.022 -0.013 0.013 -0.031 -0.049 -0.018 -0.014 0.002 0.010 0.010 0.012 0.020 0.028 0.027 0.028 0.017 0.015 0.011 0.006 0.007 0.033 0.000 0.000 0.011
0.000 0.000 0.000 0.000 0.000 0.000 0.000 0.000 0.000 0.000 0.000 0.000 0.000 0.000 0.000 0.000 0.000 0.000 0.000 0.000 0.000 0.000 0.000 0.000 0.000 0.000 0.000 0.000 0.000 0.027 0.041 0.003 0.001 0.004 -0.050 -0.019 -0.044 -0.024 -0.006 0.000 0.000 0.026 0.031 0.032 0.004 0.010 0.019 0.032 0.101 0.072 -0.020 -0.187 -0.143 -0.150 -0.119 -0.091 -0.071 -0.026 -0.007 0.013 0.028 0.020 0.021 0.030 0.018 0.018 0.011 0.009 0.008 0.007 0.014 0.000 0.000 0.059 -0.024
0.000 0.000 0.000 0.000 0.000 0.000 0.000 0.000 0.000 0.000 0.000 0.000 0.000 0.000 0.000 0.000 0.000 0.000 0.000 0.000 0.000 0.000 0.000 0.000 0.000 0.000 0.000 0.000 0.000 0.031 0.040 0.032 -0.025 0.000 0.000 0.000 0.000 -0.005 -0.018 0.000 0.000 0.028 0.028 0.024 0.005 0.004 0.006 0.015 -0.019 0.006 0.000 -0.028 -0.099 -0.069 -0.059 -0.063 -0.046 -0.032 -0.006 0.010 0.023 0.038 0.039 0.034 0.024 0.011 0.008 0.007 0.009 0.015 0.017 0.002 0.012 0.186 -0.084
0.000 0.000 0.000 0.000 0.000 0.000 0.000 0.000 0.000 0.000 0.000 0.000 0.000 0.000 0.000 0.000 0.000 0.000 0.000 0.000 0.000 0.000 0.000 0.000 0.000 0.000 0.000 0.000 0.000 0.000 0.033 -0.030 -0.043 0.000 0.000 0.045 0.000 -0.022 -0.021 0.024 0.032 0.030 0.021 0.025 0.006 0.004 0.006 0.025 -0.016 0.006 0.015 -0.006 -0.020 -0.014 0.013 0.006 -0.009 -0.022 -0.013 -0.009 0.011 0.018 0.027 0.022 0.012 0.008 0.007 0.006 0.010 0.025 0.036 0.056 0.056 0.041 -0.002
0.000 0.000 0.000 0.000 0.000 0.000 0.000 0.000 0.000 0.000 0.000 0.000 0.000 0.000 0.000 0.000 0.000 0.000 0.000 0.000 0.000 0.000 0.000 0.000 0.000 0.000 0.000 0.000 0.000 0.000 0.000 -0.036 0.000 -0.026 0.029 0.000 0.000 0.030 0.027 0.040 0.037 0.013 0.014 0.006 0.004 0.005 0.014 0.000 0.000 0.016 0.018 -0.023 0.000 0.000 0.021 0.012 -0.006 -0.023 -0.031 -0.011 -0.009 0.012 0.017 0.017 -0.015 0.004 0.007 0.007 0.010 0.014 0.015 0.016 0.021 0.008 0.003
0.000 0.000 0.000 0.000 0.000 0.000 0.000 0.000 0.000 0.000 0.000 0.000 0.000 0.000 0.000 0.000 0.000 0.000 0.000 0.000 0.000 0.000 0.000 0.000 0.000 0.000 0.000 0.000 0.000 0.000 -0.026 0.000 -0.032 0.000 0.000 0.000 0.034 0.028 0.047 0.039 0.008 0.006 0.004 0.003 0.005 0.014 -0.025 -0.025 0.010 0.018 -0.019 -0.019 0.013 0.019 0.030 -0.000 -0.008 -0.035 -0.065 -0.016 -0.014 -0.006 0.014 0.017 0.021 -0.001 0.009 0.010 0.012 0.012 0.010 0.015 0.017 0.020 0.004
0.000 0.000 0.000 0.000 0.000 0.000 0.000 0.000 0.000 0.000 0.000 0.000 0.000 0.000 0.000 0.000 0.000 0.000 0.000 0.000 0.000 0.000 0.000 0.000 0.000 0.000 0.000 0.000 0.000 0.035 -0.008 -0.036 -0.030 0.009 0.030 0.043 0.035 0.031 0.040 0.011 0.002 0.002 0.002 0.003 0.009 -0.012 -0.034 -0.029 -0.018 -0.004 0.000 0.000 0.021 0.035 0.043 0.003 -0.009 -0.038 -0.055 -0.027 -0.009 -0.009 0.004 0.013 0.032 0.058 0.021 0.017 0.018 0.013 0.014 0.028 0.026 0.011 -0.020
0.000 0.000 0.000 0.000 0.000 0.000 0.000 0.000 0.000 0.000 0.000 0.000 0.000 0.000 0.000 0.000 0.000 0.000 0.000 0.000 0.000 0.000 0.000 0.000 0.000 0.000 0.000 0.000 0.000 0.032 -0.013 -0.040 0.000 0.000 0.034 0.038 0.038 0.032 0.046 0.010 0.001 -0.000 0.000 0.003 0.010 -0.030 -0.032 -0.030 -0.021 -0.009 0.004 0.014 0.023 0.027 0.030 0.026 -0.012 -0.006 0.011 -0.006 0.006 0.048 0.082 0.103 0.162 0.127 0.041 0.028 0.026 0.016 0.030 0.020 -0.022 0.000 0.000
0.000 0.000 0.000 0.000 0.000 0.000 0.000 0.000 0.000 0.000 0.000 0.000 0.000 0.000 0.000 0.000 0.000 0.000 0.000 0.000 0.000 0.000 0.000 0.000 0.000 0.000 0.000 0.000 0.000 0.000 -0.016 -0.027 -0.019 0.027 0.000 0.039 0.049 0.040 0.037 0.028 -0.000 -0.007 -0.012 0.010 -0.040 -0.032 -0.026 -0.026 -0.022 -0.008 0.007 0.014 0.016 0.017 0.019 0.020 0.011 0.013 0.020 -0.016 0.010 0.037 0.084 0.145 0.193 0.166 0.083 0.046 0.047 0.043 -0.018 -0.025 -0.020 0.014 0.014
0.000 0.000 0.000 0.000 0.000 0.000 0.000 0.000 0.000 0.000 0.000 0.000 0.000 0.000 0.000 0.000 0.000 0.000 0.000 0.000 0.000 0.000 0.000 0.000 0.000 0.000 0.000 0.000 0.000 0.032 -0.016 0.000 0.000 0.025 -0.000 0.000 0.016 0.000 0.025 -0.007 -0.008 0.019 0.038 -0.021 -0.050 -0.046 -0.025 -0.021 -0.018 -0.003 0.009 0.014 0.014 0.008 0.010 0.017 0.015 0.014 0.018 0.059 0.042 0.077 0.080 0.062 0.055 0.043 0.031 0.050 -0.015 -0.031 0.000 0.000 0.000 0.028 -0.004
0.000 0.000 0.000 0.000 0.000 0.000 0.000 0.000 0.000 0.000 0.000 0.000 0.000 0.000 0.000 0.000 0.000 0.000 0.000 0.000 0.000 0.000 0.000 0.000 0.000 0.000 0.000 0.000 0.000 0.034 0.004 0.003 0.002 0.001 -0.009 0.000 0.000 0.000 0.030 0.000 0.000 0.025 0.034 -0.028 -0.032 -0.032 -0.030 -0.024 -0.017 -0.005 0.009 0.016 0.017 0.012 0.013 0.018 0.021 0.029 0.036 0.003 -0.012 0.004 -0.015 -0.018 -0.003 -0.002 0.008 0.028 -0.019 0.000 0.000 -0.018 0.046 0.031 -0.005
0.000 0.000 0.000 0.000 0.000 0.000 0.000 0.000 0.000 0.000 0.000 0.000 0.000 0.000 0.000 0.000 0.000 0.000 0.000 0.000 0.000 0.000 0.000 0.000 0.000 0.000 0.000 0.000 0.000 0.000 0.001 0.001 0.000 0.000 0.001 -0.041 0.000 0.000 0.025 -0.011 0.022 0.026 0.014 -0.033 -0.023 -0.018 -0.011 -0.011 -0.022 -0.014 -0.009 0.015 0.017 0.014 0.016 0.022 0.030 0.032 0.025 -0.018 -0.021 -0.029 -0.027 -0.010 -0.010 -0.000 0.010 -0.010 -0.017 -0.021 -0.010 -0.016 0.021 0.022 -0.011
0.000 0.000 0.000 0.000 0.000 0.000 0.000 0.000 0.000 0.000 0.000 0.000 0.000 0.000 0.000 0.000 0.000 0.000 0.000 0.000 0.000 0.000 0.000 0.000 0.000 0.000 0.000 0.000 0.000 0.028 0.000 0.000 0.000 0.001 0.001 -0.023 0.000 0.000 0.000 0.000 0.031 0.030 -0.009 -0.020 -0.016 -0.013 -0.011 -0.015 0.002 0.001 0.014 0.027 0.018 -0.009 -0.009 0.013 0.017 0.021 0.026 0.002 -0.017 -0.024 -0.019 -0.005 -0.016 -0.008 0.007 -0.021 -0.034 -0.026 -0.015 -0.017 -0.043 -0.056 -0.037
0.000 0.000 0.000 0.000 0.000 0.000 0.000 0.000 0.000 0.000 0.000 0.000 0.000 0.000 0.000 0.000 0.000 0.000 0.000 0.000 0.000 0.000 0.000 0.000 0.000 0.000 0.000 0.000 0.000 0.031 0.001 0.001 0.001 0.002 0.003 0.007 -0.025 -0.033 0.000 0.000 0.035 0.032 -0.024 -0.012 -0.010 -0.008 -0.006 -0.017 0.000 0.000 0.015 0.020 0.001 0.002 -0.009 -0.003 0.011 0.015 0.032 0.044 0.036 0.014 0.005 0.000 -0.005 -0.033 -0.010 -0.010 -0.011 -0.011 -0.012 -0.016 -0.037 -0.057 -0.045
0.000 0.000 0.000 0.000 0.000 0.000 0.000 0.000 0.000 0.000 0.000 0.000 0.000 0.000 0.000 0.000 0.000 0.000 0.000 0.000 0.000 0.000 0.000 0.000 0.000 0.000 0.000 0.000 0.000 0.000 0.000 0.000 0.001 -0.018 0.000 0.000 0.038 -0.033 0.000 0.000 0.000 0.000 0.017 -0.002 -0.003 -0.003 -0.005 -0.024 -0.013 0.018 0.016 0.001 0.001 0.002 0.005 -0.006 0.008 0.011 0.036 0.061 0.094 0.082 0.025 0.004 -0.018 -0.022 -0.016 -0.005 -0.006 -0.011 -0.021 -0.027 -0.024 -0.011 0.006
0.000 0.000 0.000 0.000 0.000 0.000 0.000 0.000 0.000 0.000 0.000 0.000 0.000 0.000 0.000 0.000 0.000 0.000 0.000 0.000 0.000 0.000 0.000 0.000 0.000 0.000 0.000 0.000 0.000 0.033 0.000 0.000 -0.013 -0.020 0.000 0.000 0.017 -0.027 0.000 0.000 0.000 0.043 0.000 0.000 -0.000 -0.000 0.000 -0.020 -0.004 0.019 0.003 0.001 0.001 0.003 0.012 0.022 0.029 0.043 0.071 0.073 0.062 0.049 0.045 0.005 -0.016 -0.008 0.010 -0.004 -0.003 -0.011 0.000 0.000 0.007 -0.006 0.010
0.000 0.000 0.000 0.000 0.000 0.000 0.000 0.000 0.000 0.000 0.000 0.000 0.000 0.000 0.000 0.000 0.000 0.000 0.000 0.000 0.000 0.000 0.000 0.000 0.000 0.000 0.000 0.000 0.000 0.000 0.013 -0.013 0.000 -0.008 0.000 0.000 0.018 -0.008 -0.021 0.000 0.000 0.025 0.007 0.002 0.001 0.001 -0.004 -0.019 0.013 0.020 0.004 0.002 0.003 0.007 0.020 0.034 0.038 0.031 0.021 0.027 0.066 -0.013 0.017 0.001 -0.025 -0.019 0.023 -0.014 -0.005 0.000 0.000 0.000 0.018 0.009 0.010
