Project1/res/jiangbei-0001.wd
ncols         319
nrows         411
xllcorner     657492.000000
yllcorner     3548067.000000
cellsize      10.000000
NODATA_value  -9999.000000
[rows 340 to 373 of 411, columns 0 to 76 of 319]
0.000 0.000 0.000 0.000 0.000 0.000 0.000 0.000 0.000 0.000 0.000 0.000 0.000 0.000 0.000 0.000 0.000 0.000 0.000 0.000 0.000 0.000 0.000 0.000 0.000 0.000 0.000 0.000 0.000 0.000 0.000 0.000 0.000 0.002 0.002 0.003 0.003 0.004 0.007 0.026 0.001 0.001 0.001 0.002 0.004 0.002 0.002 0.003 0.004 0.121 0.252 0.002 0.001 0.001 0.002 0.005 0.038 0.018 0.002 0.002 0.025 0.289 0.045 0.030 0.037 0.182 0.186 0.029 0.002 0.002 0.065 0.174 0.157 0.003 0.001 0.003 0.006
0.000 0.000 0.000 0.000 0.000 0.000 0.000 0.000 0.000 0.000 0.000 0.000 0.000 0.000 0.000 0.000 0.000 0.000 0.000 0.000 0.000 0.000 0.000 0.000 0.000 0.000 0.000 0.000 0.000 0.000 0.000 0.000 0.000 0.002 0.002 0.003 0.003 0.004 0.006 0.108 0.002 0.001 0.002 0.003 0.005 0.004 0.006 0.024 0.077 0.216 0.224 0.003 0.001 0.001 0.001 0.002 0.009 0.007 0.002 0.002 0.004 0.244 0.008 0.003 0.002 0.040 0.108 0.011 0.001 0.023 0.012 0.002 0.040 0.002 0.001 0.003 0.005
0.000 0.000 0.000 0.000 0.000 0.000 0.000 0.000 0.000 0.000 0.000 0.000 0.000 0.000 0.000 0.000 0.000 0.000 0.000 0.000 0.000 0.000 0.000 0.000 0.000 0.000 0.000 0.000 0.000 0.000 0.000 0.000 0.000 0.002 0.002 0.002 0.003 0.003 0.006 0.227 0.218 0.115 0.021 0.006 0.056 0.142 0.215 0.222 0.257 0.319 0.287 0.025 0.002 0.001 0.002 0.003 0.008 0.004 0.002 0.002 0.004 0.186 0.003 0.002 0.001 0.005 0.062 0.010 0.004 0.018 0.003 0.001 0.042 0.002 0.002 0.003 0.002
0.000 0.000 0.000 0.000 0.000 0.000 0.000 0.000 0.000 0.000 0.000 0.000 0.000 0.000 0.000 0.000 0.000 0.000 0.000 0.000 0.000 0.000 0.000 0.000 0.000 0.000 0.000 0.000 0.000 0.000 0.000 0.000 0.000 0.002 0.002 0.002 0.002 0.003 0.004 0.159 0.436 0.158 0.002 0.003 0.038 0.210 0.307 0.371 0.390 0.427 0.369 0.142 0.004 0.002 0.002 0.014 0.004 0.003 0.002 0.002 0.003 0.008 0.003 0.002 0.001 0.038 0.131 0.013 0.005 0.007 0.003 0.043 0.138 0.008 0.003 0.005 0.002
0.000 0.000 0.000 0.000 0.000 0.000 0.000 0.000 0.000 0.000 0.000 0.000 0.000 0.000 0.000 0.000 0.000 0.000 0.000 0.000 0.000 0.000 0.000 0.000 0.000 0.000 0.000 0.000 0.000 0.000 0.000 0.000 0.000 0.000 0.001 0.001 0.002 0.003 0.003 0.006 0.101 0.002 0.001 0.002 0.003 0.071 0.259 0.314 0.352 0.444 0.408 0.104 0.002 0.002 0.006 0.148 0.005 0.002 0.002 0.002 0.003 0.004 0.003 0.002 0.003 0.106 0.172 0.013 0.004 0.003 0.002 0.002 0.037 0.004 0.002 0.046 0.009
0.000 0.000 0.000 0.000 0.000 0.000 0.000 0.000 0.000 0.000 0.000 0.000 0.000 0.000 0.000 0.000 0.000 0.000 0.000 0.000 0.000 0.000 0.000 0.000 0.000 0.000 0.000 0.000 0.000 0.000 0.000 0.000 0.000 0.000 0.002 0.002 0.003 0.003 0.003 0.004 0.004 0.001 0.001 0.001 0.002 0.002 0.163 0.132 0.093 0.315 0.379 0.061 0.001 0.002 0.099 0.283 0.166 0.003 0.002 0.002 0.003 0.003 0.002 0.002 0.010 0.131 0.124 0.008 0.004 0.003 0.002 0.020 0.040 0.006 0.012 0.053 0.004
0.000 0.000 0.000 0.000 0.000 0.000 0.000 0.000 0.000 0.000 0.000 0.000 0.000 0.000 0.000 0.000 0.000 0.000 0.000 0.000 0.000 0.000 0.000 0.000 0.000 0.000 0.000 0.000 0.000 0.000 0.000 0.000 0.000 0.000 0.003 0.003 0.003 0.003 0.004 0.009 0.009 0.001 0.001 0.001 0.001 0.002 0.306 0.100 0.001 0.016 0.220 0.101 0.003 0.002 0.111 0.239 0.209 0.021 0.002 0.001 0.002 0.007 0.015 0.015 0.017 0.028 0.034 0.013 0.081 0.015 0.002 0.096 0.229 0.059 0.015 0.005 0.003
0.000 0.000 0.000 0.000 0.000 0.000 0.000 0.000 0.000 0.000 0.000 0.000 0.000 0.000 0.000 0.000 0.000 0.000 0.000 0.000 0.000 0.000 0.000 0.000 0.000 0.000 0.000 0.000 0.000 0.000 0.000 0.000 0.000 0.000 0.002 0.002 0.002 0.003 0.004 0.007 0.030 0.003 0.002 0.001 0.001 0.004 0.220 0.018 0.001 0.002 0.003 0.081 0.126 0.019 0.080 0.073 0.046 0.087 0.015 0.003 0.002 0.004 0.122 0.207 0.090 0.006 0.005 0.009 0.135 0.037 0.002 0.124 0.319 0.058 0.004 0.004 0.004
0.000 0.000 0.000 0.000 0.000 0.000 0.000 0.000 0.000 0.000 0.000 0.000 0.000 0.000 0.000 0.000 0.000 0.000 0.000 0.000 0.000 0.000 0.000 0.000 0.000 0.000 0.000 0.000 0.000 0.000 0.000 0.000 0.000 0.000 0.002 0.002 0.003 0.003 0.003 0.004 0.038 0.245 0.003 0.002 0.001 0.003 0.005 0.002 0.001 0.002 0.002 0.003 0.087 0.073 0.037 0.003 0.002 0.006 0.025 0.003 0.001 0.002 0.005 0.189 0.184 0.003 0.002 0.003 0.018 0.004 0.002 0.066 0.252 0.004 0.003 0.003 0.004
0.000 0.000 0.000 0.000 0.000 0.000 0.000 0.000 0.000 0.000 0.000 0.000 0.000 0.000 0.000 0.000 0.000 0.000 0.000 0.000 0.000 0.000 0.000 0.000 0.000 0.000 0.000 0.000 0.000 0.000 0.000 0.000 0.000 0.000 0.002 0.002 0.003 0.003 0.003 0.004 0.007 0.167 0.040 0.003 0.002 0.002 0.001 0.001 0.002 0.002 0.003 0.004 0.079 0.146 0.125 0.006 0.003 0.003 0.006 0.003 0.001 0.002 0.003 0.004 0.067 0.006 0.002 0.002 0.004 0.002 0.002 0.003 0.006 0.002 0.002 0.003 0.004
0.000 0.000 0.000 0.000 0.000 0.000 0.000 0.000 0.000 0.000 0.000 0.000 0.000 0.000 0.000 0.000 0.000 0.000 0.000 0.000 0.000 0.000 0.000 0.000 0.000 0.000 0.000 0.000 0.000 0.000 0.000 0.000 0.000 0.000 0.000 0.002 0.002 0.002 0.003 0.004 0.006 0.056 0.128 0.046 0.005 0.003 0.002 0.002 0.003 0.004 0.048 0.160 0.137 0.153 0.005 0.003 0.002 0.003 0.003 0.003 0.002 0.002 0.003 0.003 0.005 0.003 0.002 0.002 0.001 0.001 0.002 0.002 0.002 0.002 0.002 0.005 0.006
0.000 0.000 0.000 0.000 0.000 0.000 0.000 0.000 0.000 0.000 0.000 0.000 0.000 0.000 0.000 0.000 0.000 0.000 0.000 0.000 0.000 0.000 0.000 0.000 0.000 0.000 0.000 0.000 0.000 0.000 0.000 0.000 0.000 0.000 0.000 0.002 0.002 0.002 0.003 0.004 0.005 0.020 0.175 0.103 0.009 0.005 0.003 0.006 0.010 0.041 0.123 0.084 0.004 0.002 0.002 0.002 0.002 0.002 0.002 0.003 0.004 0.003 0.003 0.001 0.001 0.001 0.001 0.002 0.002 0.002 0.003 0.002 0.003 0.003 0.005 0.006 0.005
0.000 0.000 0.000 0.000 0.000 0.000 0.000 0.000 0.000 0.000 0.000 0.000 0.000 0.000 0.000 0.000 0.000 0.000 0.000 0.000 0.000 0.000 0.000 0.000 0.000 0.000 0.000 0.000 0.000 0.000 0.000 0.000 0.000 0.000 0.000 0.002 0.003 0.004 0.004 0.004 0.005 0.010 0.152 0.005 0.002 0.002 0.002 0.002 0.004 0.006 0.006 0.004 0.003 0.001 0.001 0.001 0.001 0.002 0.002 0.009 0.007 0.002 0.002 0.002 0.002 0.003 0.003 0.003 0.004 0.021 0.011 0.006 0.005 0.006 0.010 0.007 0.006
0.000 0.000 0.000 0.000 0.000 0.000 0.000 0.000 0.000 0.000 0.000 0.000 0.000 0.000 0.000 0.000 0.000 0.000 0.000 0.000 0.000 0.000 0.000 0.000 0.000 0.000 0.000 0.000 0.000 0.000 0.000 0.000 0.000 0.000 0.000 0.002 0.002 0.002 0.003 0.003 0.004 0.007 0.105 0.002 0.001 0.001 0.001 0.002 0.002 0.003 0.002 0.003 0.004 0.005 0.002 0.002 0.002 0.002 0.003 0.014 0.003 0.001 0.002 0.004 0.262 0.287 0.158 0.199 0.024 0.017 0.002 0.002 0.005 0.005 0.007 0.011 0.006
0.000 0.000 0.000 0.000 0.000 0.000 0.000 0.000 0.000 0.000 0.000 0.000 0.000 0.000 0.000 0.000 0.000 0.000 0.000 0.000 0.000 0.000 0.000 0.000 0.000 0.000 0.000 0.000 0.000 0.000 0.000 0.000 0.000 0.000 0.000 0.002 0.002 0.002 0.002 0.003 0.003 0.004 0.066 0.004 0.002 0.002 0.002 0.001 0.002 0.004 0.004 0.002 0.002 0.003 0.003 0.003 0.003 0.003 0.010 0.009 0.002 0.001 0.003 0.273 0.390 0.207 0.102 0.084 0.002 0.001 0.002 0.004 0.006 0.007 0.007 0.009 0.005
0.000 0.000 0.000 0.000 0.000 0.000 0.000 0.000 0.000 0.000 0.000 0.000 0.000 0.000 0.000 0.000 0.000 0.000 0.000 0.000 0.000 0.000 0.000 0.000 0.000 0.000 0.000 0.000 0.000 0.000 0.000 0.000 0.000 0.000 0.000 0.000 0.002 0.003 0.003 0.002 0.002 0.002 0.082 0.225 0.002 0.004 0.003 0.002 0.003 0.066 0.090 0.003 0.002 0.001 0.002 0.003 0.004 0.010 0.013 0.006 0.002 0.001 0.002 0.271 0.157 0.001 0.003 0.004 0.001 0.002 0.005 0.042 0.013 0.008 0.007 0.005 0.009
0.000 0.000 0.000 0.000 0.000 0.000 0.000 0.000 0.000 0.000 0.000 0.000 0.000 0.000 0.000 0.000 0.000 0.000 0.000 0.000 0.000 0.000 0.000 0.000 0.000 0.000 0.000 0.000 0.000 0.000 0.000 0.000 0.000 0.000 0.000 0.000 0.003 0.003 0.003 0.003 0.003 0.007 0.100 0.307 0.095 0.005 0.002 0.002 0.005 0.153 0.215 0.005 0.002 0.001 0.002 0.003 0.006 0.033 0.010 0.003 0.002 0.001 0.002 0.052 0.086 0.003 0.002 0.002 0.002 0.005 0.184 0.218 0.136 0.019 0.007 0.004 0.017
0.000 0.000 0.000 0.000 0.000 0.000 0.000 0.000 0.000 0.000 0.000 0.000 0.000 0.000 0.000 0.000 0.000 0.000 0.000 0.000 0.000 0.000 0.000 0.000 0.000 0.000 0.000 0.000 0.000 0.000 0.000 0.000 0.000 0.000 0.000 0.000 0.002 0.002 0.002 0.003 0.007 0.008 0.036 0.175 0.003 0.002 0.002 0.001 0.002 0.003 0.134 0.032 0.002 0.001 0.002 0.003 0.113 0.180 0.005 0.002 0.002 0.001 0.002 0.004 0.204 0.005 0.001 0.002 0.003 0.041 0.152 0.191 0.173 0.083 0.038 0.008 0.029
0.000 0.000 0.000 0.000 0.000 0.000 0.000 0.000 0.000 0.000 0.000 0.000 0.000 0.000 0.000 0.000 0.000 0.000 0.000 0.000 0.000 0.000 0.000 0.000 0.000 0.000 0.000 0.000 0.000 0.000 0.000 0.000 0.000 0.000 0.000 0.000 0.001 0.001 0.002 0.003 0.005 0.006 0.008 0.089 0.002 0.001 0.001 0.001 0.001 0.001 0.015 0.028 0.002 0.001 0.002 0.003 0.223 0.212 0.006 0.002 0.002 0.001 0.002 0.002 0.054 0.001 0.001 0.001 0.003 0.046 0.128 0.158 0.026 0.021 0.043 0.107 0.107
0.000 0.000 0.000 0.000 0.000 0.000 0.000 0.000 0.000 0.000 0.000 0.000 0.000 0.000 0.000 0.000 0.000 0.000 0.000 0.000 0.000 0.000 0.000 0.000 0.000 0.000 0.000 0.000 0.000 0.000 0.000 0.000 0.000 0.000 0.000 0.000 0.002 0.002 0.002 0.003 0.004 0.005 0.005 0.073 0.003 0.002 0.002 0.001 0.001 0.002 0.003 0.027 0.002 0.002 0.003 0.007 0.262 0.133 0.004 0.002 0.002 0.002 0.002 0.002 0.036 0.002 0.001 0.002 0.003 0.091 0.154 0.124 0.002 0.001 0.003 0.139 0.181
0.000 0.000 0.000 0.000 0.000 0.000 0.000 0.000 0.000 0.000 0.000 0.000 0.000 0.000 0.000 0.000 0.000 0.000 0.000 0.000 0.000 0.000 0.000 0.000 0.000 0.000 0.000 0.000 0.000 0.000 0.000 0.000 0.000 0.000 0.000 0.000 0.005 0.003 0.002 0.002 0.003 0.004 0.005 0.025 0.005 0.003 0.002 0.001 0.002 0.002 0.004 0.028 0.002 0.003 0.015 0.145 0.196 0.016 0.002 0.003 0.002 0.001 0.001 0.002 0.034 0.011 0.002 0.002 0.005 0.132 0.168 0.158 0.004 0.001 0.002 0.026 0.079
0.000 0.000 0.000 0.000 0.000 0.000 0.000 0.000 0.000 0.000 0.000 0.000 0.000 0.000 0.000 0.000 0.000 0.000 0.000 0.000 0.000 0.000 0.000 0.000 0.000 0.000 0.000 0.000 0.000 0.000 0.000 0.000 0.000 0.000 0.000 0.000 0.000 0.002 0.002 0.002 0.003 0.004 0.006 0.036 0.006 0.003 0.002 0.001 0.002 0.003 0.004 0.019 0.011 0.007 0.005 0.032 0.015 0.002 0.003 0.003 0.002 0.001 0.001 0.002 0.004 0.038 0.003 0.002 0.003 0.107 0.142 0.161 0.078 0.006 0.002 0.003 0.001
0.000 0.000 0.000 0.000 0.000 0.000 0.000 0.000 0.000 0.000 0.000 0.000 0.000 0.000 0.000 0.000 0.000 0.000 0.000 0.000 0.000 0.000 0.000 0.000 0.000 0.000 0.000 0.000 0.000 0.000 0.000 0.000 0.000 0.000 0.000 0.000 0.000 0.002 0.003 0.003 0.004 0.005 0.006 0.053 0.004 0.002 0.002 0.001 0.002 0.002 0.003 0.015 0.016 0.005 0.003 0.027 0.018 0.002 0.010 0.003 0.002 0.002 0.001 0.002 0.003 0.043 0.034 0.013 0.024 0.096 0.050 0.004 0.005 0.011 0.005 0.001 0.001
0.000 0.000 0.000 0.000 0.000 0.000 0.000 0.000 0.000 0.000 0.000 0.000 0.000 0.000 0.000 0.000 0.000 0.000 0.000 0.000 0.000 0.000 0.000 0.000 0.000 0.000 0.000 0.000 0.000 0.000 0.000 0.000 0.000 0.000 0.000 0.000 0.000 0.002 0.003 0.003 0.003 0.004 0.006 0.154 0.005 0.003 0.002 0.001 0.002 0.002 0.003 0.022 0.023 0.004 0.009 0.350 0.532 0.637 0.645 0.135 0.002 0.002 0.001 0.002 0.002 0.005 0.075 0.096 0.096 0.088 0.002 0.001 0.001 0.003 0.006 0.002 0.002
0.000 0.000 0.000 0.000 0.000 0.000 0.000 0.000 0.000 0.000 0.000 0.000 0.000 0.000 0.000 0.000 0.000 0.000 0.000 0.000 0.000 0.000 0.000 0.000 0.000 0.000 0.000 0.000 0.000 0.000 0.000 0.000 0.000 0.000 0.000 0.000 0.000 0.002 0.002 0.002 0.002 0.002 0.006 0.270 0.002 0.005 0.002 0.001 0.002 0.003 0.005 0.150 0.189 0.203 0.354 0.727 1.041 1.038 0.854 0.275 0.003 0.002 0.002 0.001 0.001 0.004 0.053 0.095 0.102 0.117 0.003 0.001 0.001 0.002 0.009 0.005 0.005
0.000 0.000 0.000 0.000 0.000 0.000 0.000 0.000 0.000 0.000 0.000 0.000 0.000 0.000 0.000 0.000 0.000 0.000 0.000 0.000 0.000 0.000 0.000 0.000 0.000 0.000 0.000 0.000 0.000 0.000 0.000 0.000 0.000 0.000 0.000 0.000 0.000 0.002 0.002 0.002 0.003 0.003 0.078 0.338 0.039 0.010 0.005 0.002 0.003 0.012 0.118 0.204 0.313 0.481 0.659 0.825 1.046 0.898 0.598 0.107 0.003 0.002 0.002 0.001 0.002 0.004 0.043 0.036 0.054 0.127 0.007 0.002 0.001 0.002 0.059 0.017 0.009
0.000 0.000 0.000 0.000 0.000 0.000 0.000 0.000 0.000 0.000 0.000 0.000 0.000 0.000 0.000 0.000 0.000 0.000 0.000 0.000 0.000 0.000 0.000 0.000 0.000 0.000 0.000 0.000 0.000 0.000 0.000 0.000 0.000 0.000 0.000 0.000 0.000 0.002 0.002 0.002 0.003 0.007 0.275 0.404 0.197 0.003 0.002 0.004 0.008 0.010 0.008 0.022 0.154 0.375 0.468 0.505 0.533 0.445 0.197 0.010 0.003 0.002 0.001 0.001 0.002 0.002 0.003 0.004 0.004 0.092 0.048 0.002 0.001 0.023 0.062 0.009 0.004
0.000 0.000 0.000 0.000 0.000 0.000 0.000 0.000 0.000 0.000 0.000 0.000 0.000 0.000 0.000 0.000 0.000 0.000 0.000 0.000 0.000 0.000 0.000 0.000 0.000 0.000 0.000 0.000 0.000 0.000 0.000 0.000 0.000 0.000 0.000 0.000 0.000 0.000 0.001 0.001 0.002 0.004 0.059 0.321 0.196 0.003 0.002 0.001 0.002 0.003 0.004 0.005 0.014 0.004 0.003 0.002 0.002 0.040 0.064 0.027 0.004 0.003 0.002 0.002 0.001 0.001 0.002 0.002 0.002 0.172 0.187 0.010 0.014 0.023 0.011 0.006 0.004
0.000 0.000 0.000 0.000 0.000 0.000 0.000 0.000 0.000 0.000 0.000 0.000 0.000 0.000 0.000 0.000 0.000 0.000 0.000 0.000 0.000 0.000 0.000 0.000 0.000 0.000 0.000 0.000 0.000 0.000 0.000 0.000 0.000 0.000 0.000 0.000 0.000 0.000 0.002 0.002 0.002 0.003 0.004 0.106 0.133 0.007 0.006 0.003 0.001 0.002 0.004 0.004 0.011 0.003 0.002 0.001 0.002 0.002 0.060 0.133 0.017 0.005 0.004 0.002 0.001 0.001 0.002 0.003 0.070 0.357 0.319 0.124 0.013 0.006 0.007 0.005 0.004
0.000 0.000 0.000 0.000 0.000 0.000 0.000 0.000 0.000 0.000 0.000 0.000 0.000 0.000 0.000 0.000 0.000 0.000 0.000 0.000 0.000 0.000 0.000 0.000 0.000 0.000 0.000 0.000 0.000 0.000 0.000 0.000 0.000 0.000 0.000 0.000 0.000 0.000 0.002 0.002 0.002 0.002 0.003 0.009 0.167 0.028 0.004 0.002 0.002 0.002 0.004 0.003 0.010 0.006 0.002 0.001 0.002 0.002 0.004 0.115 0.079 0.007 0.004 0.002 0.001 0.001 0.001 0.002 0.006 0.319 0.311 0.117 0.009 0.008 0.011 0.007 0.008
0.000 0.000 0.000 0.000 0.000 0.000 0.000 0.000 0.000 0.000 0.000 0.000 0.000 0.000 0.000 0.000 0.000 0.000 0.000 0.000 0.000 0.000 0.000 0.000 0.000 0.000 0.000 0.000 0.000 0.000 0.000 0.000 0.000 0.000 0.000 0.000 0.000 0.000 0.001 0.002 0.002 0.002 0.003 0.005 0.207 0.043 0.002 0.002 0.002 0.002 0.003 0.004 0.006 0.004 0.002 0.001 0.002 0.002 0.003 0.023 0.102 0.136 0.008 0.003 0.002 0.001 0.001 0.002 0.003 0.002 0.134 0.072 0.033 0.016 0.019 0.013 0.010
0.000 0.000 0.000 0.000 0.000 0.000 0.000 0.000 0.000 0.000 0.000 0.000 0.000 0.000 0.000 0.000 0.000 0.000 0.000 0.000 0.000 0.000 0.000 0.000 0.000 0.000 0.000 0.000 0.000 0.000 0.000 0.000 0.000 0.000 0.000 0.000 0.000 0.000 0.002 0.002 0.002 0.003 0.003 0.005 0.153 0.164 0.002 0.002 0.003 0.002 0.002 0.003 0.002 0.002 0.002 0.001 0.002 0.003 0.002 0.022 0.051 0.149 0.010 0.005 0.003 0.002 0.001 0.001 0.002 0.002 0.005 0.195 0.174 0.023 0.017 0.020 0.010
0.000 0.000 0.000 0.000 0.000 0.000 0.000 0.000 0.000 0.000 0.000 0.000 0.000 0.000 0.000 0.000 0.000 0.000 0.000 0.000 0.000 0.000 0.000 0.000 0.000 0.000 0.000 0.000 0.000 0.000 0.000 0.000 0.000 0.000 0.000 0.000 0.000 0.000 0.000 0.002 0.002 0.002 0.003 0.003 0.039 0.205 0.002 0.001 0.002 0.003 0.002 0.002 0.002 0.001 0.001 0.002 0.002 0.005 0.012 0.046 0.041 0.025 0.004 0.004 0.004 0.002 0.001 0.001 0.001 0.002 0.003 0.137 0.173 0.004 0.003 0.021 0.004
0.000 0.000 0.000 0.000 0.000 0.000 0.000 0.000 0.000 0.000 0.000 0.000 0.000 0.000 0.000 0.000 0.000 0.000 0.000 0.000 0.000 0.000 0.000 0.000 0.000 0.000 0.000 0.000 0.000 0.000 0.000 0.000 0.000 0.000 0.000 0.000 0.000 0.000 0.000 0.001 0.001 0.001 0.002 0.004 0.011 0.242 0.007 0.004 0.008 0.006 0.003 0.002 0.004 0.002 0.001 0.002 0.005 0.173 0.162 0.078 0.014 0.012 0.002 0.002 0.002 0.002 0.001 0.001 0.001 0.002 0.002 0.002 0.003 0.002 0.002 0.018 0.003
