Project1/res/jiangbei-0002.Vx
ncols         320
nrows         411
xllcorner     657487.000000
yllcorner     3548067.000000
cellsize      10.000000
NODATA_value  -9999.000000
[rows 170 to 203 of 411, columns 75 to 149 of 320]
0.000 -0.005 0.015 0.023 0.035 0.002 0.000 -0.001 -0.001 -0.002 -0.001 -0.010 -0.035 -0.029 0.000 0.000 0.034 0.036 0.033 0.025 -0.028 -0.032 -0.017 -0.024 -0.049 -0.035 -0.033 -0.030 -0.028 -0.026 -0.025 -0.020 0.009 0.016 0.021 0.027 0.029 0.029 0.022 0.026 0.029 0.033 0.026 0.000 -0.017 0.000 0.026 0.024 0.014 -0.014 -0.019 -0.023 -0.027 0.000 0.000 0.026 0.023 0.023 0.000 -0.015 -0.028 -0.003 0.016 0.023 0.029 0.006 0.008 0.007 -0.013 0.014 0.015 0.014 0.025 0.042 0.048
0.000 0.000 0.016 0.023 0.026 0.004 -0.000 -0.001 -0.007 0.005 0.008 -0.021 0.000 -0.023 0.020 0.032 0.037 0.040 0.029 -0.125 -0.067 -0.020 -0.016 0.006 -0.047 -0.071 -0.062 -0.048 -0.043 -0.042 -0.025 0.000 0.000 0.015 0.024 0.028 0.030 0.028 0.020 0.021 0.021 0.027 -0.003 -0.014 -0.010 0.011 0.018 0.015 0.015 0.013 -0.006 -0.021 0.000 -0.017 0.026 0.030 0.024 0.013 0.008 -0.024 -0.007 0.010 0.022 0.025 0.021 0.003 -0.011 0.000 0.000 0.015 0.009 0.017 0.026 0.034 0.039
0.000 0.000 0.014 0.020 0.021 0.014 -0.003 -0.002 -0.011 -0.015 -0.013 -0.016 -0.021 0.006 0.000 0.031 0.040 0.030 0.020 -0.013 -0.026 -0.024 -0.022 0.006 -0.021 -0.039 -0.049 -0.055 -0.060 -0.054 -0.027 -0.022 -0.014 0.009 0.017 0.025 0.037 0.036 0.041 0.040 0.036 0.026 0.010 -0.009 -0.006 0.004 0.012 0.015 0.018 0.000 -0.000 -0.023 0.000 0.000 0.000 0.000 0.023 0.018 -0.018 -0.006 0.008 0.018 0.025 0.013 0.001 0.001 -0.017 -0.011 0.019 0.016 0.009 0.017 0.023 0.035 0.045
-0.014 -0.011 0.011 0.017 0.011 -0.065 -0.028 -0.006 -0.010 -0.015 -0.018 0.000 0.000 0.023 0.029 0.036 0.034 0.016 0.010 0.004 -0.006 -0.031 -0.035 -0.026 -0.042 -0.066 -0.067 -0.075 -0.061 -0.054 -0.040 -0.029 -0.020 -0.007 0.013 0.027 0.030 0.032 0.035 0.039 0.038 0.034 0.021 -0.005 -0.002 0.010 0.014 0.018 0.026 0.025 0.000 -0.029 -0.030 0.000 0.000 0.026 0.027 0.020 -0.008 0.021 0.025 0.026 0.003 -0.000 -0.000 -0.004 0.000 0.000 0.021 0.021 0.010 0.024 0.049 0.054 0.065
-0.034 -0.020 0.008 -0.049 -0.104 -0.020 0.006 -0.003 -0.008 -0.005 -0.021 0.000 0.000 0.028 0.031 0.036 0.020 0.006 0.008 -0.018 -0.067 -0.099 -0.085 -0.060 -0.039 -0.028 -0.027 -0.029 -0.026 -0.016 0.011 -0.026 -0.020 -0.010 0.010 0.014 0.015 0.025 0.027 0.033 0.035 0.035 0.028 0.022 0.019 0.021 0.021 0.025 0.033 0.008 0.001 -0.025 -0.026 0.000 0.000 0.023 0.028 0.026 0.058 0.054 0.024 0.000 -0.000 -0.000 -0.002 0.000 0.000 0.000 0.018 0.005 0.010 -0.012 0.000 0.000 0.013
-0.021 0.016 0.019 -0.088 -0.033 -0.029 -0.012 0.017 0.021 -0.003 0.000 0.000 0.030 0.035 0.030 0.024 0.014 0.006 0.017 -0.024 -0.016 0.011 -0.024 0.005 -0.010 -0.035 -0.023 -0.027 0.000 -0.021 0.010 0.015 -0.030 -0.023 -0.010 -0.009 0.012 0.023 0.022 0.026 0.026 0.029 0.028 0.034 0.038 0.036 0.032 0.036 0.026 0.004 0.003 -0.019 -0.022 -0.016 -0.005 0.013 0.022 0.029 0.053 0.001 -0.000 -0.000 -0.000 0.000 -0.000 -0.016 0.000 0.000 0.019 0.005 0.004 -0.015 -0.019 -0.011 0.000
0.000 0.000 -0.004 -0.056 0.000 0.000 0.000 0.000 0.000 0.018 0.014 0.018 0.027 0.038 0.019 0.012 0.008 0.006 -0.023 0.000 0.006 0.000 -0.008 0.009 -0.011 -0.030 -0.023 -0.025 -0.029 0.000 -0.001 0.000 -0.018 -0.018 -0.013 0.000 0.000 0.024 0.025 0.025 0.026 0.028 0.011 0.027 0.053 0.066 0.070 0.071 0.038 0.010 0.015 0.087 -0.021 0.006 -0.015 -0.013 0.017 0.026 0.022 -0.001 -0.001 -0.001 0.000 0.002 0.005 0.011 0.013 0.013 0.005 0.003 0.001 -0.012 -0.033 -0.033 -0.026
-0.006 -0.010 -0.002 -0.034 -0.032 0.000 0.000 0.021 0.000 0.000 0.023 0.024 0.027 0.033 0.018 0.009 0.008 -0.019 -0.035 0.000 0.000 0.028 0.023 -0.025 -0.016 0.000 0.000 -0.045 -0.050 -0.031 -0.019 -0.014 -0.015 -0.012 0.000 0.000 0.023 0.027 0.030 0.029 0.021 0.000 -0.015 0.000 0.000 0.024 0.029 0.027 -0.020 -0.017 -0.013 -0.003 0.013 0.027 0.030 -0.012 0.011 0.004 -0.010 -0.004 -0.002 -0.002 -0.001 0.004 0.005 0.004 0.004 0.004 0.004 0.002 0.000 -0.003 -0.026 -0.030 -0.023
-0.001 -0.001 -0.002 -0.022 -0.032 -0.030 -0.021 -0.034 -0.015 0.020 0.041 0.041 0.033 0.021 0.018 0.010 -0.030 -0.037 -0.029 -0.019 0.004 0.023 0.028 0.018 -0.017 -0.002 0.002 -0.035 -0.037 -0.025 -0.025 -0.017 0.000 -0.005 0.007 0.000 0.026 0.031 0.030 0.003 0.001 0.001 0.003 -0.010 0.004 0.015 0.018 0.016 -0.021 -0.021 -0.016 0.003 0.024 0.032 0.034 -0.004 -0.026 -0.025 -0.012 -0.006 -0.003 -0.004 -0.009 0.009 0.005 0.003 0.003 0.004 0.004 0.003 0.000 -0.001 -0.014 -0.025 0.000
-0.000 -0.000 -0.001 0.000 -0.000 -0.045 -0.026 -0.024 0.000 0.000 0.031 0.035 0.049 0.035 0.014 -0.031 -0.053 -0.036 -0.021 -0.012 -0.005 0.025 0.032 0.025 -0.017 0.001 -0.001 0.000 -0.013 0.000 -0.025 -0.021 -0.008 0.014 0.016 0.023 0.028 0.032 0.011 0.001 0.001 0.001 0.004 -0.008 -0.014 -0.003 0.011 0.014 -0.012 -0.022 -0.018 0.000 0.000 0.033 0.030 0.048 -0.074 -0.036 -0.019 -0.008 -0.003 -0.002 0.000 0.000 0.006 0.002 0.002 0.002 0.004 0.004 0.001 -0.002 -0.011 -0.027 -0.011
-0.000 -0.000 -0.000 0.000 -0.000 -0.024 -0.027 -0.017 0.011 0.024 0.028 0.048 0.045 0.044 -0.034 -0.062 -0.057 -0.035 -0.030 -0.020 -0.015 -0.003 0.023 0.025 0.016 0.011 0.002 0.000 0.000 0.008 -0.025 -0.019 0.009 0.023 0.025 0.027 0.031 0.018 0.002 0.002 0.001 0.002 0.003 0.011 -0.012 -0.013 -0.009 0.002 -0.003 -0.018 -0.016 0.000 0.000 0.029 0.029 0.019 0.018 0.024 0.024 0.002 -0.000 0.000 0.000 0.001 0.000 0.001 0.002 0.002 0.001 -0.018 -0.011 0.015 0.008 -0.028 -0.012
0.026 0.026 0.000 0.000 0.000 -0.023 -0.023 0.017 0.025 0.034 0.050 0.040 0.045 0.020 -0.052 -0.063 -0.055 -0.051 -0.037 -0.022 -0.026 -0.026 0.024 0.029 0.028 0.016 0.007 0.022 -0.038 -0.053 -0.026 0.000 0.000 0.026 0.030 0.030 0.019 0.005 0.004 0.003 0.003 0.003 0.004 0.006 0.013 -0.014 -0.016 -0.012 -0.011 -0.013 -0.012 0.000 0.011 0.000 0.028 0.025 0.021 0.024 0.024 0.027 0.020 0.001 0.001 0.000 -0.000 -0.000 -0.013 0.002 -0.014 -0.020 -0.017 -0.007 0.014 -0.019 -0.024
0.022 0.033 0.021 -0.012 0.012 -0.018 0.000 0.000 0.019 0.022 0.026 0.032 0.036 -0.033 -0.043 -0.044 -0.033 -0.025 -0.026 -0.030 -0.032 0.000 0.000 0.000 0.000 0.019 0.030 0.021 -0.015 -0.051 -0.030 -0.009 0.005 0.022 0.029 0.023 0.010 0.008 0.007 0.006 0.006 0.005 0.006 0.008 0.012 0.011 -0.017 -0.020 -0.020 -0.018 -0.016 -0.013 -0.005 0.021 0.026 0.025 0.023 0.023 0.023 0.029 0.028 0.001 0.001 0.000 -0.000 -0.001 -0.019 -0.016 -0.003 -0.012 -0.015 0.000 0.000 0.007 0.000
0.018 0.017 -0.008 0.026 0.022 -0.000 -0.035 0.000 0.000 0.019 0.028 0.033 -0.019 -0.035 -0.033 -0.028 -0.027 -0.020 -0.023 -0.030 -0.033 -0.034 0.000 0.000 0.047 0.023 0.020 0.036 0.063 -0.035 -0.023 0.015 0.017 0.020 0.021 -0.002 -0.010 0.003 0.012 0.009 0.008 0.012 0.016 0.020 0.016 0.019 0.005 -0.022 -0.024 -0.023 -0.019 -0.015 0.000 0.000 0.023 0.024 0.025 0.021 0.022 0.033 0.033 0.002 0.001 0.000 -0.001 -0.002 -0.021 -0.016 -0.007 -0.005 0.000 0.000 0.011 -0.012 -0.006
0.016 -0.006 -0.003 0.023 0.000 -0.012 -0.029 0.000 0.000 0.025 0.028 0.019 -0.019 -0.033 -0.026 -0.011 0.006 -0.019 -0.022 -0.024 -0.031 0.000 -0.010 0.000 0.043 0.026 0.028 0.054 0.121 -0.035 0.000 0.000 0.018 0.012 -0.034 -0.011 -0.009 -0.005 0.005 0.007 0.010 0.015 0.012 0.018 0.023 0.015 0.020 -0.014 -0.027 -0.026 -0.021 -0.016 -0.010 0.010 0.018 0.024 0.023 0.018 0.022 0.028 0.032 0.006 0.004 0.001 -0.005 -0.013 -0.018 -0.011 -0.009 -0.002 0.013 -0.005 -0.010 -0.004 0.010
0.026 0.003 0.009 0.000 -0.014 -0.011 -0.010 0.010 0.016 0.013 0.000 0.000 0.023 -0.033 -0.032 -0.008 0.016 -0.014 -0.020 0.000 -0.021 -0.004 0.017 0.028 0.033 0.025 0.022 0.052 0.050 0.011 0.000 0.000 -0.025 -0.050 -0.035 -0.016 -0.011 -0.007 0.001 0.007 0.003 -0.008 0.012 0.014 0.023 0.013 0.011 0.017 -0.022 -0.027 -0.023 -0.017 -0.011 0.006 0.019 0.024 0.020 0.020 0.021 0.024 0.027 0.028 0.015 0.042 -0.009 -0.011 -0.017 -0.017 -0.011 0.010 0.012 -0.015 -0.006 0.012 -0.012
0.020 0.018 0.016 -0.003 -0.018 -0.018 0.000 0.000 0.016 0.000 0.000 0.000 0.000 -0.039 0.000 -0.006 0.018 0.000 0.000 0.017 0.000 0.000 0.020 0.026 0.025 0.013 -0.006 0.033 0.036 0.017 -0.004 0.006 -0.039 -0.043 -0.031 -0.021 -0.015 -0.015 -0.012 -0.014 -0.016 -0.012 0.011 0.020 0.013 0.019 0.010 0.015 -0.001 -0.027 -0.026 -0.019 -0.012 -0.003 0.015 0.020 0.019 0.022 0.026 0.028 0.028 0.024 0.024 0.028 -0.092 -0.021 -0.010 -0.016 -0.029 -0.009 -0.022 -0.010 -0.011 -0.011 -0.007
0.026 0.015 0.021 0.032 -0.013 -0.019 -0.014 0.014 0.017 0.017 0.025 0.019 -0.024 0.000 -0.050 0.020 0.000 0.017 0.000 0.030 -0.027 -0.013 0.014 0.013 -0.017 -0.015 0.003 0.000 0.040 0.020 0.019 -0.005 -0.010 -0.035 -0.032 -0.025 -0.024 -0.025 -0.027 -0.021 -0.019 -0.012 0.012 0.020 0.021 0.020 0.013 0.010 0.020 -0.022 -0.030 -0.020 -0.013 -0.008 0.011 0.019 0.025 0.028 0.030 0.029 0.024 0.020 0.025 0.028 -0.046 -0.017 -0.007 -0.014 -0.115 -0.097 -0.044 -0.016 -0.008 -0.008 -0.021
0.023 0.000 0.000 0.025 -0.011 -0.013 0.000 0.000 0.007 0.014 0.043 0.036 -0.043 -0.053 0.000 0.000 0.043 0.000 0.042 0.029 -0.041 -0.042 -0.036 -0.037 -0.019 0.000 0.000 0.031 0.000 0.018 0.004 -0.001 0.022 -0.019 -0.032 -0.029 -0.030 -0.032 -0.037 -0.025 -0.019 0.000 0.000 0.017 0.020 0.019 0.027 0.007 0.008 -0.024 -0.029 -0.018 -0.014 -0.009 0.009 0.020 0.026 0.030 0.030 0.025 0.022 0.017 -0.004 0.006 0.015 0.014 -0.010 -0.017 -0.093 -0.063 -0.048 -0.007 -0.008 -0.030 0.000
0.023 0.023 0.021 -0.033 -0.016 0.013 0.013 -0.003 -0.023 0.000 0.000 0.025 -0.030 -0.035 0.000 0.000 0.039 -0.002 -0.002 -0.003 -0.057 -0.066 -0.047 -0.036 -0.022 0.003 0.023 0.032 0.031 0.018 0.012 0.014 0.007 0.018 0.013 -0.022 -0.033 -0.040 -0.036 -0.025 -0.020 -0.009 0.011 0.000 0.015 0.021 0.019 0.007 0.005 -0.016 -0.025 -0.017 -0.014 -0.010 0.006 0.019 0.026 0.035 0.037 0.022 -0.006 -0.010 -0.011 0.000 0.010 0.000 0.010 -0.016 -0.017 0.012 -0.006 -0.005 -0.023 0.000 -0.006
0.024 0.025 0.015 -0.041 -0.013 0.012 0.022 0.019 -0.022 -0.013 0.031 0.011 0.000 0.002 -0.000 -0.001 -0.000 -0.000 -0.001 -0.015 -0.029 -0.025 -0.033 -0.026 0.000 0.024 0.000 0.030 0.024 0.002 0.005 0.005 0.007 0.025 0.056 0.092 0.046 -0.037 -0.032 -0.027 -0.018 -0.009 0.007 0.009 0.014 0.016 0.016 0.031 0.005 -0.017 -0.022 -0.017 -0.015 -0.011 -0.002 0.016 0.026 0.037 0.043 0.006 -0.011 -0.009 0.007 -0.012 -0.014 -0.010 -0.001 0.000 0.000 -0.018 -0.020 -0.010 -0.024 0.000 0.000
0.026 0.013 -0.044 -0.030 0.000 -0.007 0.016 0.024 -0.005 0.013 0.000 -0.001 0.001 0.000 0.000 -0.000 -0.000 -0.001 -0.001 -0.016 -0.027 -0.021 -0.024 -0.019 0.021 0.025 0.044 0.053 0.028 0.006 0.007 0.007 0.005 0.011 0.046 0.092 0.135 -0.003 0.000 -0.032 -0.023 -0.014 0.003 0.006 0.007 0.010 0.014 0.008 0.029 -0.012 -0.017 -0.015 -0.011 -0.009 -0.005 0.015 0.026 0.036 0.037 -0.000 0.001 -0.000 -0.001 -0.000 -0.021 -0.021 0.009 0.019 -0.021 -0.026 -0.020 -0.015 -0.012 0.010 0.025
-0.010 -0.066 -0.051 -0.030 -0.017 -0.010 0.019 0.025 0.021 0.002 0.000 -0.008 0.008 0.000 0.000 -0.000 -0.000 -0.000 -0.012 0.012 -0.022 -0.030 -0.024 -0.001 0.016 0.013 0.025 0.027 0.023 0.000 0.000 0.012 0.003 0.005 0.025 0.058 0.080 0.084 0.024 -0.034 -0.031 -0.025 -0.017 -0.003 0.004 0.005 0.008 0.009 0.037 0.049 -0.004 -0.007 0.008 -0.005 -0.008 0.011 0.024 0.033 0.033 0.000 -0.000 -0.000 -0.001 -0.001 -0.017 0.000 0.000 0.015 -0.020 -0.024 -0.016 0.000 0.000 0.018 0.025
-0.064 -0.017 -0.017 -0.016 0.008 0.016 0.029 0.006 0.005 0.003 0.001 -0.022 0.018 0.014 0.000 0.000 -0.000 -0.000 -0.001 -0.001 -0.001 -0.034 -0.037 -0.013 -0.021 0.000 0.000 0.014 0.016 0.000 0.000 0.021 0.001 0.003 0.012 0.006 0.023 0.049 0.074 -0.015 -0.037 -0.034 -0.030 -0.022 -0.011 -0.001 0.006 0.013 0.085 0.093 0.053 0.028 0.010 -0.013 -0.013 0.006 0.022 0.030 0.026 -0.000 -0.000 -0.001 -0.001 -0.001 -0.005 -0.005 -0.005 -0.002 -0.004 -0.028 -0.012 -0.011 0.012 0.029 0.031
-0.043 -0.017 -0.018 0.000 -0.024 0.022 0.030 0.027 0.010 0.003 0.001 -0.012 -0.018 0.018 0.009 0.000 -0.000 -0.000 -0.000 -0.000 -0.002 -0.043 -0.042 -0.019 -0.025 0.000 0.000 0.008 0.011 0.012 0.000 0.028 0.001 0.002 0.007 0.011 0.033 0.028 0.062 0.105 -0.029 -0.034 -0.034 -0.033 -0.021 -0.006 0.012 0.027 0.088 0.104 0.063 0.033 -0.015 -0.021 -0.017 -0.006 0.020 0.027 0.002 -0.001 -0.001 -0.001 -0.001 -0.002 -0.002 -0.003 -0.003 -0.002 -0.003 -0.043 -0.042 0.000 0.000 0.022 0.036
0.019 -0.027 -0.040 -0.037 0.000 0.001 0.000 0.033 0.026 0.020 0.001 0.002 0.001 0.001 -0.006 0.006 -0.000 -0.000 -0.000 -0.001 -0.020 -0.015 0.009 -0.013 -0.021 -0.015 0.004 0.010 0.012 0.016 0.028 0.030 0.002 0.002 0.006 0.019 0.047 0.035 0.034 0.072 0.042 -0.019 -0.020 -0.037 -0.028 -0.012 0.015 0.030 0.073 0.091 0.047 0.031 0.000 -0.024 -0.019 -0.006 0.020 0.015 -0.003 -0.001 -0.001 -0.001 -0.001 -0.002 -0.002 -0.002 -0.003 -0.005 -0.012 -0.085 -0.061 -0.022 -0.003 0.026 0.029
-0.013 -0.021 -0.037 -0.033 -0.033 0.000 0.000 0.029 0.027 0.030 0.001 0.001 0.001 0.000 -0.000 -0.001 -0.001 -0.000 -0.001 -0.000 0.000 0.000 0.000 0.014 -0.021 -0.018 0.004 0.014 0.013 0.014 0.025 0.027 0.016 0.002 0.002 0.010 0.025 0.023 0.026 0.061 0.143 0.039 -0.029 -0.036 -0.029 0.000 0.000 0.028 0.047 0.024 0.030 0.035 0.026 -0.021 -0.025 -0.011 0.019 -0.006 -0.002 -0.002 -0.001 -0.001 -0.001 -0.001 -0.001 -0.003 -0.010 -0.040 -0.033 -0.044 -0.058 -0.018 0.007 0.023 0.023
-0.020 -0.030 -0.024 -0.021 -0.021 -0.015 0.009 0.023 0.024 0.029 0.025 0.001 0.001 0.000 0.000 -0.000 -0.013 -0.003 0.012 0.000 0.000 0.000 0.000 0.021 -0.020 -0.021 -0.014 0.004 0.011 0.013 0.020 0.023 0.016 0.011 0.006 0.006 0.008 0.017 0.027 0.061 0.133 0.038 -0.031 -0.034 -0.027 0.000 0.000 0.023 0.010 0.022 0.041 0.052 0.020 -0.010 -0.013 -0.004 0.016 -0.003 -0.002 -0.002 -0.001 -0.001 -0.001 -0.001 -0.002 -0.026 -0.029 -0.019 0.000 0.000 -0.012 0.000 -0.003 0.013 0.017
-0.025 0.000 -0.003 -0.007 -0.018 -0.016 -0.009 0.013 -0.013 0.019 0.031 0.026 0.001 0.001 0.000 0.000 0.000 0.000 0.000 0.001 0.001 0.001 0.000 -0.000 0.000 -0.019 -0.020 -0.014 0.009 0.016 0.015 0.018 0.019 0.016 0.014 -0.010 0.000 0.000 0.032 0.064 0.110 0.084 -0.030 -0.033 -0.031 -0.029 -0.024 -0.009 0.007 0.016 0.032 0.040 0.016 0.022 0.002 -0.006 -0.007 -0.003 -0.002 -0.002 -0.001 -0.001 -0.001 -0.001 -0.025 -0.033 -0.024 -0.018 0.005 0.024 -0.024 -0.015 -0.012 0.007 0.012
-0.019 0.009 0.013 -0.013 -0.021 -0.017 -0.014 -0.024 -0.027 0.000 0.000 0.030 0.028 0.016 0.001 0.001 0.002 -0.002 -0.001 0.001 0.001 0.001 0.000 0.000 0.001 0.000 -0.000 -0.016 0.004 0.009 0.012 0.023 0.026 0.024 0.021 -0.015 -0.016 0.012 0.000 0.048 0.077 0.013 0.032 -0.032 -0.038 -0.039 -0.039 -0.022 -0.005 -0.001 0.008 0.018 -0.002 -0.000 -0.003 -0.003 -0.002 -0.002 -0.002 -0.002 -0.001 -0.001 -0.001 -0.025 -0.030 -0.021 -0.020 -0.022 0.013 0.029 0.019 -0.057 -0.018 -0.006 0.013
0.014 0.000 0.012 -0.015 -0.015 -0.012 -0.023 -0.028 0.000 0.000 -0.002 0.028 0.000 0.027 0.018 0.020 0.003 -0.014 -0.005 0.001 -0.013 0.013 0.001 0.000 0.000 0.000 0.000 -0.002 -0.012 0.011 0.019 0.027 0.037 0.042 0.037 -0.014 0.000 0.000 0.035 0.034 -0.005 0.001 0.003 0.005 0.004 -0.042 -0.040 -0.024 -0.012 0.003 0.006 -0.065 -0.019 -0.006 -0.004 -0.004 -0.003 -0.003 -0.002 -0.002 -0.001 -0.001 0.000 -0.028 -0.015 -0.017 0.000 -0.022 0.000 0.000 0.000 0.020 -0.060 -0.019 0.016
0.000 0.019 0.005 -0.009 -0.016 -0.017 -0.024 -0.029 -0.026 -0.023 -0.026 -0.000 0.029 0.024 0.024 0.031 0.013 -0.028 0.006 -0.029 0.000 0.000 0.021 0.000 0.000 0.000 0.000 0.000 0.000 0.016 -0.010 0.015 0.024 0.042 0.056 0.052 0.044 0.042 0.044 -0.017 -0.002 -0.000 0.000 0.000 -0.000 -0.006 -0.092 -0.122 -0.146 -0.116 -0.148 -0.036 -0.014 -0.007 -0.005 -0.004 -0.004 -0.003 -0.003 -0.002 -0.001 -0.050 0.000 0.000 -0.014 -0.027 -0.026 -0.023 -0.018 0.015 0.000 0.023 0.014 -0.038 0.027
0.000 -0.001 0.028 0.032 -0.005 -0.038 -0.029 -0.031 -0.026 -0.021 -0.020 0.000 0.005 0.000 0.027 0.034 0.027 -0.067 -0.041 -0.023 -0.017 -0.014 0.018 0.018 0.000 0.000 -0.017 0.016 0.000 0.000 -0.020 -0.010 0.014 0.024 0.032 0.071 0.066 0.057 0.041 -0.003 -0.001 -0.000 -0.000 -0.000 -0.001 -0.002 -0.006 -0.091 -0.231 -0.244 -0.203 -0.101 -0.022 -0.010 -0.007 -0.006 -0.005 -0.004 -0.004 -0.003 -0.004 -0.093 -0.023 -0.004 -0.005 -0.024 -0.029 -0.025 -0.020 0.008 0.016 0.018 0.019 0.013 0.015
-0.018 -0.010 0.019 -0.001 -0.000 -0.000 -0.001 -0.036 -0.034 -0.025 -0.021 -0.025 -0.023 0.000 0.000 0.036 0.031 0.019 -0.062 -0.052 -0.020 -0.014 -0.010 0.010 -0.010 0.000 0.000 0.034 0.002 0.001 0.005 0.000 0.000 0.016 0.026 0.046 0.062 0.048 -0.005 -0.002 -0.001 -0.001 -0.001 -0.001 -0.001 -0.002 -0.003 -0.004 -0.020 -0.076 -0.020 0.014 -0.030 -0.012 -0.011 -0.008 -0.006 -0.005 -0.004 -0.003 -0.013 -0.178 -0.087 -0.053 -0.012 -0.028 -0.031 -0.028 -0.021 -0.004 0.015 0.019 0.021 0.014 0.015
