Project1/res/jiangbei.totaltm
ncols         319
nrows         411
xllcorner     657492.000000
yllcorner     3548067.000000
cellsize      10.000000
NODATA_value  -9999.000000
[rows 102 to 135 of 411, columns 0 to 76 of 319]
0.000 0.000 0.000 0.000 0.000 0.000 0.000 0.000 0.000 0.000 0.000 0.000 0.000 3.618 3.588 3.036 0.612 0.000 0.000 0.000 0.137 0.226 0.255 0.319 0.376 0.447 0.581 0.931 3.727 1.991 1.156 0.000 0.527 1.327 1.630 1.369 0.898 1.121 1.318 1.535 1.656 1.571 1.392 1.193 1.001 0.752 0.543 0.445 0.654 0.896 0.464 0.378 0.517 0.864 0.000 0.000 0.000 0.000 0.000 0.000 0.000 0.000 0.000 0.000 0.000 0.000 0.426 1.667 0.955 0.641 0.336 0.000 0.000 0.000 0.055 1.888 3.748
0.000 0.000 0.000 0.000 0.000 0.000 0.000 0.000 0.000 0.000 0.000 0.000 0.000 3.667 3.606 3.579 1.915 0.000 0.000 0.000 0.000 0.061 0.208 0.292 0.369 0.423 0.487 0.546 0.661 0.829 0.883 0.887 0.694 0.740 0.956 0.986 0.675 0.762 0.981 1.242 1.558 1.655 1.588 1.485 1.356 1.169 0.962 0.745 0.651 0.827 0.742 0.676 0.750 1.566 0.191 0.000 0.000 0.000 0.000 0.000 0.000 0.000 0.000 0.000 0.000 0.075 0.975 1.828 1.136 0.762 0.509 0.000 0.000 0.060 0.155 1.910 3.768
0.000 0.000 0.000 0.000 0.000 0.000 0.000 0.000 0.000 0.000 0.000 0.000 3.756 3.727 3.667 3.624 3.602 1.377 0.000 0.000 0.000 0.000 0.000 0.209 0.303 0.379 0.456 0.522 0.535 0.566 0.503 0.389 0.375 0.400 0.531 0.818 0.732 0.760 0.891 1.092 1.380 1.598 1.634 1.606 1.503 1.334 1.140 0.990 0.927 1.025 0.913 0.816 0.886 1.739 0.268 0.000 0.000 0.000 0.000 0.000 0.000 0.000 0.000 0.000 0.000 0.337 1.799 1.789 1.214 0.895 0.586 0.000 0.000 0.202 0.392 1.508 3.578
0.000 0.000 0.000 0.000 0.000 0.000 0.000 0.000 0.000 0.000 0.000 3.734 3.659 3.723 3.735 3.732 3.708 3.649 0.860 0.315 0.000 0.000 0.000 0.006 0.213 0.308 0.405 0.442 0.466 0.481 0.356 0.263 0.323 0.421 0.465 0.536 0.703 1.022 1.275 1.380 1.552 1.717 1.756 1.731 1.686 1.635 1.588 1.535 1.628 1.673 1.546 1.429 1.482 1.950 0.962 0.000 0.000 0.000 0.000 0.000 0.000 0.000 0.000 0.000 0.107 0.837 2.083 1.802 1.354 1.009 0.613 0.000 0.000 0.000 0.000 0.890 1.089
0.000 0.000 0.000 0.000 0.000 0.000 0.000 0.000 0.000 0.000 3.753 3.603 3.585 3.646 3.669 3.695 3.726 3.734 2.699 1.937 0.878 0.361 0.000 0.000 0.054 0.237 0.306 0.342 0.382 0.379 0.238 0.186 0.359 0.462 0.517 0.521 0.527 0.572 0.769 1.194 1.774 2.123 2.316 2.439 2.533 2.617 2.693 2.772 2.962 2.932 2.787 2.599 2.528 2.279 1.982 1.679 0.000 0.000 0.000 0.000 0.000 0.000 0.000 0.000 0.192 1.695 2.199 1.768 1.328 0.932 0.590 0.000 0.000 0.000 0.000 0.603 3.752
0.000 0.000 0.000 0.000 0.000 0.000 0.000 0.000 0.000 3.808 3.600 3.485 1.718 1.942 1.884 1.865 1.904 1.889 1.938 2.042 2.079 1.903 1.408 0.498 0.199 0.174 0.213 0.238 0.268 0.257 0.138 0.140 0.346 0.577 0.493 0.370 0.261 0.186 0.197 0.294 0.568 1.848 1.567 1.092 0.876 0.782 0.725 0.793 1.778 2.626 3.498 3.344 3.022 2.094 1.987 2.069 1.760 0.048 0.000 0.000 0.000 0.000 0.000 0.000 0.197 1.832 1.898 1.343 0.891 0.606 0.240 0.000 0.000 0.000 0.000 0.141 3.743
0.000 0.000 0.000 0.000 0.000 0.000 0.000 0.000 3.500 3.787 3.588 3.158 0.019 0.550 0.690 0.747 0.712 0.703 0.768 0.862 1.161 1.505 1.761 1.779 1.249 0.577 0.252 0.074 0.134 0.127 0.000 0.098 0.186 0.216 0.168 0.139 0.000 0.000 0.000 0.143 0.478 2.184 0.903 0.000 0.000 0.000 0.000 0.000 0.307 2.493 3.615 3.151 2.737 2.039 1.786 2.055 2.501 1.951 0.162 0.059 0.000 0.000 0.000 0.000 0.000 1.665 1.179 0.902 0.543 0.290 0.163 0.000 0.000 0.000 0.000 0.000 2.569
0.000 0.000 0.000 0.000 0.000 0.000 0.000 0.000 3.304 3.768 3.587 0.455 0.000 0.468 0.678 0.629 0.595 0.577 0.574 0.516 0.534 0.553 0.663 0.784 0.854 0.713 0.523 0.284 0.000 0.000 0.000 0.000 0.000 0.000 0.127 0.282 0.232 0.000 0.000 0.102 0.639 3.646 3.552 0.172 0.000 0.000 0.000 0.000 0.000 2.079 3.133 2.930 2.570 1.852 1.652 1.768 2.386 3.780 2.103 0.832 0.498 0.504 0.496 0.221 0.318 1.315 0.876 0.795 0.592 0.456 0.399 0.051 0.000 0.000 0.000 0.166 3.698
0.000 0.000 0.000 0.000 0.000 0.000 0.000 0.000 3.411 3.794 3.606 0.000 0.000 0.394 0.616 0.463 0.499 0.531 0.464 0.424 0.389 0.395 0.346 0.237 0.339 0.323 0.295 0.210 0.111 0.000 0.000 0.000 0.000 0.000 0.141 0.394 0.450 0.317 0.159 0.000 0.254 3.689 3.734 3.615 2.134 0.000 0.000 0.000 0.259 1.870 3.032 2.712 2.374 1.719 1.379 1.533 2.259 3.804 3.737 1.332 0.768 0.462 0.058 0.000 0.000 1.124 1.093 0.873 0.890 0.814 0.554 0.249 0.000 0.000 0.000 0.000 2.022
0.000 0.000 0.000 0.000 0.000 0.000 0.000 0.000 3.632 3.749 3.638 0.000 0.000 0.373 0.429 0.438 0.408 0.452 0.371 0.328 0.287 0.223 0.316 0.186 0.030 0.089 0.000 0.000 0.000 0.000 0.000 0.000 0.000 0.000 0.050 0.366 0.644 0.693 0.473 0.145 0.000 3.666 3.792 3.635 2.133 0.000 0.000 0.000 0.291 2.132 2.797 2.500 2.024 1.637 1.478 1.619 2.302 3.799 3.737 1.101 0.000 0.000 0.000 0.000 0.000 0.958 1.340 1.423 1.424 1.247 0.868 0.403 0.000 0.000 0.000 0.000 0.493
0.000 0.000 0.000 0.000 0.000 1.199 0.000 0.000 3.603 3.675 3.655 0.215 0.000 0.197 0.363 0.374 0.320 0.342 0.253 0.198 0.130 0.228 0.118 0.000 0.000 0.000 0.000 0.000 0.000 0.000 0.000 0.000 0.000 0.000 0.000 0.131 0.526 1.131 0.848 0.316 0.410 3.638 3.746 3.605 0.898 0.000 0.000 0.038 0.369 1.606 2.401 2.170 1.743 1.273 1.281 1.636 1.978 3.721 3.797 1.298 0.000 0.000 0.000 0.000 0.000 0.640 0.647 1.904 1.844 1.044 0.352 0.083 0.000 0.000 0.000 0.000 0.206
0.000 0.000 0.000 0.000 0.164 1.935 3.752 0.082 0.217 0.162 0.706 0.405 0.000 0.119 0.256 0.273 0.258 0.206 0.125 0.000 0.103 0.000 0.000 0.000 0.000 0.000 0.000 0.000 0.000 0.000 0.000 0.036 0.000 0.000 0.000 0.126 0.585 0.923 0.522 0.365 0.966 3.666 3.711 3.613 2.164 0.000 0.000 0.164 0.396 1.239 2.336 1.936 1.251 0.796 0.796 1.004 1.471 3.645 3.724 1.606 0.000 0.000 0.000 0.000 0.000 0.484 1.776 1.564 0.497 0.144 0.063 0.000 0.000 0.000 0.000 0.000 0.000
0.000 0.000 0.000 0.000 0.099 0.194 0.287 0.420 0.000 0.000 0.000 0.585 0.000 0.000 0.152 0.136 0.109 0.085 0.000 0.000 0.000 0.000 0.000 0.000 0.000 0.000 0.000 0.000 0.000 0.000 0.057 0.146 0.173 0.173 0.979 3.679 1.866 0.261 0.255 0.417 3.614 3.716 3.744 3.617 1.185 0.000 0.000 0.044 0.206 0.717 2.636 2.050 1.034 0.641 0.562 0.602 1.193 3.626 3.743 2.138 0.000 0.000 0.000 0.000 0.000 1.594 1.781 0.901 0.000 0.000 0.000 0.000 0.000 0.000 0.000 0.000 0.056
0.000 0.000 0.000 0.000 0.000 0.000 0.000 0.000 0.000 0.000 0.000 0.129 0.000 0.000 0.000 0.000 0.000 0.000 0.000 0.000 0.000 0.000 0.000 0.000 0.000 0.000 0.000 0.000 0.000 0.091 0.146 0.246 3.628 3.642 3.721 3.799 3.669 0.534 0.370 0.814 3.657 3.782 3.726 3.617 0.967 0.000 0.000 0.079 0.170 0.315 2.170 2.169 1.250 0.808 0.607 0.389 1.145 3.636 3.799 3.622 1.004 0.000 0.000 0.000 1.419 1.778 1.546 0.725 0.000 0.000 0.000 0.000 0.000 0.000 0.000 0.000 1.868
0.000 0.000 0.000 0.000 0.178 0.227 0.000 0.000 0.000 0.346 0.000 0.000 0.000 0.000 0.000 0.000 0.000 0.000 0.000 0.000 0.085 0.073 0.000 0.000 0.000 0.000 0.066 0.123 0.128 0.184 3.330 3.641 3.731 3.689 3.727 3.648 1.859 0.000 0.000 0.685 3.671 3.765 3.691 3.611 0.000 0.000 0.000 0.000 0.118 0.195 0.497 1.732 1.539 1.359 1.099 0.887 1.350 2.428 3.699 3.749 3.611 1.099 0.418 0.816 1.667 1.618 1.153 0.598 0.154 0.000 0.000 0.000 0.000 0.000 0.000 0.000 3.356
0.000 0.000 0.000 0.000 0.038 0.889 1.246 0.000 0.000 0.609 0.417 0.000 0.000 0.000 0.000 0.000 0.000 0.046 0.162 0.188 0.097 0.000 0.000 0.000 0.112 0.153 0.206 0.270 0.311 3.620 3.631 3.740 3.706 3.639 3.649 3.386 0.000 0.000 0.000 0.000 3.628 3.771 3.693 3.611 0.000 0.000 0.000 0.000 0.108 0.167 0.253 1.300 1.626 1.913 2.081 2.109 1.910 1.970 3.645 3.793 3.680 3.612 1.130 1.041 1.373 1.228 0.868 0.474 0.193 0.000 0.000 0.000 0.000 0.000 0.000 0.651 3.789
0.000 0.000 0.000 0.000 0.000 0.140 1.872 1.778 0.191 0.431 1.072 0.400 0.000 0.000 0.000 0.000 0.166 0.234 0.190 0.102 0.085 0.119 0.168 0.234 0.312 0.401 0.650 0.654 2.377 3.635 3.649 3.754 3.661 3.608 3.611 2.425 0.000 0.000 0.000 0.000 1.082 3.755 3.716 1.206 0.000 0.000 0.000 0.000 0.073 0.000 0.217 0.896 1.153 1.028 0.983 0.969 0.993 1.466 3.110 3.664 3.802 3.655 3.055 1.363 1.096 0.925 0.675 0.381 0.159 0.000 0.000 0.000 0.000 1.304 2.629 3.786 3.809
0.000 0.000 0.000 0.000 0.000 0.000 0.081 1.867 1.101 0.826 1.264 3.750 3.782 0.000 0.000 0.000 0.154 0.159 0.152 0.184 0.262 0.371 0.792 1.269 1.701 1.514 1.072 0.948 3.643 3.637 3.661 3.757 3.636 3.597 3.259 0.000 0.000 0.000 0.000 0.000 0.000 2.194 3.728 0.638 0.064 0.000 0.000 0.000 0.000 0.000 0.176 0.655 0.952 0.888 0.624 0.489 0.901 1.763 2.521 3.633 3.761 3.784 3.724 3.666 1.520 0.881 0.559 0.304 0.000 0.099 2.404 3.725 3.740 3.799 3.726 3.664 2.423
0.000 0.793 0.264 0.091 0.000 0.000 0.000 0.705 0.951 1.204 1.728 0.483 3.716 1.873 0.000 0.000 0.000 0.177 0.330 0.900 1.243 1.551 1.682 1.392 0.801 0.785 0.835 1.905 3.638 3.641 3.683 3.767 3.623 3.561 3.147 0.000 0.000 0.000 0.000 0.000 0.000 0.054 0.973 0.716 0.176 0.000 0.000 0.000 0.000 0.000 0.314 0.619 0.832 0.908 0.854 0.894 1.349 2.519 2.839 3.631 3.665 3.741 3.738 3.749 3.743 3.712 3.286 2.663 3.214 3.671 3.703 3.702 3.619 2.303 1.681 0.000 0.000
0.000 0.000 0.169 0.153 0.159 0.227 0.519 0.347 0.367 1.690 1.941 0.000 0.000 1.759 3.774 0.000 0.000 0.156 0.572 0.536 0.481 0.354 0.176 0.199 0.411 0.622 1.032 3.651 3.661 3.680 3.776 3.806 3.634 3.587 3.336 0.060 0.000 0.000 0.000 0.000 0.000 0.000 0.073 0.699 0.342 0.000 0.000 0.000 0.000 0.045 0.375 0.596 0.780 1.010 1.236 1.857 3.282 3.689 3.247 2.699 3.631 3.599 3.244 2.206 2.531 3.291 3.648 3.650 3.651 3.616 2.131 0.000 0.000 0.000 0.000 0.000 0.000
0.000 0.000 0.192 0.229 0.397 0.640 0.963 0.378 0.298 0.565 2.234 1.586 0.000 0.000 1.389 1.524 0.000 0.000 0.000 0.000 0.000 0.000 0.137 0.326 0.844 1.344 2.432 3.730 3.739 3.743 3.749 3.801 3.723 3.617 3.602 3.266 0.186 0.028 0.106 0.000 0.000 0.000 0.000 0.128 0.450 0.000 0.000 0.000 0.000 0.122 0.412 0.668 0.965 1.467 2.168 3.689 3.741 3.715 2.174 1.714 1.534 1.702 1.207 0.640 0.297 0.072 0.242 1.491 3.753 3.611 1.636 0.000 0.000 0.000 0.000 0.000 0.292
0.000 0.000 0.901 0.521 0.456 1.166 1.799 1.318 0.730 0.905 1.996 3.794 1.918 0.228 0.787 1.805 1.698 0.000 0.000 0.000 0.127 0.376 0.670 0.885 0.892 0.844 1.335 3.647 3.643 3.635 3.661 3.748 3.710 3.717 3.666 3.630 0.288 0.144 0.196 0.113 0.000 0.000 0.000 0.000 0.081 0.000 0.000 0.000 0.000 0.296 0.500 1.018 1.810 2.546 3.711 3.738 3.736 2.221 0.000 0.000 0.104 0.711 0.885 0.482 0.176 0.000 0.000 0.000 3.649 2.966 2.058 0.950 0.065 0.000 0.000 0.000 1.583
0.000 0.000 0.000 3.723 3.651 0.785 0.907 1.643 1.755 1.679 1.928 3.745 2.435 2.038 1.876 2.675 3.786 1.450 0.000 0.000 0.000 0.000 0.000 0.109 0.170 0.269 0.371 2.765 3.584 3.595 3.622 3.695 3.625 3.649 3.662 3.627 0.188 0.178 0.291 0.292 0.222 0.070 0.000 0.000 0.000 0.000 0.000 0.000 0.096 0.743 0.983 2.314 3.725 3.742 3.734 3.714 2.866 0.858 0.000 0.000 0.000 0.401 0.701 0.493 0.154 0.000 0.000 0.000 2.218 3.761 3.634 1.922 0.972 0.000 0.000 1.727 3.772
0.000 0.000 0.000 0.000 3.737 1.021 0.516 0.611 0.875 0.989 0.858 0.804 0.744 1.935 2.730 1.836 0.803 3.000 0.695 0.000 0.000 0.000 0.000 0.000 0.126 0.231 0.258 0.191 2.584 3.522 3.604 3.645 3.589 3.600 3.615 2.909 0.000 0.299 0.476 0.478 0.418 0.299 0.211 0.093 0.000 0.000 0.000 0.154 0.649 0.822 1.583 3.758 3.751 3.699 2.236 1.205 0.817 0.341 0.000 0.000 0.211 0.239 0.476 0.474 0.111 0.000 0.000 0.042 1.315 3.690 3.715 3.181 1.738 1.325 2.637 3.736 3.796
0.000 0.000 0.000 0.000 0.000 0.457 0.000 0.187 0.508 0.428 0.383 0.279 0.292 1.220 3.054 2.852 0.566 1.412 2.769 1.341 0.000 0.000 0.000 0.000 0.000 0.029 0.000 0.000 0.000 1.884 3.384 3.597 3.401 3.295 3.424 0.119 0.174 0.409 0.534 0.605 0.599 0.497 0.428 0.324 0.031 0.000 0.000 0.000 0.000 0.000 0.299 3.678 1.859 0.000 0.000 0.000 0.000 0.161 0.138 0.000 0.132 0.000 0.223 0.327 0.063 0.000 0.000 0.083 0.660 3.647 3.769 3.632 3.175 3.612 3.766 3.668 1.223
0.000 0.000 0.000 0.000 0.000 0.070 0.000 0.245 0.474 0.188 0.173 0.252 0.316 0.472 0.783 3.793 3.212 3.388 3.740 3.678 0.000 0.000 0.000 0.000 0.000 0.000 0.000 0.000 0.000 0.000 3.386 3.621 3.429 3.266 3.085 0.000 0.000 0.293 0.484 0.656 0.539 0.361 0.211 0.000 0.000 0.000 0.000 0.000 0.000 0.000 2.253 3.754 1.276 0.000 0.000 0.000 0.000 0.000 0.000 0.000 0.000 0.000 0.000 0.151 0.000 0.000 0.000 0.085 0.286 2.486 3.722 3.716 3.657 3.675 2.993 0.108 0.000
0.000 0.000 0.000 0.000 0.000 0.000 0.000 0.569 0.542 0.000 0.000 0.226 0.352 0.237 0.101 0.560 3.743 3.773 3.733 3.349 1.851 0.817 0.000 0.000 0.000 0.000 0.000 0.000 0.959 3.695 3.735 3.769 3.797 3.707 3.588 3.136 1.533 3.287 3.666 1.523 0.420 0.316 0.201 0.000 0.000 0.000 0.000 0.000 0.000 0.808 3.728 3.672 1.383 0.137 0.000 0.000 0.000 0.000 0.000 0.000 0.000 0.000 0.000 0.000 0.000 0.000 0.000 0.000 0.124 1.624 3.673 3.786 3.733 3.618 2.317 1.401 1.691
0.000 0.000 0.000 0.000 0.000 0.000 0.000 0.143 0.000 0.000 0.000 0.072 0.211 0.139 0.000 0.000 1.650 3.802 3.643 0.884 2.069 3.779 3.593 0.000 0.000 0.000 1.566 2.562 3.795 2.393 1.931 3.613 3.633 3.667 3.790 3.623 3.572 3.669 3.673 3.626 0.322 0.302 0.168 0.000 0.000 0.000 0.000 0.000 0.000 3.654 3.775 3.648 1.309 0.000 0.000 0.161 0.286 0.197 0.124 0.000 0.000 0.000 0.000 0.000 0.000 0.000 0.000 0.000 0.000 0.333 2.782 3.686 3.745 3.752 3.743 3.757 3.805
0.000 0.000 0.000 0.000 0.000 0.000 0.000 0.000 0.000 0.000 0.000 0.000 0.081 0.000 0.000 0.000 0.000 1.289 3.682 3.302 2.919 3.747 3.672 1.677 1.767 2.113 2.549 2.270 0.000 0.000 0.000 0.000 0.050 0.000 3.586 3.673 3.748 3.702 3.653 3.614 0.272 0.225 0.000 0.000 0.000 0.000 0.000 0.000 3.076 3.769 3.725 3.636 1.228 0.102 0.174 0.389 0.507 0.417 0.338 0.185 0.071 0.096 0.000 0.000 0.000 0.110 0.000 0.000 0.000 0.000 0.603 1.633 2.054 2.416 2.336 2.523 2.548
0.000 0.000 0.000 0.000 0.000 0.000 0.000 0.000 0.000 0.000 0.000 0.000 0.000 0.000 0.000 0.000 0.000 0.000 0.000 3.764 3.639 3.681 1.745 1.847 3.475 1.849 1.443 0.000 0.000 0.000 0.000 0.000 0.000 0.000 0.000 3.583 3.811 3.767 3.661 3.612 2.794 0.033 0.000 0.000 0.000 1.750 1.904 2.499 3.810 3.754 3.724 3.618 1.112 0.486 0.485 0.649 0.719 0.618 0.453 0.197 0.000 0.000 0.000 0.000 0.000 0.402 0.000 0.000 0.000 0.000 0.000 0.286 0.916 0.926 1.088 1.211 1.662
0.000 0.000 0.000 0.000 0.000 0.000 0.000 0.000 0.000 0.000 0.000 0.000 0.000 0.000 0.000 0.000 0.000 0.000 0.000 0.263 1.046 3.706 2.024 2.375 3.724 1.302 0.000 0.000 0.000 0.000 0.000 0.000 0.000 0.000 0.000 3.517 3.773 3.713 3.719 3.690 3.627 0.000 1.923 2.031 2.218 2.013 0.471 0.529 3.678 3.774 3.726 3.614 1.376 0.972 1.003 1.039 1.050 0.837 0.427 0.086 0.000 0.000 0.000 0.000 0.133 0.711 0.065 0.000 0.000 0.000 0.000 0.473 0.918 0.370 0.530 0.709 1.157
0.000 0.000 0.000 0.000 0.000 0.000 0.000 0.000 0.000 0.000 0.000 0.000 0.000 0.000 0.000 0.000 0.000 0.000 0.000 0.000 0.064 3.781 1.596 1.888 3.792 3.061 0.000 0.000 0.000 0.000 0.000 0.000 0.000 0.000 0.000 3.746 3.754 3.628 3.625 3.643 3.651 2.288 2.496 0.365 0.000 0.000 0.000 0.000 0.000 3.638 3.769 3.443 1.988 1.841 1.793 1.739 1.661 1.265 0.458 0.000 0.000 0.000 0.000 0.000 0.208 1.145 0.394 0.164 0.065 0.000 0.336 2.809 0.472 0.229 0.360 0.545 0.968
0.000 0.000 0.000 0.000 0.000 0.000 0.000 0.000 0.000 0.000 0.000 0.000 0.000 0.000 0.000 0.000 0.000 0.000 0.000 0.000 0.000 0.226 0.445 1.637 3.476 2.139 1.634 0.000 0.000 0.000 0.000 0.000 0.000 0.000 0.069 3.793 3.677 3.597 3.267 0.000 0.000 1.704 0.104 0.000 0.000 0.000 0.000 0.000 0.000 0.000 3.723 3.724 3.670 3.588 3.204 2.938 2.664 2.116 0.531 0.000 0.000 0.000 0.000 0.055 0.461 2.009 1.900 1.682 1.509 1.309 0.909 0.499 0.274 0.199 0.346 0.395 0.848
0.000 0.000 0.000 0.000 0.000 0.000 0.000 0.000 0.000 0.000 0.000 0.000 0.000 0.000 0.000 0.000 0.000 0.000 0.000 0.000 0.000 0.000 0.180 1.681 2.701 2.023 1.801 2.038 0.164 0.000 0.000 0.000 0.000 0.000 2.855 3.758 0.957 0.000 0.000 0.000 0.000 1.692 0.513 0.000 0.000 0.000 0.000 0.000 0.000 0.000 1.844 3.794 3.717 3.751 3.761 3.763 3.783 3.735 1.073 0.000 0.000 0.000 0.000 0.360 2.128 2.182 0.661 0.295 0.281 0.234 0.000 0.188 0.193 0.193 0.380 0.413 0.660
