Project1/res/jiangbei.maxtm
ncols         319
nrows         411
xllcorner     657492.000000
yllcorner     3548067.000000
cellsize      10.000000
NODATA_value  -9999.000000
[rows 60 to 89 of 411, columns 67 to 133 of 319]
2.236 2.224 2.208 2.186 2.158 2.122 2.083 2.053 2.022 2.014 2.012 2.010 2.008 2.006 0.514 0.500 0.488 0.474 0.456 0.442 0.439 0.434 0.429 0.428 0.431 0.448 0.463 1.255 1.264 1.280 1.289 1.295 1.303 1.316 1.336 1.367 1.396 1.419 1.438 1.455 1.459 1.453 0.489 0.481 0.452 0.436 0.432 0.429 0.426 0.427 0.512 0.531 0.548 0.561 0.562 0.431 0.416 0.414 0.419 0.431 1.122 1.104 1.084 1.069 1.061 1.056 1.052
2.229 2.217 2.201 2.178 2.152 2.123 2.091 2.063 2.048 2.016 0.439 0.441 0.459 0.504 0.502 0.496 0.488 0.477 0.469 0.464 0.459 0.450 0.439 0.444 0.447 0.449 0.460 0.480 0.460 0.434 0.448 0.506 0.531 0.533 1.329 1.386 1.413 1.438 1.456 1.467 1.471 1.468 0.493 0.484 0.475 0.464 0.450 0.441 0.436 0.424 0.454 0.525 0.554 0.561 0.564 0.566 0.430 0.420 0.416 0.418 0.623 1.063 1.056 1.049 1.045 1.044 1.045
2.224 2.210 2.197 2.174 2.151 2.125 2.096 2.070 2.059 0.436 0.433 0.429 0.441 0.447 0.437 0.426 0.487 0.482 0.469 0.449 0.443 0.439 0.433 0.426 0.421 0.425 0.434 0.477 0.459 0.431 0.449 0.527 0.537 0.538 0.527 1.367 1.437 1.463 1.477 1.485 1.488 1.487 0.498 0.488 0.480 0.464 0.445 0.432 0.434 0.436 0.454 0.455 0.543 0.558 0.569 0.572 0.574 0.574 0.422 0.412 0.612 0.712 1.030 1.023 1.024 1.031 1.037
2.219 2.205 2.194 2.174 2.151 2.127 2.098 2.068 2.055 2.015 0.423 0.435 0.460 0.438 0.421 0.429 0.602 0.627 0.468 0.440 0.432 0.431 0.427 0.422 0.416 0.421 0.430 0.467 0.476 0.433 0.513 0.532 0.539 0.539 0.527 0.451 1.477 1.498 1.503 1.507 1.508 1.506 0.503 0.487 0.473 0.458 0.445 0.438 0.435 0.443 0.451 0.426 0.430 0.532 0.569 0.574 0.581 0.590 0.588 0.421 0.616 0.623 0.676 0.989 0.999 1.015 1.030
2.214 2.201 2.194 2.176 2.156 2.133 2.097 2.056 2.021 2.015 0.424 0.445 0.814 0.811 0.794 0.773 0.764 0.754 0.481 0.438 0.429 0.423 0.421 0.418 0.416 0.419 0.424 0.457 0.494 0.497 0.523 0.530 0.535 0.538 0.528 0.441 1.536 1.527 1.527 1.528 1.527 1.525 1.508 0.485 0.470 0.467 0.455 0.443 0.432 0.437 0.438 0.426 0.423 0.541 0.563 0.572 0.580 0.591 0.600 0.607 0.614 0.622 0.644 0.675 0.721 0.796 0.437
2.211 2.199 2.195 2.181 2.157 0.448 0.442 2.020 2.014 2.013 2.006 0.825 0.818 0.810 0.796 0.779 0.767 0.759 0.730 0.439 0.433 0.429 0.427 0.424 0.417 0.416 0.420 0.426 0.493 0.508 0.513 0.522 0.529 0.536 0.537 0.533 1.550 1.549 1.547 1.546 1.544 1.542 1.531 0.494 0.490 0.491 0.491 0.482 0.458 0.463 0.455 0.471 0.539 0.549 0.553 0.565 0.579 0.591 0.600 0.609 0.617 0.629 0.648 0.659 0.664 0.435 0.433
2.209 2.197 2.196 2.180 0.461 0.447 0.445 0.454 2.012 2.009 2.005 0.833 0.823 0.813 0.796 0.777 0.764 0.754 0.744 0.454 0.445 0.445 0.446 0.446 0.440 0.432 0.415 0.421 0.442 0.506 0.510 0.517 0.526 0.532 0.537 0.541 1.569 1.566 1.564 1.562 1.559 1.557 1.552 0.502 0.495 0.504 0.523 0.531 0.535 0.540 0.541 0.544 0.548 0.549 0.549 0.547 0.548 0.588 0.598 0.610 0.620 0.632 0.653 0.659 0.662 0.429 0.426
0.442 0.444 0.443 0.455 0.458 0.447 0.447 0.453 0.463 2.006 2.004 0.835 0.826 0.815 0.796 0.774 0.754 0.746 0.736 0.709 0.473 0.468 0.468 0.466 0.463 0.427 0.415 0.420 0.432 0.489 0.497 0.506 0.513 0.529 0.536 0.543 1.579 1.579 1.578 1.575 1.572 1.568 1.563 1.553 0.488 0.471 0.464 0.501 0.520 0.535 0.538 0.541 0.542 0.543 0.542 0.534 0.491 0.449 0.462 0.615 0.626 0.640 0.656 0.660 0.661 0.426 0.422
0.436 0.433 0.426 0.434 0.451 0.446 0.447 0.450 0.452 2.004 0.839 0.835 0.828 0.816 0.791 0.768 0.745 0.738 0.728 0.713 0.488 0.466 0.460 0.436 0.430 0.422 0.413 0.418 0.438 0.461 0.478 0.487 0.483 0.452 0.529 1.585 1.594 1.593 1.590 1.587 1.583 1.577 1.569 1.558 0.477 0.472 0.472 0.474 0.476 0.487 0.508 0.524 0.535 0.537 0.538 0.528 0.435 0.436 0.440 0.456 0.626 0.637 0.648 0.656 0.659 0.437 0.419
0.432 0.427 0.421 0.429 0.439 0.443 0.444 0.446 0.445 0.833 0.834 0.833 0.830 0.465 0.455 0.701 0.737 0.730 0.723 0.711 0.501 0.453 0.438 0.431 0.426 0.421 0.428 0.433 0.437 0.451 0.463 0.466 0.466 0.453 0.502 1.613 1.608 1.605 1.601 1.597 1.593 1.587 1.578 0.490 0.464 0.460 0.461 0.462 0.463 0.464 0.469 0.497 0.526 0.531 0.533 0.533 0.453 0.441 0.437 0.441 0.613 0.623 0.627 0.636 0.657 0.656 0.442
0.427 0.422 0.416 0.424 0.432 0.434 0.434 0.436 0.458 0.827 0.829 0.829 0.827 0.466 0.451 0.446 0.672 0.724 0.719 0.714 0.462 0.435 0.430 0.426 0.422 0.412 0.425 0.428 0.432 0.441 0.449 0.458 0.461 1.631 1.629 1.623 1.618 1.614 1.610 1.606 1.601 1.596 1.582 0.483 0.462 0.453 0.452 0.456 0.461 0.462 0.465 0.484 0.509 0.524 0.527 0.535 0.529 0.456 0.432 0.432 0.436 0.617 0.624 0.627 0.641 0.653 0.650
0.431 0.427 0.422 0.427 0.429 0.433 0.438 0.446 0.516 0.820 0.825 0.826 0.825 0.455 0.442 0.437 0.446 0.709 0.716 0.713 0.437 0.424 0.422 0.421 0.420 0.419 0.427 0.427 0.427 0.432 0.444 0.453 1.636 1.636 1.633 1.629 1.626 1.622 1.618 1.613 1.609 1.603 1.575 0.488 0.478 0.466 0.458 0.459 0.469 0.466 0.468 0.479 0.491 0.512 0.518 0.532 0.536 0.535 0.427 0.425 0.429 0.600 0.621 0.623 0.636 0.638 0.643
0.437 0.433 0.427 0.432 0.437 0.442 0.449 0.470 0.493 0.817 0.822 0.824 0.784 0.439 0.433 0.428 0.434 0.438 0.469 0.697 0.443 0.432 0.430 0.428 0.428 0.428 0.427 0.421 0.421 0.429 0.443 1.635 1.639 1.639 1.637 1.634 1.631 1.627 1.623 1.619 1.614 1.609 0.495 0.491 0.488 0.485 0.481 0.477 0.483 0.476 0.471 0.474 0.479 0.487 0.504 0.524 0.534 0.536 0.456 0.438 0.452 0.589 0.602 0.623 0.624 0.420 0.483
0.446 0.442 0.435 0.439 0.448 0.460 0.471 0.477 0.478 0.483 0.822 0.819 0.429 0.427 0.424 0.420 0.424 0.426 0.431 0.676 0.446 0.436 0.432 0.429 0.425 0.428 0.422 0.425 0.426 0.428 0.434 1.639 1.641 1.640 1.639 1.637 1.634 1.631 1.627 1.623 1.619 1.613 0.489 0.489 0.489 0.490 0.491 0.488 0.484 0.475 0.465 0.464 0.464 0.468 0.480 0.512 0.531 0.536 0.538 0.535 0.562 0.580 0.587 0.439 0.550 0.466 0.552
0.456 0.452 0.451 0.456 0.463 0.468 0.475 0.473 0.464 0.453 0.791 0.784 0.451 0.437 0.432 0.425 0.431 0.436 0.441 0.647 0.462 0.439 0.435 0.432 0.430 0.430 0.426 0.417 0.422 0.424 0.429 1.641 1.641 1.641 1.640 1.639 1.636 1.633 1.630 1.626 1.622 1.617 0.480 0.481 0.484 0.487 0.488 0.485 0.474 0.461 0.452 0.448 0.451 0.459 0.466 0.481 0.526 0.535 0.539 0.544 0.567 0.578 0.580 0.432 0.426 0.445 0.626
0.466 0.463 0.462 0.463 0.464 0.461 0.444 0.444 0.437 0.430 0.439 0.624 0.590 0.510 0.436 0.427 0.434 0.443 0.462 0.639 0.633 0.451 0.439 0.435 0.433 0.432 0.428 0.421 0.420 0.420 0.429 0.440 1.641 1.641 1.641 1.639 1.637 1.634 1.631 1.627 1.623 1.618 0.463 0.459 0.460 0.462 0.464 0.461 0.455 0.449 0.443 0.438 0.446 0.454 0.459 0.463 0.476 0.527 0.534 0.542 0.542 0.529 0.441 0.427 0.419 0.427 0.441
0.883 0.878 0.472 0.466 0.460 0.443 0.428 0.436 0.438 0.439 0.463 0.586 0.585 0.585 0.544 0.430 0.442 0.487 0.611 0.636 0.640 0.638 0.631 0.441 0.437 0.435 0.432 0.427 0.422 0.426 0.430 0.434 1.641 1.641 1.640 1.639 1.637 1.634 1.631 1.627 1.623 1.617 0.457 0.454 0.450 0.448 0.449 0.448 0.445 0.441 0.436 0.431 0.440 0.447 0.451 0.453 0.450 0.447 0.520 0.556 0.442 0.443 0.453 0.453 0.443 0.427 0.424
0.897 0.895 0.894 0.892 0.462 0.439 0.427 0.435 0.455 0.533 0.582 0.583 0.583 0.583 0.583 0.573 0.506 0.491 0.617 0.639 0.643 0.642 0.639 0.614 0.442 0.440 0.436 0.429 0.419 0.422 0.426 0.429 1.636 1.639 1.639 1.637 1.636 1.633 1.630 1.626 1.622 0.479 0.462 0.465 0.463 0.445 0.437 0.436 0.435 0.434 0.431 0.426 0.433 0.439 0.439 0.436 0.437 0.442 0.722 0.722 0.462 0.466 0.473 0.472 0.471 0.469 0.436
0.900 0.898 0.896 0.895 0.894 0.893 0.435 0.584 0.582 0.581 0.579 0.579 0.580 0.581 0.579 0.487 0.467 0.457 0.446 0.439 0.634 0.642 0.642 0.637 0.450 0.444 0.440 0.433 0.426 0.418 0.422 0.425 0.430 1.636 1.636 1.635 1.633 1.630 1.627 1.624 1.621 0.461 0.471 0.495 0.511 0.509 0.470 0.456 0.448 0.445 0.441 0.437 0.435 0.441 0.442 0.441 0.445 0.747 0.746 0.744 0.505 0.474 0.480 0.480 0.479 0.476 0.476
0.901 0.898 0.896 0.894 0.894 0.892 0.448 0.582 0.579 0.576 0.560 0.548 0.539 0.501 0.480 0.470 0.466 0.455 0.444 0.436 0.432 0.435 0.642 0.639 0.462 0.448 0.444 0.437 0.429 0.417 0.419 0.421 0.425 1.632 1.633 1.633 1.630 1.626 1.623 1.621 1.618 0.449 0.456 0.502 0.762 0.771 0.772 0.771 0.497 0.462 0.449 0.441 0.434 0.441 0.446 0.452 0.741 0.749 0.749 0.748 0.699 0.477 0.481 0.481 0.482 0.481 0.935
0.899 0.897 0.821 0.450 0.444 0.438 0.430 0.440 0.449 0.474 0.524 0.523 0.517 0.481 0.472 0.471 0.468 0.458 0.445 0.435 0.434 0.432 0.641 0.639 0.576 0.453 0.449 0.443 0.433 0.420 0.423 0.426 0.437 1.626 1.629 1.629 1.625 1.620 1.617 1.615 1.613 0.440 0.439 0.437 0.439 0.452 0.773 0.773 0.773 0.772 0.740 0.448 0.435 0.447 0.457 0.463 0.723 0.752 0.753 0.752 0.751 0.475 0.473 0.475 0.480 0.941 0.940
0.893 0.789 0.451 0.444 0.438 0.432 0.426 0.435 0.441 0.445 0.461 0.518 0.514 0.481 0.471 0.471 0.469 0.461 0.449 0.435 0.436 0.504 0.639 0.639 0.637 0.458 0.448 0.444 0.435 0.421 0.430 0.436 0.446 0.459 0.463 0.459 1.617 1.611 1.608 1.607 1.606 0.445 0.440 0.438 0.438 0.440 0.487 0.772 0.773 0.773 0.773 0.773 0.453 0.448 0.449 0.451 0.470 0.754 0.756 0.755 0.754 0.474 0.458 0.467 0.943 0.943 0.943
0.881 0.460 0.450 0.444 0.436 0.429 0.425 0.433 0.436 0.439 0.448 0.514 0.513 0.477 0.464 0.466 0.467 0.463 0.452 0.437 0.452 0.636 0.638 0.637 0.637 0.459 0.446 0.443 0.435 0.422 0.427 0.431 0.436 0.446 0.452 0.455 0.474 1.598 1.597 1.595 1.592 0.447 0.442 0.438 0.439 0.447 0.462 0.470 0.706 0.772 0.773 0.773 0.774 0.421 0.426 0.435 0.700 0.757 0.758 0.757 0.756 0.468 0.456 0.919 0.944 0.944 0.944
0.479 0.457 0.450 0.444 0.437 0.427 0.423 0.430 0.431 0.434 0.442 0.511 0.510 0.467 0.453 0.455 0.458 0.457 0.454 0.471 0.486 0.628 0.636 0.635 0.634 0.465 0.446 0.443 0.436 0.426 0.425 0.428 0.432 0.438 0.445 0.449 0.461 1.586 1.584 1.582 1.575 0.446 0.442 0.442 0.446 0.455 0.461 0.460 0.459 0.578 0.771 0.771 0.772 0.774 0.429 0.428 0.753 0.762 0.759 0.759 0.761 0.453 0.430 0.428 0.430 0.431 0.429
0.470 0.454 0.450 0.448 0.443 0.442 0.437 0.425 0.424 0.431 0.436 0.483 0.507 0.461 0.444 0.444 0.448 0.449 0.461 0.475 0.479 0.486 0.578 0.616 0.613 0.469 0.448 0.444 0.439 0.431 0.419 0.426 0.429 0.433 0.439 0.443 0.451 1.575 1.572 1.565 1.553 0.458 0.446 0.443 0.443 0.443 0.448 0.448 0.455 0.537 0.767 0.769 0.770 0.771 0.772 0.772 0.771 0.767 0.764 0.763 0.764 0.742 0.428 0.417 0.423 0.432 0.436
0.459 0.450 0.451 0.453 0.454 0.451 0.443 0.431 0.433 0.435 0.434 0.486 0.503 0.457 0.438 0.433 0.438 0.447 0.473 0.483 0.482 0.480 0.506 0.512 0.490 0.468 0.454 0.450 0.446 0.441 0.434 0.431 0.428 0.430 0.434 0.438 0.443 1.566 1.561 1.552 1.532 0.516 0.511 0.508 0.503 0.446 0.436 0.437 0.459 0.475 0.763 0.765 0.766 0.768 0.432 0.766 0.769 0.759 0.756 0.760 0.765 0.790 0.435 0.424 0.426 0.441 0.952
0.449 0.443 0.449 0.456 0.457 0.453 0.446 0.433 0.441 0.446 0.451 0.491 0.500 0.454 0.434 0.427 0.447 0.467 0.483 0.491 0.479 0.475 0.502 0.501 0.491 0.473 0.468 0.464 0.462 0.457 0.450 0.438 0.425 0.427 0.430 0.433 0.435 0.441 0.461 0.454 0.488 0.506 0.510 0.509 0.508 0.507 0.471 0.446 0.462 0.468 0.473 0.516 0.516 0.458 0.439 0.430 0.470 0.656 0.668 0.694 0.750 1.644 1.669 1.681 0.431 0.959 0.959
0.435 0.432 0.438 0.450 0.458 0.453 0.444 0.434 0.457 0.468 0.477 0.489 0.496 0.449 0.438 0.445 0.471 0.489 0.497 0.498 0.470 0.454 0.494 0.498 0.492 0.481 0.473 0.468 0.462 0.448 0.442 0.436 0.427 0.426 0.426 0.427 0.429 0.431 0.435 0.438 0.427 0.420 0.416 0.416 0.429 0.505 0.473 0.446 0.448 0.456 0.450 0.458 0.456 0.455 0.458 0.460 0.480 0.487 0.492 0.496 1.096 1.675 1.694 1.703 1.494 0.971 0.960
0.430 0.437 0.440 0.453 0.458 0.452 0.443 0.432 0.424 0.441 0.461 0.481 0.484 0.442 0.441 0.467 0.485 0.498 0.507 0.513 0.513 0.490 0.483 0.492 0.491 0.486 0.476 0.467 0.445 0.437 0.437 0.434 0.428 0.424 0.419 0.422 0.422 0.426 0.429 0.433 0.424 0.417 0.411 0.414 0.422 0.502 0.451 0.431 0.426 0.429 0.432 0.438 0.443 0.448 0.454 0.464 0.475 0.480 0.433 0.426 0.432 1.719 1.724 1.727 1.722 1.001 0.431
0.438 0.443 0.446 0.453 0.460 0.453 0.443 0.433 0.426 0.421 0.436 0.455 0.455 0.440 0.454 0.475 0.487 0.504 0.514 0.520 0.522 0.521 0.512 0.499 0.493 0.487 0.476 0.461 0.443 0.439 0.440 0.443 0.442 0.436 0.427 0.418 0.416 0.424 0.424 0.428 0.422 0.415 0.420 0.424 0.458 0.498 0.439 0.426 0.422 0.419 0.425 0.429 0.433 0.438 0.443 0.449 0.463 0.468 0.424 0.419 0.421 1.752 1.752 1.753 1.744 1.683 0.429
