Project1/res/jiangbei-0001.Vy
ncols         319
nrows         412
xllcorner     657492.000000
yllcorner     3548062.000000
cellsize      10.000000
NODATA_value  -9999.000000
[rows 231 to 263 of 412, columns 75 to 149 of 319]
-0.000 -0.018 -0.004 0.025 0.022 -0.016 -0.010 -0.011 -0.010 -0.008 -0.007 -0.005 -0.003 -0.001 0.005 0.024 0.025 0.019 0.013 0.020 0.022 0.038 -0.022 -0.023 -0.011 0.052 0.038 -0.015 -0.000 -0.007 -0.001 0.014 0.088 0.023 0.038 0.041 0.081 0.060 -0.022 -0.016 0.041 0.050 0.029 -0.011 -0.024 -0.030 -0.021 -0.018 -0.027 -0.023 -0.031 -0.041 -0.055 -0.009 0.087 0.054 0.047 0.084 0.081 0.055 0.031 0.023 0.047 0.105 0.056 0.040 0.051 0.046 -0.009 -0.006 -0.008 -0.011 -0.023 0.023 0.020
0.001 -0.025 -0.048 0.016 0.013 -0.001 -0.007 -0.008 -0.007 -0.006 -0.004 -0.002 -0.001 0.001 0.001 0.020 0.020 0.011 -0.027 -0.013 -0.009 -0.000 0.015 0.020 0.030 0.049 -0.016 -0.066 -0.026 -0.011 -0.020 -0.015 0.161 0.176 0.120 0.083 0.112 0.067 0.021 0.013 0.062 0.089 0.050 0.031 0.016 -0.034 -0.019 0.041 0.030 0.019 -0.002 -0.029 -0.061 -0.066 -0.072 0.021 0.006 0.014 0.064 0.071 0.044 0.014 -0.004 0.046 0.112 0.038 0.044 -0.013 -0.006 -0.005 -0.006 -0.008 -0.011 -0.011 0.049
-0.014 -0.029 -0.031 -0.023 -0.027 -0.020 -0.008 -0.006 -0.004 -0.003 -0.002 -0.001 0.001 0.003 0.004 0.017 -0.001 -0.031 -0.030 -0.029 -0.042 -0.020 0.026 0.028 0.000 0.027 0.013 -0.059 -0.062 -0.054 -0.031 -0.022 0.035 0.104 0.096 0.088 0.085 0.067 0.050 0.042 0.075 0.112 0.061 0.050 -0.008 -0.020 0.016 0.059 0.052 0.028 -0.032 -0.039 -0.045 -0.055 -0.095 -0.073 0.013 0.005 0.007 0.052 0.062 0.036 0.020 0.054 -0.028 -0.038 -0.017 0.005 -0.003 -0.004 -0.005 -0.005 -0.005 -0.005 -0.001
-0.057 -0.055 -0.035 -0.025 -0.036 -0.016 -0.008 -0.004 -0.001 -0.001 -0.001 -0.000 0.001 0.013 -0.040 -0.043 -0.058 -0.025 -0.018 -0.018 -0.054 -0.033 -0.015 0.000 0.017 -0.037 -0.025 0.058 0.058 -0.011 -0.026 -0.022 -0.022 0.021 0.007 0.011 0.010 0.002 0.052 0.044 0.097 0.085 0.057 0.044 0.034 0.033 0.045 0.078 0.097 0.055 -0.036 -0.049 -0.041 -0.061 -0.099 -0.069 -0.092 0.021 0.005 0.006 0.051 0.063 0.053 0.078 -0.025 -0.022 -0.037 -0.023 -0.014 -0.002 -0.004 -0.004 -0.004 -0.002 -0.001
-0.097 -0.071 -0.035 -0.011 -0.019 -0.015 -0.008 -0.002 0.008 -0.010 -0.029 -0.041 -0.042 -0.057 -0.051 -0.053 -0.043 0.022 0.026 0.025 -0.052 -0.023 -0.017 0.000 -0.040 -0.078 -0.057 -0.031 0.148 0.044 0.020 0.012 0.027 0.013 0.006 0.010 0.005 -0.004 -0.004 0.057 0.074 0.082 0.065 0.051 0.052 0.048 0.054 0.007 0.010 -0.047 -0.050 -0.053 -0.044 -0.076 -0.077 -0.034 -0.066 -0.102 -0.052 0.008 0.005 0.025 0.069 0.035 0.000 0.019 -0.039 -0.035 -0.025 -0.024 -0.008 -0.006 -0.004 -0.010 -0.065
-0.079 -0.073 -0.033 -0.002 -0.007 -0.006 -0.005 -0.003 -0.003 -0.025 -0.036 -0.059 -0.061 -0.051 0.000 -0.033 -0.036 0.029 0.023 -0.029 -0.025 -0.026 -0.023 0.008 -0.054 -0.064 -0.044 -0.022 0.133 0.083 0.000 0.048 0.046 0.003 0.003 0.004 0.000 -0.003 -0.011 0.018 0.061 0.066 0.059 0.055 0.039 0.025 0.016 0.010 -0.037 -0.039 -0.034 -0.039 -0.032 -0.093 -0.087 -0.072 -0.089 -0.068 -0.059 -0.071 0.006 -0.000 -0.000 0.030 0.000 -0.011 -0.021 0.023 0.018 -0.015 -0.036 -0.058 -0.069 -0.097 -0.079
-0.043 -0.043 -0.022 -0.008 -0.003 -0.004 -0.005 -0.010 -0.009 0.025 0.031 -0.011 -0.014 0.028 0.000 0.033 -0.010 -0.039 -0.042 -0.029 -0.029 0.001 0.020 0.013 -0.077 -0.033 -0.027 0.031 0.109 0.011 0.013 -0.007 -0.001 0.000 0.001 0.001 0.001 0.001 0.001 0.005 0.007 -0.004 -0.051 -0.023 0.030 0.031 0.016 0.016 0.013 0.027 0.014 -0.025 -0.035 -0.083 -0.075 -0.060 -0.060 -0.050 -0.020 -0.061 -0.103 -0.021 -0.054 -0.046 0.011 -0.006 0.034 0.056 0.054 0.022 -0.033 -0.064 -0.079 -0.096 -0.064
-0.028 -0.027 -0.014 -0.006 -0.002 -0.002 -0.009 -0.016 -0.012 0.025 0.044 0.035 0.042 0.049 0.059 0.056 0.036 -0.018 -0.037 -0.023 -0.020 0.000 -0.021 -0.046 -0.066 -0.032 -0.028 0.001 -0.048 0.013 0.000 -0.002 -0.000 0.000 0.000 0.001 0.001 0.002 0.003 0.007 0.015 0.028 -0.040 -0.042 -0.085 -0.013 -0.073 -0.032 -0.019 0.044 0.035 -0.015 -0.031 -0.074 -0.067 -0.031 -0.039 -0.040 -0.027 -0.050 -0.131 -0.180 -0.058 -0.037 -0.017 0.028 0.048 0.054 0.049 0.031 -0.041 -0.048 -0.039 -0.078 -0.048
-0.014 -0.017 -0.010 -0.004 -0.000 -0.002 -0.011 -0.018 -0.005 -0.002 0.017 -0.020 0.023 0.043 0.046 0.051 0.028 0.009 0.011 0.016 0.025 0.022 -0.003 -0.063 -0.052 -0.038 -0.040 -0.058 -0.071 -0.089 -0.088 -0.073 -0.048 0.000 0.000 0.000 0.001 0.002 0.009 -0.041 -0.055 -0.058 -0.044 -0.045 -0.045 -0.106 -0.129 0.025 0.044 0.064 0.053 0.030 -0.018 -0.026 -0.058 0.007 -0.020 -0.034 -0.049 -0.054 -0.110 -0.128 -0.023 -0.013 0.020 0.042 0.025 0.002 0.002 -0.033 -0.037 -0.036 -0.029 -0.035 -0.052
-0.009 -0.011 -0.006 -0.004 -0.021 -0.035 -0.038 -0.018 -0.005 -0.001 -0.035 -0.034 -0.031 -0.001 0.001 0.002 0.000 0.018 0.038 0.031 0.013 0.014 0.014 -0.034 -0.038 -0.028 -0.024 -0.015 -0.035 -0.079 -0.082 -0.072 -0.077 -0.062 -0.000 0.000 0.000 0.003 -0.054 -0.060 -0.054 -0.038 -0.021 -0.010 -0.036 -0.036 -0.082 -0.049 -0.038 0.037 0.066 0.044 -0.009 -0.018 -0.031 -0.034 -0.015 -0.023 -0.044 -0.051 -0.060 -0.102 0.011 0.015 0.024 0.044 -0.001 0.000 -0.000 0.032 0.024 0.017 0.005 -0.020 -0.047
-0.010 -0.012 -0.016 -0.034 -0.043 -0.036 -0.043 -0.073 -0.043 -0.069 -0.054 -0.033 -0.020 0.019 -0.002 -0.006 -0.018 -0.023 -0.025 0.009 0.007 0.005 -0.033 -0.040 -0.030 0.000 0.022 0.028 0.020 -0.035 -0.053 -0.056 -0.057 -0.062 -0.062 0.002 -0.001 -0.002 -0.041 -0.041 -0.028 -0.006 0.021 0.020 -0.019 -0.034 -0.019 -0.054 -0.017 -0.008 0.029 0.048 0.036 0.022 -0.015 -0.028 -0.021 0.004 -0.027 -0.044 -0.046 -0.048 -0.058 -0.009 -0.054 -0.080 -0.001 -0.000 -0.001 0.042 0.052 0.050 0.043 0.025 -0.008
-0.040 -0.045 -0.043 -0.042 -0.036 -0.027 -0.036 -0.043 -0.041 -0.056 0.000 -0.030 -0.014 -0.015 -0.002 -0.003 -0.021 0.004 -0.007 0.021 0.030 -0.020 -0.032 -0.031 -0.024 0.000 0.031 0.026 0.005 -0.028 -0.029 -0.028 -0.028 -0.032 -0.048 -0.067 -0.062 -0.089 -0.037 -0.027 -0.004 0.020 0.025 0.009 -0.012 0.012 -0.017 -0.044 -0.023 -0.013 -0.013 0.035 0.051 0.042 0.027 -0.011 -0.018 0.007 -0.002 -0.018 -0.023 -0.039 -0.069 -0.057 -0.079 -0.088 -0.078 -0.054 -0.002 -0.002 0.053 0.065 0.059 0.049 0.036
-0.044 -0.066 -0.037 -0.029 -0.022 -0.013 -0.014 0.015 0.024 0.011 0.000 0.025 0.024 0.022 -0.011 0.004 0.023 0.028 0.028 0.049 0.064 -0.026 -0.020 -0.025 -0.018 -0.012 -0.019 0.037 -0.018 -0.026 -0.021 0.014 0.028 0.024 -0.025 -0.042 -0.058 -0.095 -0.063 -0.017 0.021 0.026 0.011 0.011 -0.003 0.005 -0.029 -0.035 -0.022 -0.014 -0.017 0.027 -0.010 0.043 0.042 0.007 -0.014 -0.011 0.051 0.026 0.027 -0.018 -0.056 -0.059 -0.066 -0.065 -0.052 -0.088 -0.073 -0.003 -0.003 0.042 0.065 0.068 0.056
-0.026 -0.047 -0.020 -0.015 0.004 0.017 0.011 0.038 0.053 0.058 0.056 0.057 0.051 0.039 -0.019 0.015 0.046 0.027 0.023 0.049 0.011 0.026 0.000 -0.016 0.006 0.021 0.021 0.064 0.024 0.016 0.004 0.023 0.026 0.015 0.019 -0.019 -0.036 -0.055 -0.047 -0.007 0.023 0.030 0.031 0.031 0.027 0.026 -0.041 -0.021 -0.013 -0.009 -0.012 -0.022 -0.026 0.047 0.059 0.040 0.025 0.026 0.065 0.061 0.065 0.022 -0.036 -0.042 -0.041 -0.058 -0.030 -0.066 -0.096 -0.057 -0.004 -0.002 -0.007 0.051 0.053
0.008 -0.020 -0.002 0.009 0.015 0.033 0.033 0.062 0.087 0.062 0.067 0.052 0.047 0.028 -0.011 -0.020 0.049 0.024 0.039 0.039 0.026 0.025 0.000 0.026 0.039 0.049 0.038 0.041 0.023 0.034 0.023 -0.018 -0.018 0.009 0.033 0.020 -0.014 -0.020 -0.018 -0.008 0.030 0.040 0.043 0.044 0.042 0.023 -0.042 -0.018 -0.011 -0.007 -0.008 0.020 0.022 0.077 0.077 0.061 0.043 0.043 0.065 0.106 -0.030 -0.046 -0.041 -0.049 -0.051 -0.058 -0.062 -0.082 -0.109 -0.108 -0.085 -0.070 -0.060 -0.060 0.038
-0.008 -0.001 0.001 0.025 0.017 0.041 0.055 0.068 0.055 0.004 0.005 -0.026 0.037 0.019 0.005 0.016 0.042 0.034 0.027 0.022 0.009 0.018 0.034 0.038 0.041 -0.017 0.000 0.013 0.050 0.027 0.028 0.020 -0.087 0.007 0.021 0.032 0.022 0.036 0.034 0.028 0.012 0.037 0.047 0.048 0.027 -0.026 -0.019 -0.014 -0.010 -0.008 -0.014 -0.007 0.025 0.059 0.082 0.047 0.023 0.034 0.139 0.011 -0.046 -0.058 -0.059 -0.051 -0.051 -0.049 -0.061 -0.090 -0.093 -0.087 -0.089 -0.082 -0.083 -0.070 0.049
0.014 -0.000 0.001 0.024 0.021 0.055 0.046 0.003 0.002 -0.034 -0.040 -0.021 0.037 0.026 0.033 0.035 0.107 0.045 0.023 0.009 -0.012 -0.027 0.033 0.041 -0.061 -0.044 -0.023 -0.037 0.055 0.053 0.036 0.019 -0.091 -0.037 0.100 0.024 0.031 0.053 0.057 0.039 -0.009 0.013 0.051 0.027 -0.014 -0.013 -0.013 -0.012 -0.014 -0.028 -0.026 0.030 0.036 0.044 0.017 -0.025 0.033 0.048 0.178 0.048 -0.023 -0.039 -0.050 -0.050 -0.043 -0.043 -0.057 -0.070 -0.085 -0.056 -0.077 -0.092 -0.084 -0.069 -0.060
0.001 0.002 0.005 -0.022 0.021 0.033 0.001 0.001 -0.038 -0.038 -0.025 -0.016 0.024 0.014 0.058 0.085 0.119 -0.024 -0.045 -0.049 -0.037 -0.042 -0.049 -0.050 -0.082 -0.047 -0.010 -0.032 0.002 -0.006 0.001 0.034 0.092 0.052 0.164 0.036 0.047 0.050 0.067 0.034 -0.015 -0.032 -0.033 -0.002 -0.009 -0.012 -0.013 -0.018 -0.046 -0.061 0.021 0.034 0.030 0.109 -0.028 -0.019 0.032 0.048 0.153 0.050 0.030 0.026 0.011 -0.016 -0.024 -0.034 -0.045 -0.063 -0.072 -0.061 -0.063 -0.090 -0.107 -0.110 -0.076
-0.021 -0.015 0.026 -0.011 -0.020 0.002 0.001 -0.033 -0.026 -0.025 0.000 0.024 0.041 0.023 0.048 -0.034 -0.032 -0.035 -0.037 -0.037 -0.026 -0.033 -0.043 -0.040 -0.088 -0.023 0.012 -0.091 -0.044 -0.040 -0.039 -0.034 0.126 0.124 0.174 0.146 0.101 -0.004 0.022 0.030 0.019 -0.012 -0.030 -0.030 -0.012 -0.012 -0.015 -0.029 -0.063 -0.030 0.014 0.006 -0.008 -0.008 0.019 0.023 0.033 0.042 0.034 0.040 0.049 0.055 0.048 0.033 0.020 0.013 -0.024 -0.046 -0.055 -0.047 -0.055 -0.082 -0.114 -0.112 -0.117
0.016 0.017 0.028 0.016 -0.018 -0.055 -0.040 -0.031 0.006 -0.016 0.000 0.048 0.037 0.047 -0.045 -0.055 -0.044 -0.015 -0.028 -0.025 -0.015 -0.012 -0.014 -0.004 -0.083 -0.090 -0.067 -0.054 -0.060 -0.052 -0.041 -0.024 0.113 0.150 0.174 0.109 -0.009 0.003 0.035 0.038 0.040 0.029 0.015 -0.025 -0.029 -0.025 -0.016 -0.021 -0.033 -0.010 -0.001 0.002 0.000 -0.208 -0.054 0.022 0.066 0.011 0.009 -0.071 0.028 0.064 0.081 0.066 0.027 0.022 -0.006 -0.030 -0.032 -0.031 -0.043 -0.071 -0.083 -0.092 -0.108
0.026 0.012 0.008 0.025 0.013 -0.017 0.002 0.016 0.035 0.026 0.025 0.067 0.049 -0.005 -0.060 -0.065 -0.049 -0.021 -0.012 -0.012 -0.006 0.020 0.026 0.010 -0.153 -0.068 -0.072 -0.068 -0.058 -0.042 0.013 0.025 0.076 0.140 0.114 -0.021 -0.128 -0.068 0.055 0.057 0.035 0.041 0.043 0.023 -0.018 -0.028 -0.019 -0.010 -0.010 -0.005 -0.001 0.009 -0.036 -0.024 -0.023 -0.013 -0.047 -0.069 -0.084 -0.074 -0.066 -0.092 0.056 0.083 0.060 -0.016 -0.028 -0.012 0.016 0.012 -0.015 -0.028 -0.060 -0.072 -0.092
0.003 0.003 0.005 0.016 0.023 0.028 0.028 0.029 0.063 0.036 0.030 0.169 0.018 -0.050 -0.056 -0.073 -0.065 -0.019 0.010 0.012 0.017 0.007 -0.019 -0.020 -0.058 -0.061 -0.058 -0.047 -0.024 0.043 0.051 0.049 0.086 0.035 0.011 -0.004 -0.075 -0.036 -0.041 -0.029 0.065 0.046 0.014 0.034 0.025 -0.014 -0.027 -0.022 -0.014 -0.005 -0.004 -0.108 -0.021 0.017 -0.030 -0.029 -0.037 -0.065 -0.079 -0.066 -0.035 -0.034 -0.008 0.080 0.089 0.053 -0.008 0.010 0.048 0.042 -0.007 -0.039 -0.057 -0.069 -0.081
0.002 0.002 0.003 0.007 0.044 0.011 0.014 0.033 -0.023 0.111 0.114 -0.021 -0.046 -0.045 -0.021 -0.068 -0.079 -0.045 -0.031 0.009 -0.043 -0.047 -0.072 -0.074 -0.054 -0.040 -0.030 -0.018 0.037 0.054 0.059 0.054 0.020 0.005 0.002 -0.002 -0.020 -0.020 -0.028 -0.027 0.042 0.014 0.008 0.019 0.024 0.022 -0.003 -0.022 -0.032 -0.028 -0.037 -0.100 0.022 0.025 -0.022 0.026 0.014 -0.045 -0.057 -0.055 -0.037 -0.034 -0.042 -0.022 0.072 0.074 0.054 0.058 0.107 0.051 -0.056 -0.066 -0.062 -0.068 -0.045
0.003 0.004 -0.013 0.018 0.023 -0.013 -0.006 -0.015 0.081 0.118 -0.016 -0.030 -0.038 -0.047 -0.042 -0.078 -0.077 -0.057 -0.041 -0.054 -0.045 -0.044 -0.069 -0.062 -0.030 -0.013 0.028 0.043 0.053 0.054 0.055 0.010 0.003 0.003 -0.001 -0.002 -0.006 0.017 0.012 0.025 0.023 0.009 0.005 0.007 0.018 0.030 0.032 0.024 -0.035 -0.041 -0.048 -0.155 -0.035 -0.039 -0.045 -0.041 -0.041 -0.043 -0.049 -0.050 -0.040 -0.028 -0.035 -0.026 0.077 0.073 0.090 0.135 0.137 0.053 -0.054 -0.060 -0.064 -0.061 -0.064
0.002 -0.014 0.014 0.027 0.039 0.017 -0.006 -0.020 0.101 0.118 -0.015 -0.030 -0.039 -0.040 -0.045 -0.060 -0.073 -0.052 -0.051 -0.058 -0.041 -0.032 -0.036 -0.037 0.011 0.030 0.045 0.058 0.061 0.062 0.034 -0.015 -0.036 -0.040 -0.005 -0.002 -0.004 -0.019 0.009 -0.020 0.011 0.005 0.004 0.004 0.006 0.009 -0.003 0.030 -0.032 -0.023 -0.019 -0.116 -0.080 -0.060 -0.058 -0.068 -0.033 -0.028 -0.038 -0.038 -0.032 -0.018 -0.004 0.023 0.055 0.006 0.003 0.001 0.029 -0.037 -0.058 -0.053 -0.052 -0.053 -0.046
-0.002 0.013 0.018 0.024 0.015 0.012 0.014 0.012 0.090 0.122 0.038 -0.019 -0.029 -0.044 -0.031 -0.032 -0.046 -0.030 -0.037 -0.038 0.012 0.022 0.015 -0.005 0.048 0.044 0.058 0.066 0.069 0.042 0.059 -0.047 -0.037 -0.034 -0.007 -0.003 -0.005 -0.016 0.007 -0.037 -0.064 -0.052 -0.025 0.013 0.003 0.002 0.000 -0.035 -0.026 -0.009 0.010 -0.074 -0.050 -0.044 -0.071 -0.059 0.015 0.012 -0.019 -0.025 -0.011 0.025 0.036 0.043 0.006 0.003 0.003 -0.084 -0.065 -0.054 -0.050 -0.046 -0.047 -0.040 -0.031
-0.005 0.012 -0.034 0.016 -0.020 0.043 0.026 -0.008 0.071 0.034 0.044 -0.010 -0.024 -0.028 -0.018 0.007 -0.016 -0.010 -0.013 0.016 0.033 0.036 0.033 0.020 0.058 0.067 0.069 0.072 0.050 0.072 -0.053 -0.042 -0.014 -0.005 -0.013 -0.003 -0.007 0.016 -0.016 -0.039 -0.089 -0.059 -0.041 -0.043 0.004 0.001 0.001 -0.037 0.015 0.031 0.026 -0.033 -0.011 -0.053 -0.070 -0.083 -0.019 0.029 0.018 -0.005 0.023 0.045 0.053 0.035 0.002 0.001 -0.001 -0.079 -0.073 -0.045 -0.029 -0.029 -0.042 -0.032 -0.017
-0.035 -0.020 0.000 -0.010 -0.010 -0.014 -0.019 0.027 0.058 0.020 0.024 0.043 0.039 0.031 0.030 0.018 -0.011 -0.014 0.010 0.014 0.026 0.033 0.034 0.010 0.043 0.077 0.082 0.050 0.074 -0.054 -0.050 -0.035 0.027 0.015 -0.084 -0.006 -0.008 0.039 0.005 -0.036 -0.072 -0.049 0.000 -0.032 -0.024 0.000 -0.044 -0.037 0.020 -0.050 -0.071 -0.074 -0.055 -0.062 -0.053 -0.056 -0.074 -0.021 0.036 0.031 0.038 0.046 0.018 0.001 0.000 0.000 -0.094 -0.145 -0.120 -0.020 0.033 0.000 -0.033 -0.029 -0.026
-0.109 -0.019 0.000 0.019 0.030 0.006 -0.013 0.028 -0.033 0.033 0.018 0.057 0.069 0.067 0.055 0.038 0.023 0.017 0.018 -0.002 0.043 0.065 -0.009 0.032 0.055 0.074 0.041 0.019 -0.032 -0.030 -0.025 -0.026 -0.018 0.038 -0.109 -0.064 -0.008 0.027 -0.023 -0.040 -0.053 -0.040 0.000 0.030 -0.070 -0.052 -0.042 -0.024 0.009 -0.076 -0.040 -0.085 -0.075 -0.060 -0.053 -0.059 -0.058 -0.044 0.022 0.044 0.045 0.038 -0.000 -0.000 -0.000 -0.001 -0.123 -0.128 -0.117 -0.079 -0.026 0.012 -0.020 -0.026 -0.027
-0.059 0.016 0.030 0.037 0.060 0.033 0.011 -0.036 -0.031 0.045 0.025 0.020 -0.091 0.075 0.087 0.063 0.047 0.038 0.045 0.032 0.100 0.105 0.036 0.059 0.066 0.052 0.011 0.009 0.024 0.032 0.037 0.028 -0.019 0.032 -0.083 -0.049 -0.053 -0.071 -0.044 -0.044 -0.040 -0.022 0.045 -0.010 -0.056 -0.042 -0.022 0.013 -0.059 -0.048 -0.054 -0.066 -0.060 -0.041 -0.042 -0.049 -0.051 -0.042 -0.047 0.062 0.031 -0.005 -0.001 -0.001 -0.001 -0.095 -0.123 -0.108 -0.099 -0.075 -0.032 0.022 -0.013 -0.025 -0.022
0.066 0.074 0.055 0.063 0.110 0.053 0.026 -0.018 -0.024 -0.037 -0.012 0.046 0.020 0.040 0.071 0.083 0.065 0.059 0.084 0.056 0.144 0.124 0.073 0.067 0.059 0.022 0.005 0.007 -0.037 0.037 0.049 0.044 0.034 -0.007 -0.025 -0.038 -0.043 -0.045 0.010 0.027 0.021 0.014 -0.012 0.002 -0.040 0.000 0.021 -0.016 -0.044 -0.040 -0.046 -0.052 -0.050 -0.030 -0.020 -0.025 -0.034 -0.041 -0.055 -0.053 -0.000 -0.001 -0.001 -0.003 -0.013 -0.126 -0.104 -0.087 -0.079 -0.055 0.018 0.031 -0.016 -0.027 0.000
0.066 0.044 0.051 0.088 0.152 0.050 0.035 0.026 0.009 -0.027 -0.039 -0.023 0.045 0.012 0.016 0.058 0.070 0.068 0.092 0.071 0.105 0.106 0.047 -0.043 -0.104 0.206 -0.046 -0.082 -0.079 -0.063 -0.075 -0.046 -0.087 -0.064 -0.059 -0.032 -0.028 0.045 0.059 0.055 0.059 0.055 0.038 0.034 -0.015 0.000 0.033 0.006 -0.018 -0.012 -0.017 -0.023 -0.028 -0.025 0.024 0.038 0.023 -0.024 -0.048 -0.086 -0.091 -0.068 -0.052 -0.072 -0.101 -0.092 -0.070 -0.071 -0.067 -0.061 -0.052 -0.045 -0.040 -0.024 0.000
0.026 -0.049 0.026 -0.019 -0.101 -0.039 -0.040 0.032 0.031 0.003 -0.023 -0.035 -0.031 0.005 0.056 0.145 0.038 0.035 0.042 -0.029 -0.030 -0.093 -0.052 -0.049 -0.130 -0.105 -0.100 -0.101 -0.072 -0.057 -0.092 -0.044 -0.090 -0.058 -0.048 -0.045 -0.037 -0.061 0.077 0.051 0.058 0.064 0.111 -0.034 0.023 0.033 0.049 0.006 -0.002 0.021 0.023 0.022 0.021 0.021 0.039 0.068 0.048 0.016 -0.039 -0.060 -0.080 -0.052 -0.087 -0.272 -0.067 -0.051 -0.060 -0.065 -0.063 -0.056 -0.054 -0.050 -0.033 0.000 0.000
