Project1/res/jiangbei-0001.Vx
ncols         320
nrows         411
xllcorner     657487.000000
yllcorner     3548067.000000
cellsize      10.000000
NODATA_value  -9999.000000
[rows 102 to 135 of 411, columns 150 to 224 of 320]
0.020 0.014 -0.004 -0.018 -0.030 -0.042 -0.047 -0.053 -0.061 -0.058 -0.110 -0.275 -0.152 -0.081 -0.038 -0.037 -0.038 -0.006 -0.024 -0.008 -0.004 -0.059 -0.094 -0.091 -0.075 -0.053 -0.030 -0.021 -0.014 0.003 0.023 0.042 0.055 0.056 0.051 0.057 0.062 0.062 0.045 -0.010 -0.001 -0.001 -0.005 -0.008 -0.009 -0.043 -0.054 -0.040 -0.010 0.030 0.045 0.028 0.005 0.028 0.064 0.099 0.056 0.031 0.024 0.021 0.015 0.004 -0.002 -0.003 -0.073 -0.049 -0.039 -0.025 0.017 0.024 0.028 0.048 0.063 0.043 0.013
0.004 0.020 0.005 -0.027 -0.045 -0.057 -0.063 -0.061 -0.061 -0.094 -0.087 -0.159 -0.137 -0.046 -0.021 -0.073 -0.154 -0.138 -0.070 -0.018 -0.006 -0.003 -0.063 -0.055 -0.052 -0.066 -0.046 -0.025 -0.011 0.009 0.020 0.026 0.041 0.048 0.050 0.052 0.051 0.047 0.040 0.048 0.003 0.003 -0.000 -0.006 -0.008 -0.069 -0.049 -0.032 -0.005 0.019 0.035 0.038 0.031 0.037 0.053 0.061 0.039 0.024 0.018 0.014 0.012 0.007 0.006 -0.022 -0.078 -0.079 -0.062 -0.043 -0.014 0.037 0.057 0.062 0.051 0.004 0.007
-0.019 0.012 0.024 -0.058 -0.073 -0.080 -0.056 -0.043 -0.036 -0.013 0.025 0.025 -0.008 -0.010 -0.015 -0.043 -0.123 -0.066 -0.034 -0.019 -0.006 -0.003 -0.054 -0.071 -0.071 -0.072 -0.059 -0.049 -0.028 -0.001 0.020 0.025 0.032 0.043 0.045 0.054 0.058 0.053 0.048 0.116 0.009 -0.057 -0.040 0.022 0.047 0.021 -0.039 -0.029 -0.015 0.018 0.036 0.039 0.032 0.045 0.057 0.053 0.027 0.019 0.015 0.016 0.018 0.012 -0.013 -0.059 -0.052 -0.038 -0.020 -0.042 0.012 0.058 0.071 0.050 -0.003 0.002 0.010
-0.051 0.022 0.105 -0.204 -0.092 -0.038 -0.045 -0.041 -0.025 0.017 0.034 0.078 0.046 0.022 -0.053 -0.044 -0.034 -0.012 0.036 0.050 -0.005 0.001 -0.048 -0.064 -0.070 -0.071 -0.071 -0.063 -0.052 -0.031 0.007 0.033 0.046 0.058 0.064 0.068 0.072 0.049 0.099 -0.027 -0.070 -0.062 -0.041 0.017 0.049 0.065 -0.031 -0.040 -0.023 0.013 0.030 0.035 0.032 0.048 0.059 0.041 0.019 0.015 0.014 0.032 0.025 -0.003 -0.059 -0.054 -0.046 -0.036 -0.018 0.022 0.042 0.066 0.061 -0.014 -0.014 -0.010 0.015
-0.058 -0.028 0.043 -0.047 -0.042 -0.053 -0.038 -0.019 0.021 0.037 0.205 0.164 -0.033 -0.062 -0.056 -0.040 -0.028 0.011 0.042 0.055 0.045 -0.031 0.014 0.006 0.009 -0.066 -0.072 -0.071 -0.066 -0.054 -0.025 0.030 0.054 0.055 0.078 0.101 0.119 0.071 -0.054 -0.072 -0.075 -0.063 -0.042 -0.018 0.030 0.051 0.064 0.023 -0.001 -0.024 0.017 0.027 0.030 0.049 0.055 0.040 0.015 0.012 0.019 -0.026 -0.041 -0.041 -0.061 -0.047 -0.038 -0.025 0.025 0.051 0.061 0.064 -0.060 -0.014 -0.009 0.015 -0.013
-0.042 -0.062 -0.042 -0.046 -0.030 -0.048 -0.025 0.010 0.030 0.036 0.129 -0.037 -0.054 -0.055 -0.050 -0.038 -0.023 0.010 0.035 0.050 0.054 0.046 0.036 0.031 0.018 0.002 -0.036 -0.075 -0.072 -0.060 -0.033 0.031 0.039 -0.028 0.052 0.065 0.072 0.044 -0.078 -0.086 -0.082 -0.069 -0.047 -0.027 -0.017 0.020 0.049 0.066 0.006 0.011 -0.019 0.014 0.024 0.057 0.034 0.038 0.014 0.017 -0.012 -0.048 -0.040 -0.044 -0.058 -0.040 -0.022 0.012 0.050 0.071 0.067 0.039 -0.037 -0.015 0.020 0.011 -0.011
-0.037 -0.054 -0.056 -0.049 -0.041 -0.036 0.022 0.062 0.055 0.090 -0.038 -0.045 -0.048 -0.048 -0.042 -0.029 -0.020 -0.004 0.028 0.047 0.056 0.057 0.051 0.046 0.020 0.004 0.002 0.001 -0.064 -0.061 -0.035 0.011 -0.071 -0.052 -0.009 0.041 0.057 0.032 -0.075 -0.085 -0.080 -0.064 -0.045 -0.037 -0.027 -0.018 0.013 0.050 0.066 0.014 0.013 0.059 0.078 0.093 0.078 0.047 0.029 -0.019 -0.043 -0.041 -0.039 -0.045 -0.049 -0.027 0.024 0.039 0.059 0.075 0.049 -0.023 -0.027 -0.010 0.023 -0.028 -0.035
-0.053 -0.055 -0.050 -0.038 -0.016 0.016 0.062 0.108 0.115 -0.001 -0.039 -0.044 -0.044 -0.044 -0.043 -0.039 -0.028 -0.016 0.020 0.041 0.051 0.050 0.047 0.071 0.014 0.006 0.002 0.001 0.000 -0.051 -0.075 -0.082 -0.097 -0.055 -0.024 0.030 0.048 0.040 -0.058 -0.076 -0.073 -0.054 -0.043 -0.037 -0.030 -0.024 -0.012 0.024 0.043 0.050 0.057 0.042 0.080 0.117 0.097 0.073 -0.005 -0.036 -0.036 -0.034 -0.032 -0.036 -0.032 0.010 0.050 0.052 0.054 0.064 0.023 -0.023 -0.021 0.010 -0.033 -0.054 -0.054
-0.046 -0.048 -0.040 -0.020 0.010 0.023 0.097 0.111 0.096 0.023 -0.103 -0.068 -0.066 -0.062 -0.056 -0.046 -0.032 -0.020 0.014 0.038 0.050 0.058 0.057 0.089 0.018 0.007 0.003 0.001 0.000 -0.000 -0.002 -0.093 -0.072 -0.048 0.000 0.000 0.037 0.030 -0.051 -0.066 -0.063 -0.050 -0.038 -0.032 -0.024 -0.013 0.010 -0.021 -0.013 0.028 0.049 0.056 0.063 0.071 0.082 0.052 -0.027 -0.029 -0.023 -0.022 -0.020 -0.026 -0.005 0.037 0.063 0.057 0.041 0.033 -0.040 -0.062 -0.094 -0.112 -0.084 -0.062 -0.076
-0.048 -0.037 -0.021 0.017 0.023 0.059 0.092 0.085 0.074 0.050 -0.081 -0.084 -0.070 -0.063 -0.062 -0.052 -0.038 -0.020 0.021 0.049 0.062 0.068 0.110 0.082 0.076 0.025 0.003 0.001 0.000 -0.000 -0.001 -0.063 -0.066 -0.052 -0.023 0.029 0.042 -0.014 -0.048 -0.048 -0.044 -0.040 -0.030 -0.016 0.012 0.028 -0.029 -0.046 -0.043 -0.015 0.026 0.047 0.055 0.059 0.057 0.035 -0.016 -0.020 0.011 0.046 0.040 0.037 0.018 0.036 0.058 0.050 -0.017 -0.049 -0.046 -0.065 -0.114 -0.129 -0.074 -0.071 -0.067
-0.043 -0.023 0.016 0.027 0.020 0.061 -0.004 0.024 0.037 0.045 -0.033 -0.082 -0.062 -0.057 -0.060 -0.057 -0.039 -0.020 0.022 0.050 0.064 0.078 0.068 -0.012 0.021 0.048 0.038 0.001 0.000 0.000 -0.001 -0.031 -0.057 -0.052 -0.028 0.030 0.037 -0.062 -0.061 -0.050 -0.050 -0.037 -0.008 0.026 0.039 -0.042 -0.087 -0.074 -0.049 -0.019 0.018 0.025 0.033 0.047 0.054 0.052 0.034 -0.028 -0.013 0.033 0.071 0.063 0.014 -0.019 0.030 0.034 -0.017 -0.032 -0.067 -0.078 -0.078 -0.101 -0.085 -0.067 -0.062
-0.028 0.010 0.033 0.035 0.033 -0.020 -0.024 0.020 0.035 0.041 0.028 -0.091 -0.048 -0.049 -0.062 -0.059 -0.044 -0.019 0.023 0.046 0.056 0.074 -0.029 -0.022 0.026 0.049 0.062 0.029 0.000 0.004 -0.008 -0.007 0.021 -0.044 -0.031 0.011 -0.033 -0.066 -0.060 -0.048 -0.052 -0.040 0.020 0.040 -0.066 -0.111 -0.055 -0.045 -0.020 0.020 0.022 0.021 0.040 0.054 0.059 0.059 0.064 -0.021 -0.004 0.038 0.061 0.054 0.024 0.047 0.021 -0.045 -0.060 -0.088 -0.106 -0.070 -0.117 -0.117 -0.098 -0.075 -0.056
0.001 0.022 0.047 0.061 -0.028 -0.039 -0.022 0.021 0.028 0.022 0.021 0.030 -0.029 0.090 -0.062 -0.061 -0.045 -0.015 0.029 0.043 0.043 -0.033 -0.039 -0.017 0.029 0.050 0.060 0.059 0.037 -0.028 -0.010 0.027 0.037 0.064 -0.032 -0.042 -0.076 -0.066 -0.053 -0.048 -0.069 -0.093 -0.078 -0.100 -0.090 -0.055 -0.045 -0.020 0.019 0.031 0.023 0.026 0.047 0.065 0.074 0.074 0.060 0.104 0.115 0.102 0.081 0.056 0.054 0.054 -0.167 -0.119 -0.098 -0.089 -0.066 -0.102 -0.109 -0.112 -0.109 -0.086 -0.046
0.011 0.026 0.045 0.006 -0.032 -0.037 -0.033 -0.023 -0.020 -0.020 0.021 0.041 0.043 -0.041 0.031 -0.059 -0.046 -0.015 0.028 0.024 -0.025 -0.044 -0.039 -0.018 0.028 0.045 0.052 0.053 0.031 0.036 0.048 0.044 0.044 0.026 -0.080 -0.030 -0.047 -0.067 -0.062 -0.064 -0.098 -0.154 -0.183 -0.065 -0.055 -0.046 -0.024 0.019 0.039 0.037 -0.009 0.021 0.049 0.065 0.074 0.076 0.037 0.051 0.069 0.086 0.055 0.060 0.042 -0.033 -0.098 -0.109 -0.089 -0.070 -0.068 -0.099 -0.120 -0.116 -0.117 -0.119 -0.057
-0.007 0.018 0.016 -0.012 -0.017 -0.025 -0.038 -0.036 -0.026 -0.010 0.019 0.036 0.048 0.044 -0.070 -0.055 -0.079 -0.053 -0.033 -0.053 -0.044 -0.040 -0.036 -0.021 0.019 0.035 0.045 0.048 0.024 0.041 0.052 0.052 0.067 0.062 -0.170 -0.033 -0.015 -0.019 -0.023 -0.052 -0.134 -0.175 -0.081 -0.063 -0.047 -0.026 0.017 0.036 0.044 0.042 -0.031 0.035 0.061 0.070 0.075 0.075 0.053 0.050 0.067 0.045 0.044 -0.042 -0.081 -0.045 -0.042 -0.080 -0.077 -0.084 -0.127 -0.161 -0.143 -0.132 -0.136 -0.175 -0.173
0.012 0.021 0.012 -0.012 -0.014 -0.026 -0.042 -0.035 -0.016 0.013 0.023 0.029 0.036 0.057 0.046 -0.115 -0.185 -0.127 -0.080 -0.053 -0.061 -0.053 -0.047 -0.032 -0.011 0.021 0.038 0.039 0.034 0.041 0.044 0.044 0.069 0.072 -0.065 -0.028 -0.014 -0.008 -0.007 -0.012 -0.105 -0.075 -0.070 -0.057 -0.034 0.014 0.039 0.047 0.044 -0.050 -0.024 0.033 0.066 0.076 0.082 0.086 0.091 0.075 0.067 0.049 0.202 -0.267 -0.108 -0.040 -0.027 -0.070 -0.096 -0.080 -0.098 -0.117 -0.103 -0.070 -0.080 -0.092 -0.082
0.016 0.027 0.013 -0.016 -0.020 -0.035 -0.042 -0.027 0.005 0.020 0.029 0.032 0.039 0.061 0.061 -0.045 -0.087 -0.059 -0.053 -0.065 -0.078 -0.073 -0.056 -0.039 -0.018 0.009 0.031 0.036 0.038 0.050 0.057 0.068 0.095 0.074 -0.023 -0.018 -0.011 -0.007 -0.004 -0.006 -0.043 -0.057 -0.053 -0.049 -0.031 0.019 0.049 0.061 -0.058 -0.027 -0.010 0.033 0.059 0.075 0.084 0.088 0.093 0.076 0.083 0.070 0.065 -0.037 -0.033 -0.019 -0.048 -0.059 -0.071 -0.074 -0.107 -0.116 -0.084 -0.046 -0.076 -0.080 -0.067
0.013 0.023 0.001 0.001 -0.004 -0.037 -0.043 -0.027 -0.012 0.016 0.026 0.029 0.038 0.059 0.061 -0.041 -0.047 -0.031 -0.038 -0.043 -0.061 -0.063 -0.053 -0.039 -0.023 0.009 0.038 0.050 0.056 0.063 0.085 0.111 0.100 0.090 0.059 -0.019 -0.008 -0.005 -0.004 -0.007 -0.042 -0.062 -0.058 -0.051 -0.044 -0.026 0.032 0.046 -0.027 -0.021 0.023 0.042 0.056 0.072 0.089 0.091 0.067 0.059 0.043 0.043 0.030 0.004 0.007 -0.065 -0.072 -0.053 -0.057 -0.057 -0.074 -0.109 -0.054 -0.049 -0.077 -0.063 -0.041
0.003 0.005 0.003 0.004 0.002 -0.035 -0.045 -0.025 -0.019 -0.015 -0.012 -0.012 -0.009 0.024 0.042 -0.035 -0.031 -0.030 -0.021 0.004 -0.018 -0.057 -0.054 -0.038 -0.023 0.013 0.054 0.077 0.094 0.104 0.103 0.091 0.081 0.073 0.071 0.048 -0.005 -0.002 -0.013 -0.030 -0.054 -0.056 -0.059 -0.056 -0.047 -0.018 0.036 0.034 -0.043 -0.024 0.029 0.045 0.057 0.078 0.093 0.047 0.028 0.026 0.031 0.030 0.021 0.012 -0.066 -0.116 -0.086 -0.052 -0.044 -0.037 -0.038 -0.033 0.029 -0.078 -0.072 -0.040 0.018
0.005 0.005 0.004 0.004 0.003 -0.030 -0.040 -0.029 -0.028 -0.038 -0.038 -0.024 -0.016 0.013 0.028 -0.028 -0.030 -0.027 -0.013 0.019 -0.015 -0.039 -0.039 -0.034 -0.031 -0.018 0.030 0.046 0.058 0.058 0.057 0.061 0.061 0.056 0.059 0.068 0.034 -0.035 -0.028 0.013 0.020 0.019 -0.042 -0.054 -0.034 0.029 0.046 -0.089 -0.050 -0.029 0.023 0.047 0.059 0.078 0.065 0.031 0.023 0.028 0.029 0.024 0.017 0.026 -0.118 -0.145 -0.115 -0.047 -0.032 -0.035 -0.041 -0.039 -0.057 -0.093 -0.070 -0.026 0.019
0.004 0.005 0.005 0.005 0.006 0.014 -0.028 -0.043 -0.047 -0.046 -0.042 -0.036 -0.028 -0.018 -0.016 -0.022 -0.021 -0.019 0.005 0.019 -0.008 -0.020 -0.025 -0.028 -0.033 -0.023 0.007 0.030 0.048 0.046 0.049 0.050 0.047 0.046 0.052 0.062 0.014 -0.035 -0.011 0.017 0.020 0.031 0.074 -0.033 -0.012 0.028 0.021 -0.070 -0.037 -0.036 -0.004 0.048 0.061 0.061 0.044 0.025 0.032 0.036 0.027 0.017 0.026 -0.066 -0.137 -0.153 -0.139 -0.124 -0.120 -0.112 -0.064 -0.063 -0.087 -0.114 -0.101 -0.046 -0.003
0.010 0.007 0.005 0.005 0.007 0.013 0.011 -0.054 -0.081 -0.072 -0.047 -0.051 -0.056 -0.027 -0.013 -0.024 -0.028 -0.024 -0.016 0.012 0.014 0.013 -0.019 -0.023 -0.026 -0.028 -0.020 0.019 0.039 0.041 0.040 0.039 0.038 0.038 0.044 0.050 -0.021 -0.009 0.035 0.049 0.048 0.057 0.068 0.118 0.104 0.036 -0.074 -0.019 -0.021 -0.020 0.021 0.045 0.073 0.030 0.036 0.029 0.032 0.026 0.016 0.030 -0.049 -0.077 -0.082 -0.079 -0.067 -0.035 -0.087 -0.091 -0.067 -0.070 -0.090 -0.083 -0.052 0.009 0.041
0.038 0.020 0.016 0.006 0.007 0.014 0.022 -0.063 -0.081 -0.078 -0.063 -0.058 -0.049 -0.026 0.024 0.018 0.011 -0.022 -0.029 -0.018 0.020 0.025 0.015 0.008 0.026 0.006 -0.030 -0.018 0.030 0.027 0.028 0.029 0.030 0.032 0.037 0.035 -0.010 0.032 0.048 0.055 0.076 0.080 0.079 0.098 0.119 0.116 0.034 -0.017 -0.017 0.013 -0.028 -0.016 0.028 0.029 0.025 0.023 0.024 0.015 0.026 -0.053 -0.070 -0.069 -0.069 -0.050 -0.036 -0.037 -0.032 0.023 0.054 -0.071 -0.094 -0.074 -0.042 0.019 0.044
-0.009 0.028 0.041 0.020 0.007 0.018 0.135 -0.051 -0.052 -0.046 -0.037 -0.043 -0.045 -0.029 0.021 0.041 0.019 0.008 -0.009 -0.019 0.021 0.034 0.043 0.037 0.033 -0.008 0.000 -0.023 -0.014 -0.009 0.012 0.013 0.020 0.022 0.029 0.025 0.029 0.042 0.047 0.056 0.065 0.084 0.091 0.100 0.100 0.073 0.103 0.062 0.068 0.126 -0.035 -0.017 0.024 0.026 0.027 0.019 0.016 0.028 -0.071 -0.084 -0.073 -0.075 -0.069 -0.044 0.002 0.018 0.022 0.030 0.024 -0.065 -0.081 -0.067 -0.038 0.007 0.036
0.009 0.024 0.040 0.044 0.012 0.007 0.024 -0.030 -0.039 -0.039 -0.043 -0.044 -0.039 -0.031 -0.005 0.033 0.043 0.017 0.065 0.093 0.089 0.044 0.058 0.053 -0.053 -0.030 0.040 0.031 -0.030 -0.026 -0.016 -0.014 0.008 -0.008 0.014 0.018 0.029 0.036 0.042 0.052 0.057 0.058 0.056 0.062 0.067 0.034 0.038 0.049 0.038 0.055 0.053 -0.010 0.033 0.081 0.027 0.018 0.032 -0.071 -0.083 -0.081 -0.082 -0.081 -0.079 -0.052 -0.005 0.024 0.014 -0.017 -0.016 -0.062 -0.049 -0.049 -0.032 0.022 0.037
0.021 0.028 0.034 0.048 0.047 0.001 -0.000 -0.034 -0.054 -0.051 -0.056 -0.057 -0.052 -0.041 -0.019 0.017 0.038 0.038 0.033 0.081 0.102 0.006 0.041 0.025 -0.019 0.014 0.043 0.026 0.030 0.024 -0.014 -0.026 -0.026 -0.025 -0.023 -0.014 0.018 0.030 0.037 0.044 0.048 0.051 0.054 0.057 0.059 0.055 0.056 0.016 0.063 0.060 0.147 -0.016 0.020 0.087 0.028 0.036 -0.056 -0.069 -0.057 -0.060 -0.091 -0.098 -0.095 -0.069 -0.035 -0.022 -0.029 -0.031 -0.035 -0.055 -0.052 -0.039 -0.014 0.029 0.038
0.017 0.028 0.032 0.044 0.055 0.019 -0.009 -0.008 -0.042 -0.065 -0.067 -0.073 -0.057 -0.047 -0.030 -0.011 0.020 0.033 0.035 0.041 0.093 0.103 0.069 -0.044 -0.015 0.026 0.023 0.017 0.058 0.107 0.144 0.089 0.012 -0.034 -0.035 -0.034 -0.020 0.025 0.036 0.034 0.043 0.050 0.056 0.060 0.062 0.057 0.037 0.051 0.113 0.083 0.104 0.131 0.161 0.060 0.033 -0.040 -0.064 -0.048 -0.022 0.020 -0.052 -0.091 -0.097 -0.071 -0.042 -0.034 -0.046 -0.045 -0.040 -0.032 -0.032 -0.026 0.014 0.040 0.047
-0.026 0.013 0.021 0.022 0.044 0.051 0.006 -0.007 -0.057 -0.097 -0.079 -0.074 -0.069 -0.050 -0.033 -0.017 0.023 0.043 0.050 0.051 0.063 0.065 0.107 0.067 0.059 0.053 0.027 0.025 -0.025 0.020 0.033 0.079 0.088 -0.012 -0.032 -0.041 -0.026 0.022 0.033 0.033 0.039 0.048 0.055 0.059 0.062 0.054 0.050 0.083 0.139 0.040 0.117 0.143 0.150 0.082 -0.052 -0.056 -0.058 -0.046 -0.014 0.024 0.030 -0.064 -0.080 -0.062 -0.040 -0.038 -0.048 -0.051 -0.043 -0.034 -0.035 -0.022 0.016 0.042 0.052
-0.050 -0.042 -0.018 -0.001 0.027 0.044 0.048 -0.000 -0.036 -0.067 -0.064 -0.046 -0.053 -0.046 -0.032 -0.018 0.024 0.053 0.073 0.079 0.066 0.071 0.064 0.061 0.032 0.031 0.017 -0.011 -0.023 0.017 0.024 0.024 0.063 0.046 -0.004 -0.038 -0.029 0.021 0.035 0.030 0.039 0.044 0.051 0.055 0.058 0.049 0.041 0.032 0.051 0.062 0.112 0.134 0.061 -0.062 -0.068 -0.042 -0.050 -0.045 -0.029 0.018 0.031 -0.053 -0.080 -0.063 -0.040 -0.035 -0.043 -0.044 -0.036 -0.020 -0.012 -0.016 0.023 0.039 0.049
-0.060 -0.057 -0.031 -0.012 0.016 0.033 0.035 -0.019 -0.034 -0.030 0.009 -0.029 -0.030 -0.032 -0.029 -0.017 0.015 0.030 0.039 0.041 0.037 0.042 0.056 0.044 0.015 0.023 0.036 0.070 0.055 0.072 0.054 0.043 0.050 0.076 0.052 -0.019 -0.031 -0.015 0.016 0.025 0.032 0.041 0.045 0.046 0.047 0.082 0.030 -0.059 -0.025 0.032 0.051 0.086 -0.040 -0.060 -0.048 -0.048 -0.060 -0.055 -0.040 -0.015 0.023 0.005 -0.065 -0.067 -0.052 -0.014 -0.053 -0.074 -0.055 -0.012 0.027 0.039 0.043 0.040 0.044
-0.065 -0.066 -0.049 -0.024 0.002 0.012 -0.023 -0.020 -0.019 0.008 0.017 -0.017 -0.010 -0.022 -0.022 0.008 -0.006 -0.014 0.015 0.031 0.032 0.032 0.046 0.044 0.026 0.037 0.070 0.114 0.175 0.197 0.172 0.120 0.073 0.067 0.072 0.089 0.027 -0.023 -0.003 0.019 0.025 0.034 0.045 0.051 0.049 0.086 0.008 0.020 0.001 -0.016 -0.028 -0.029 -0.028 -0.024 0.015 -0.078 -0.059 -0.059 -0.049 -0.023 0.020 0.026 0.024 -0.052 -0.064 -0.057 -0.080 -0.091 -0.054 0.012 0.045 0.065 0.060 0.044 0.045
-0.039 -0.071 -0.062 -0.047 -0.018 -0.004 -0.055 -0.054 -0.043 -0.016 0.024 0.024 0.007 -0.019 -0.006 0.025 0.018 -0.025 -0.012 0.029 0.034 0.030 0.030 0.032 0.034 0.026 0.029 0.059 0.101 0.119 0.118 0.115 0.065 0.053 0.063 0.098 0.138 0.017 0.026 0.054 0.060 0.058 0.066 0.069 0.102 0.007 0.023 0.043 0.004 -0.011 -0.030 -0.088 -0.030 -0.033 -0.011 0.007 -0.062 -0.059 -0.053 -0.024 0.018 -0.019 -0.036 -0.045 -0.045 -0.037 -0.099 -0.096 -0.051 0.029 0.057 0.067 0.067 0.060 0.047
-0.013 -0.048 -0.088 -0.095 -0.072 -0.045 -0.065 -0.041 -0.030 -0.006 0.030 0.035 0.030 0.023 0.025 0.032 0.023 -0.025 -0.022 0.017 0.027 0.029 0.033 0.023 0.014 0.026 0.031 0.029 0.039 0.052 0.055 0.058 0.070 0.087 0.116 0.150 0.266 -0.055 -0.012 0.023 0.057 0.084 0.086 0.130 0.111 0.100 0.059 0.045 0.016 -0.009 -0.035 -0.051 -0.090 -0.039 -0.047 -0.046 -0.061 -0.052 -0.048 -0.028 -0.035 -0.061 -0.085 -0.092 -0.060 -0.039 -0.097 -0.080 -0.035 0.037 0.055 0.066 0.062 0.059 0.056
-0.013 -0.010 -0.073 -0.139 -0.105 -0.072 -0.047 -0.035 -0.018 0.023 0.034 0.036 0.041 0.048 0.036 -0.019 0.001 0.039 -0.010 -0.022 0.017 0.032 0.038 -0.025 -0.019 0.015 0.027 0.029 0.031 0.041 0.048 0.046 0.026 -0.026 -0.024 0.020 0.035 -0.002 -0.016 0.009 0.029 0.090 0.097 0.097 0.097 0.063 0.049 0.028 -0.023 -0.028 0.030 -0.068 -0.055 -0.076 -0.044 -0.078 -0.076 -0.079 -0.077 -0.051 -0.080 -0.085 -0.078 -0.086 -0.035 -0.026 -0.046 -0.052 0.018 0.040 0.049 0.053 0.051 0.056 0.071
