Project1/res/jiangbei.maxVx
ncols         320
nrows         411
xllcorner     657487.000000
yllcorner     3548067.000000
cellsize      10.000000
NODATA_value  -9999.000000
[rows 272 to 305 of 411, columns 77 to 153 of 320]
0.065 0.173 0.167 0.066 0.025 0.053 0.112 0.144 0.084 0.099 0.120 0.146 0.106 0.066 0.023 0.087 0.119 0.075 0.079 0.100 0.049 0.122 0.172 0.157 0.156 0.149 0.115 0.062 0.072 0.127 0.161 0.179 0.147 0.090 0.027 0.030 0.055 0.048 0.090 0.138 0.155 0.138 0.053 0.088 0.130 0.137 0.075 0.082 0.122 0.062 0.074 0.128 0.128 0.078 0.115 0.058 0.068 0.081 0.099 0.088 0.094 0.099 0.178 0.135 0.000 0.000 0.000 0.000 0.000 0.000 0.000 0.000 0.000 0.000 0.000 0.000 0.000
0.083 0.037 0.038 0.036 0.040 0.051 0.108 0.135 0.120 0.104 0.047 0.139 0.124 0.090 0.033 0.054 0.082 0.051 0.088 0.137 0.089 0.108 0.141 0.128 0.126 0.133 0.108 0.055 0.067 0.123 0.161 0.160 0.028 0.055 0.102 0.100 0.084 0.113 0.092 0.154 0.153 0.130 0.064 0.081 0.119 0.141 0.141 0.142 0.050 0.123 0.082 0.113 0.060 0.044 0.051 0.038 0.076 0.069 0.120 0.130 0.134 0.117 0.126 0.113 0.000 0.000 0.000 0.000 0.000 0.000 0.000 0.000 0.000 0.000 0.000 0.000 0.000
0.052 0.041 0.057 0.044 0.050 0.047 0.091 0.093 0.111 0.138 0.110 0.206 0.115 0.095 0.046 0.029 0.050 0.054 0.053 0.044 0.022 0.022 0.017 0.094 0.131 0.123 0.067 0.043 0.065 0.104 0.128 0.138 0.034 0.097 0.151 0.084 0.098 0.082 0.097 0.153 0.129 0.113 0.079 0.028 0.091 0.128 0.154 0.166 0.122 0.125 0.046 0.008 0.035 0.065 0.083 0.065 0.093 0.055 0.160 0.203 0.172 0.118 0.081 0.000 0.000 0.000 0.000 0.000 0.000 0.000 0.000 0.000 0.000 0.000 0.000 0.000 0.000
0.064 0.023 0.069 0.057 0.052 0.020 0.062 0.083 0.100 0.118 0.133 0.081 0.144 0.096 0.055 0.034 0.046 0.032 0.013 0.057 0.085 0.073 0.074 0.028 0.144 0.127 0.048 0.031 0.054 0.084 0.068 0.021 0.040 0.057 0.109 0.082 0.111 0.081 0.117 0.143 0.146 0.138 0.112 0.064 0.032 0.091 0.133 0.168 0.158 0.072 0.064 0.038 0.067 0.083 0.093 0.077 0.127 0.086 0.155 0.141 0.127 0.097 0.000 0.000 0.000 0.000 0.000 0.000 0.000 0.000 0.000 0.000 0.000 0.000 0.000 0.000 0.000
0.078 0.026 0.034 0.037 0.021 0.022 0.038 0.061 0.080 0.082 0.112 0.133 0.066 0.073 0.049 0.045 0.087 0.068 0.028 0.042 0.119 0.149 0.083 0.046 0.190 0.141 0.066 0.048 0.029 0.048 0.037 0.034 0.049 0.076 0.053 0.097 0.122 0.131 0.148 0.155 0.156 0.153 0.136 0.114 0.058 0.037 0.095 0.152 0.165 0.114 0.073 0.043 0.101 0.174 0.089 0.135 0.212 0.177 0.159 0.144 0.120 0.082 0.000 0.000 0.000 0.000 0.000 0.000 0.000 0.000 0.000 0.000 0.000 0.000 0.000 0.000 0.000
0.113 0.061 0.021 0.047 0.065 0.015 0.037 0.018 0.058 0.072 0.044 0.110 0.126 0.134 0.094 0.104 0.044 0.071 0.067 0.023 0.051 0.079 0.088 0.046 0.211 0.278 0.165 0.111 0.080 0.058 0.073 0.018 0.066 0.067 0.023 0.075 0.130 0.133 0.142 0.148 0.151 0.155 0.145 0.140 0.108 0.051 0.083 0.138 0.154 0.134 0.088 0.055 0.092 0.150 0.088 0.084 0.136 0.097 0.123 0.149 0.104 0.000 0.000 0.000 0.000 0.000 0.000 0.000 0.000 0.000 0.000 0.000 0.000 0.000 0.000 0.000 0.000
0.094 0.054 0.025 0.068 0.081 0.036 0.065 0.046 0.005 0.051 0.048 0.080 0.111 0.100 0.070 0.066 0.072 0.196 0.087 0.071 0.035 0.039 0.073 0.075 0.096 0.102 0.064 0.039 0.020 0.026 0.032 0.065 0.078 0.050 0.023 0.062 0.138 0.135 0.135 0.135 0.133 0.136 0.147 0.153 0.137 0.092 0.061 0.128 0.138 0.127 0.103 0.079 0.024 0.107 0.142 0.135 0.118 0.092 0.098 0.113 0.000 0.000 0.000 0.000 0.000 0.000 0.000 0.000 0.000 0.000 0.000 0.000 0.000 0.000 0.000 0.000 0.000
0.079 0.050 0.047 0.081 0.075 0.042 0.073 0.063 0.035 0.027 0.013 0.046 0.091 0.085 0.052 0.078 0.060 0.031 0.157 0.072 0.064 0.023 0.043 0.065 0.052 0.046 0.034 0.015 0.051 0.011 0.052 0.078 0.063 0.041 0.026 0.051 0.120 0.108 0.080 0.073 0.109 0.115 0.157 0.160 0.143 0.117 0.012 0.111 0.109 0.113 0.072 0.128 0.064 0.086 0.155 0.121 0.114 0.053 0.094 0.093 0.000 0.000 0.000 0.000 0.000 0.000 0.000 0.000 0.000 0.000 0.000 0.000 0.000 0.000 0.000 0.000 0.000
0.072 0.038 0.056 0.073 0.042 0.042 0.086 0.075 0.060 0.053 0.013 0.051 0.094 0.093 0.064 0.081 0.045 0.021 0.039 0.129 0.146 0.079 0.025 0.045 0.085 0.067 0.068 0.062 0.048 0.040 0.065 0.073 0.083 0.044 0.029 0.039 0.082 0.051 0.066 0.080 0.111 0.150 0.157 0.155 0.147 0.139 0.059 0.105 0.085 0.037 0.121 0.139 0.087 0.069 0.147 0.087 0.107 0.036 0.089 0.000 0.000 0.000 0.000 0.000 0.000 0.000 0.000 0.000 0.000 0.000 0.000 0.000 0.000 0.000 0.000 0.000 0.000
0.060 0.037 0.052 0.033 0.066 0.060 0.103 0.065 0.005 0.051 0.004 0.078 0.105 0.054 0.042 0.047 0.048 0.048 0.016 0.046 0.086 0.115 0.038 0.043 0.102 0.084 0.062 0.091 0.046 0.049 0.064 0.092 0.091 0.056 0.043 0.042 0.088 0.097 0.085 0.053 0.078 0.141 0.154 0.150 0.162 0.142 0.050 0.085 0.198 0.231 0.148 0.162 0.114 0.037 0.110 0.066 0.065 0.051 0.072 0.000 0.000 0.000 0.000 0.000 0.000 0.000 0.000 0.000 0.000 0.000 0.000 0.000 0.000 0.000 0.000 0.000 0.000
0.038 0.051 0.016 0.038 0.021 0.052 0.059 0.030 0.051 0.023 0.015 0.080 0.110 0.155 0.101 0.037 0.052 0.035 0.030 0.061 0.059 0.046 0.039 0.041 0.111 0.117 0.076 0.146 0.076 0.081 0.071 0.083 0.071 0.050 0.050 0.074 0.137 0.122 0.096 0.082 0.100 0.118 0.197 0.229 0.258 0.299 0.213 0.262 0.157 0.140 0.165 0.195 0.161 0.078 0.018 0.049 0.053 0.069 0.000 0.000 0.000 0.000 0.000 0.000 0.000 0.000 0.000 0.000 0.000 0.000 0.000 0.000 0.000 0.000 0.000 0.000 0.000
0.047 0.050 0.005 0.052 0.063 0.080 0.072 0.031 0.058 0.127 0.087 0.094 0.032 0.125 0.107 0.071 0.045 0.029 0.057 0.070 0.047 0.033 0.039 0.042 0.105 0.038 0.098 0.059 0.077 0.076 0.066 0.075 0.069 0.046 0.048 0.074 0.125 0.139 0.130 0.121 0.139 0.201 0.303 0.413 0.394 0.359 0.329 0.158 0.126 0.125 0.171 0.176 0.154 0.109 0.029 0.098 0.089 0.097 0.000 0.000 0.000 0.000 0.000 0.000 0.000 0.000 0.000 0.000 0.000 0.000 0.000 0.000 0.000 0.000 0.000 0.000 0.000
0.078 0.089 0.094 0.053 0.217 0.153 0.065 0.023 0.066 0.141 0.152 0.037 0.184 0.136 0.106 0.063 0.023 0.057 0.063 0.061 0.026 0.006 0.040 0.045 0.079 0.036 0.046 0.036 0.051 0.028 0.053 0.098 0.085 0.013 0.044 0.049 0.046 0.075 0.079 0.091 0.111 0.110 0.289 0.320 0.313 0.281 0.190 0.151 0.118 0.142 0.169 0.127 0.112 0.111 0.059 0.134 0.091 0.000 0.000 0.000 0.000 0.000 0.000 0.000 0.000 0.000 0.000 0.000 0.000 0.000 0.000 0.000 0.000 0.000 0.000 0.000 0.000
0.077 0.067 0.068 0.051 0.105 0.079 0.013 0.083 0.134 0.153 0.148 0.067 0.110 0.144 0.109 0.062 0.023 0.051 0.063 0.063 0.052 0.022 0.040 0.056 0.088 0.075 0.057 0.054 0.068 0.047 0.024 0.072 0.088 0.011 0.039 0.071 0.083 0.056 0.057 0.017 0.039 0.064 0.150 0.176 0.169 0.157 0.154 0.136 0.120 0.152 0.152 0.084 0.066 0.083 0.075 0.133 0.000 0.000 0.000 0.000 0.000 0.000 0.000 0.000 0.000 0.000 0.000 0.000 0.000 0.000 0.000 0.000 0.000 0.000 0.000 0.000 0.000
0.082 0.031 0.057 0.068 0.106 0.087 0.039 0.036 0.070 0.067 0.071 0.065 0.100 0.101 0.078 0.039 0.039 0.026 0.039 0.057 0.058 0.063 0.030 0.076 0.114 0.098 0.081 0.043 0.089 0.075 0.054 0.067 0.114 0.062 0.050 0.106 0.102 0.076 0.107 0.115 0.095 0.155 0.133 0.141 0.127 0.130 0.160 0.145 0.142 0.148 0.113 0.023 0.029 0.053 0.028 0.025 0.000 0.000 0.000 0.000 0.000 0.000 0.000 0.000 0.000 0.000 0.000 0.000 0.000 0.000 0.000 0.000 0.000 0.000 0.000 0.000 0.000
0.101 0.059 0.044 0.048 0.082 0.071 0.024 0.048 0.077 0.104 0.092 0.095 0.085 0.059 0.053 0.032 0.061 0.049 0.033 0.046 0.072 0.062 0.033 0.056 0.072 0.066 0.095 0.107 0.092 0.079 0.050 0.064 0.122 0.095 0.065 0.107 0.096 0.112 0.147 0.233 0.215 0.235 0.098 0.105 0.104 0.149 0.158 0.159 0.149 0.135 0.095 0.015 0.056 0.066 0.083 0.000 0.000 0.000 0.000 0.000 0.000 0.000 0.000 0.000 0.000 0.000 0.000 0.000 0.000 0.000 0.000 0.000 0.000 0.000 0.000 0.000 0.000
0.119 0.088 0.031 0.029 0.065 0.034 0.028 0.073 0.113 0.148 0.046 0.132 0.108 0.066 0.076 0.044 0.065 0.094 0.038 0.019 0.053 0.089 0.053 0.060 0.067 0.048 0.143 0.258 0.147 0.119 0.085 0.043 0.072 0.120 0.079 0.090 0.083 0.074 0.157 0.251 0.292 0.283 0.304 0.306 0.251 0.192 0.185 0.182 0.140 0.098 0.049 0.053 0.066 0.078 0.074 0.000 0.000 0.000 0.000 0.000 0.000 0.000 0.000 0.000 0.000 0.000 0.000 0.000 0.000 0.000 0.000 0.000 0.000 0.000 0.000 0.000 0.000
0.130 0.103 0.061 0.030 0.003 0.042 0.066 0.097 0.139 0.126 0.140 0.149 0.124 0.114 0.099 0.045 0.059 0.087 0.076 0.117 0.140 0.099 0.028 0.062 0.065 0.216 0.306 0.173 0.279 0.124 0.093 0.058 0.026 0.092 0.102 0.087 0.078 0.047 0.105 0.127 0.112 0.054 0.025 0.046 0.229 0.224 0.229 0.200 0.135 0.101 0.059 0.044 0.057 0.037 0.000 0.000 0.000 0.000 0.000 0.000 0.000 0.000 0.000 0.000 0.000 0.000 0.000 0.000 0.000 0.000 0.000 0.000 0.000 0.000 0.000 0.000 0.000
0.138 0.110 0.067 0.034 0.045 0.076 0.100 0.138 0.162 0.200 0.236 0.332 0.308 0.118 0.097 0.039 0.053 0.063 0.061 0.072 0.052 0.032 0.055 0.070 0.080 0.082 0.096 0.074 0.194 0.117 0.145 0.093 0.052 0.038 0.051 0.073 0.078 0.077 0.096 0.086 0.054 0.045 0.027 0.045 0.118 0.246 0.290 0.231 0.130 0.105 0.061 0.020 0.053 0.017 0.000 0.000 0.000 0.000 0.000 0.000 0.000 0.000 0.000 0.000 0.000 0.000 0.000 0.000 0.000 0.000 0.000 0.000 0.000 0.000 0.000 0.000 0.000
0.135 0.108 0.064 0.027 0.052 0.085 0.134 0.157 0.108 0.133 0.150 0.092 0.106 0.303 0.088 0.034 0.037 0.137 0.153 0.073 0.043 0.059 0.068 0.116 0.055 0.090 0.075 0.023 0.037 0.116 0.116 0.070 0.052 0.066 0.031 0.038 0.023 0.040 0.058 0.043 0.026 0.060 0.094 0.106 0.173 0.241 0.301 0.275 0.194 0.189 0.168 0.087 0.066 0.000 0.000 0.000 0.000 0.000 0.000 0.000 0.000 0.000 0.000 0.000 0.000 0.000 0.000 0.000 0.000 0.000 0.000 0.000 0.000 0.000 0.000 0.000 0.000
0.109 0.070 0.032 0.020 0.075 0.129 0.174 0.107 0.075 0.136 0.090 0.041 0.043 0.058 0.202 0.189 0.201 0.066 0.071 0.041 0.031 0.065 0.129 0.103 0.088 0.307 0.157 0.083 0.047 0.066 0.067 0.029 0.028 0.087 0.064 0.022 0.052 0.111 0.176 0.197 0.167 0.161 0.199 0.164 0.192 0.177 0.131 0.108 0.078 0.097 0.105 0.064 0.000 0.000 0.000 0.000 0.000 0.000 0.000 0.000 0.000 0.000 0.000 0.000 0.000 0.000 0.000 0.000 0.000 0.000 0.000 0.000 0.000 0.000 0.000 0.000 0.000
0.065 0.008 0.046 0.061 0.077 0.132 0.207 0.105 0.110 0.098 0.046 0.072 0.023 0.084 0.093 0.079 0.074 0.053 0.010 0.059 0.113 0.089 0.053 0.151 0.170 0.272 0.511 0.204 0.103 0.105 0.178 0.158 0.217 0.309 0.310 0.253 0.220 0.240 0.283 0.259 0.156 0.145 0.140 0.187 0.222 0.183 0.104 0.108 0.089 0.076 0.063 0.076 0.000 0.000 0.000 0.000 0.000 0.000 0.000 0.000 0.000 0.000 0.000 0.000 0.000 0.000 0.000 0.000 0.000 0.000 0.000 0.000 0.000 0.000 0.000 0.000 0.000
0.036 0.063 0.091 0.081 0.042 0.075 0.117 0.082 0.084 0.081 0.064 0.072 0.053 0.080 0.092 0.059 0.049 0.032 0.041 0.063 0.171 0.077 0.097 0.086 0.041 0.064 0.230 0.275 0.208 0.196 0.131 0.138 0.244 0.290 0.287 0.201 0.141 0.144 0.180 0.197 0.187 0.143 0.141 0.198 0.231 0.183 0.134 0.111 0.065 0.029 0.052 0.000 0.000 0.000 0.000 0.000 0.000 0.000 0.000 0.000 0.000 0.000 0.000 0.000 0.000 0.000 0.000 0.000 0.000 0.000 0.000 0.000 0.000 0.000 0.000 0.000 0.000
0.078 0.105 0.130 0.057 0.112 0.033 0.061 0.078 0.105 0.091 0.054 0.085 0.068 0.087 0.102 0.063 0.038 0.073 0.072 0.127 0.191 0.110 0.102 0.049 0.062 0.079 0.095 0.145 0.210 0.185 0.215 0.182 0.229 0.265 0.185 0.103 0.079 0.076 0.151 0.201 0.206 0.132 0.156 0.199 0.198 0.163 0.142 0.101 0.031 0.063 0.070 0.000 0.000 0.000 0.000 0.000 0.000 0.000 0.000 0.000 0.000 0.000 0.000 0.000 0.000 0.000 0.000 0.000 0.000 0.000 0.000 0.000 0.000 0.000 0.000 0.000 0.000
0.123 0.097 0.071 0.193 0.112 0.057 0.045 0.087 0.195 0.109 0.100 0.123 0.068 0.082 0.092 0.050 0.059 0.087 0.070 0.151 0.144 0.144 0.109 0.041 0.066 0.091 0.095 0.099 0.108 0.210 0.176 0.207 0.224 0.194 0.144 0.110 0.088 0.078 0.084 0.063 0.034 0.097 0.166 0.215 0.193 0.164 0.138 0.076 0.057 0.108 0.000 0.000 0.000 0.000 0.000 0.000 0.000 0.000 0.000 0.000 0.000 0.000 0.000 0.000 0.000 0.000 0.000 0.000 0.000 0.000 0.000 0.000 0.000 0.000 0.000 0.000 0.000
0.138 0.075 0.114 0.142 0.117 0.078 0.035 0.048 0.085 0.133 0.025 0.139 0.082 0.059 0.080 0.082 0.086 0.069 0.189 0.107 0.157 0.130 0.098 0.049 0.053 0.087 0.087 0.042 0.084 0.087 0.145 0.170 0.107 0.128 0.136 0.114 0.088 0.085 0.054 0.056 0.052 0.138 0.172 0.207 0.184 0.159 0.123 0.034 0.090 0.182 0.000 0.000 0.000 0.000 0.000 0.000 0.000 0.000 0.000 0.000 0.000 0.000 0.000 0.000 0.000 0.000 0.000 0.000 0.000 0.000 0.000 0.000 0.000 0.000 0.000 0.000 0.000
0.096 0.074 0.109 0.135 0.130 0.101 0.052 0.026 0.065 0.075 0.070 0.108 0.092 0.040 0.067 0.102 0.097 0.100 0.153 0.160 0.156 0.112 0.096 0.026 0.065 0.088 0.055 0.059 0.082 0.101 0.060 0.152 0.184 0.146 0.146 0.125 0.084 0.054 0.045 0.081 0.064 0.172 0.187 0.176 0.161 0.145 0.087 0.043 0.103 0.000 0.000 0.000 0.000 0.000 0.000 0.000 0.000 0.000 0.000 0.000 0.000 0.000 0.000 0.000 0.000 0.000 0.000 0.000 0.000 0.000 0.000 0.000 0.000 0.000 0.000 0.000 0.000
0.057 0.084 0.088 0.084 0.049 0.024 0.033 0.070 0.102 0.101 0.090 0.072 0.099 0.077 0.040 0.121 0.083 0.144 0.152 0.163 0.125 0.104 0.074 0.060 0.097 0.012 0.061 0.037 0.044 0.083 0.093 0.031 0.156 0.110 0.117 0.108 0.061 0.011 0.083 0.072 0.141 0.185 0.183 0.164 0.154 0.127 0.050 0.074 0.000 0.000 0.000 0.000 0.000 0.000 0.000 0.000 0.000 0.000 0.000 0.000 0.000 0.000 0.000 0.000 0.000 0.000 0.000 0.000 0.000 0.000 0.000 0.000 0.000 0.000 0.000 0.000 0.000
0.068 0.085 0.081 0.071 0.031 0.065 0.077 0.112 0.152 0.138 0.150 0.035 0.213 0.291 0.282 0.234 0.132 0.137 0.150 0.110 0.038 0.069 0.045 0.083 0.040 0.070 0.071 0.065 0.015 0.089 0.107 0.116 0.186 0.243 0.122 0.118 0.043 0.052 0.055 0.101 0.191 0.180 0.154 0.143 0.138 0.082 0.054 0.091 0.000 0.000 0.000 0.000 0.000 0.000 0.000 0.000 0.000 0.000 0.000 0.000 0.000 0.000 0.000 0.000 0.000 0.000 0.000 0.000 0.000 0.000 0.000 0.000 0.000 0.000 0.000 0.000 0.000
0.081 0.082 0.083 0.056 0.028 0.075 0.092 0.108 0.130 0.140 0.027 0.051 0.091 0.163 0.176 0.124 0.118 0.161 0.137 0.085 0.046 0.022 0.069 0.073 0.071 0.077 0.080 0.061 0.031 0.099 0.110 0.109 0.174 0.268 0.126 0.165 0.130 0.065 0.172 0.192 0.209 0.188 0.130 0.118 0.114 0.049 0.100 0.000 0.000 0.000 0.000 0.000 0.000 0.000 0.000 0.000 0.000 0.000 0.000 0.000 0.000 0.000 0.000 0.000 0.000 0.000 0.000 0.000 0.000 0.000 0.000 0.000 0.000 0.000 0.000 0.000 0.000
0.088 0.098 0.095 0.059 0.018 0.063 0.074 0.090 0.077 0.022 0.027 0.068 0.022 0.100 0.074 0.103 0.145 0.149 0.114 0.071 0.030 0.074 0.122 0.063 0.088 0.078 0.085 0.060 0.041 0.091 0.106 0.069 0.112 0.097 0.236 0.272 0.316 0.240 0.176 0.216 0.221 0.198 0.135 0.125 0.106 0.030 0.109 0.000 0.000 0.000 0.000 0.000 0.000 0.000 0.000 0.000 0.000 0.000 0.000 0.000 0.000 0.000 0.000 0.000 0.000 0.000 0.000 0.000 0.000 0.000 0.000 0.000 0.000 0.000 0.000 0.000 0.000
0.150 0.162 0.145 0.124 0.087 0.035 0.035 0.073 0.058 0.020 0.060 0.103 0.066 0.048 0.054 0.122 0.142 0.134 0.103 0.058 0.013 0.085 0.093 0.054 0.017 0.020 0.097 0.078 0.016 0.075 0.100 0.036 0.048 0.051 0.070 0.330 0.315 0.180 0.203 0.215 0.210 0.175 0.111 0.116 0.110 0.045 0.000 0.000 0.000 0.000 0.000 0.000 0.000 0.000 0.000 0.000 0.000 0.000 0.000 0.000 0.000 0.000 0.000 0.000 0.000 0.000 0.000 0.000 0.000 0.000 0.000 0.000 0.000 0.000 0.000 0.000 0.000
0.122 0.142 0.185 0.159 0.096 0.041 0.039 0.067 0.079 0.073 0.121 0.181 0.166 0.102 0.134 0.148 0.127 0.120 0.093 0.044 0.040 0.109 0.070 0.075 0.034 0.023 0.085 0.089 0.045 0.051 0.083 0.073 0.036 0.071 0.103 0.204 0.205 0.187 0.205 0.201 0.183 0.136 0.070 0.158 0.154 0.098 0.000 0.000 0.000 0.000 0.000 0.000 0.000 0.000 0.000 0.000 0.000 0.000 0.000 0.000 0.000 0.000 0.000 0.000 0.000 0.000 0.000 0.000 0.000 0.000 0.000 0.000 0.000 0.000 0.000 0.000 0.000
0.104 0.117 0.109 0.065 0.055 0.013 0.049 0.085 0.096 0.171 0.163 0.305 0.205 0.077 0.103 0.124 0.095 0.095 0.071 0.047 0.105 0.122 0.098 0.083 0.057 0.079 0.193 0.154 0.080 0.039 0.058 0.084 0.037 0.079 0.167 0.184 0.193 0.205 0.208 0.196 0.163 0.106 0.068 0.073 0.067 0.000 0.000 0.000 0.000 0.000 0.000 0.000 0.000 0.000 0.000 0.000 0.000 0.000 0.000 0.000 0.000 0.000 0.000 0.000 0.000 0.000 0.000 0.000 0.000 0.000 0.000 0.000 0.000 0.000 0.000 0.000 0.000
