Project1/res/jiangbei-0001.Vy
ncols         319
nrows         412
xllcorner     657492.000000
yllcorner     3548062.000000
cellsize      10.000000
NODATA_value  -9999.000000
[rows 264 to 296 of 412, columns 0 to 74 of 319]
0.000 0.000 0.000 0.000 0.000 0.000 0.000 0.000 0.000 0.000 0.000 0.000 0.000 0.000 0.000 0.000 0.000 0.000 0.000 0.000 0.000 0.000 0.000 0.000 0.000 0.000 0.000 0.000 0.000 0.000 -0.040 -0.042 -0.043 -0.037 -0.002 0.040 -0.020 -0.030 -0.052 -0.038 -0.045 -0.052 -0.035 -0.030 -0.040 -0.014 -0.033 -0.038 -0.045 -0.045 -0.035 -0.045 -0.056 -0.085 -0.105 -0.038 -0.050 -0.065 -0.072 -0.068 -0.058 -0.051 -0.082 -0.085 -0.045 -0.047 -0.051 -0.047 -0.034 -0.014 -0.028 -0.023 0.050 0.040 -0.094
0.000 0.000 0.000 0.000 0.000 0.000 0.000 0.000 0.000 0.000 0.000 0.000 0.000 0.000 0.000 0.000 0.000 0.000 0.000 0.000 0.000 0.000 0.000 0.000 0.000 0.000 0.000 0.000 0.000 0.000 -0.029 -0.034 -0.039 -0.041 -0.043 -0.044 -0.016 -0.025 -0.044 -0.038 -0.044 -0.037 -0.029 -0.024 -0.033 -0.018 -0.024 -0.025 -0.030 -0.033 -0.019 -0.033 -0.053 -0.066 -0.103 -0.042 -0.052 -0.067 -0.073 -0.073 -0.066 -0.067 -0.089 -0.116 -0.035 -0.036 -0.031 -0.019 -0.036 -0.032 -0.024 0.013 0.029 -0.039 -0.052
0.000 0.000 0.000 0.000 0.000 0.000 0.000 0.000 0.000 0.000 0.000 0.000 0.000 0.000 0.000 0.000 0.000 0.000 0.000 0.000 0.000 0.000 0.000 0.000 0.000 0.000 0.000 0.000 0.000 0.000 -0.007 -0.017 -0.028 -0.040 -0.049 -0.053 -0.023 -0.026 -0.039 -0.039 -0.033 -0.028 -0.024 -0.021 -0.032 0.016 0.013 0.010 0.003 -0.016 0.005 -0.013 -0.048 -0.064 -0.092 -0.049 -0.055 -0.068 -0.070 -0.071 -0.066 -0.081 -0.120 -0.125 -0.052 -0.040 -0.020 0.004 -0.025 -0.026 0.012 0.018 -0.062 -0.096 -0.102
0.000 0.000 0.000 0.000 0.000 0.000 0.000 0.000 0.000 0.000 0.000 0.000 0.000 0.000 0.000 0.000 0.000 0.000 0.000 0.000 0.000 0.000 0.000 0.000 0.000 0.000 0.000 0.000 0.000 0.000 0.011 -0.015 -0.031 -0.039 -0.044 -0.046 -0.029 -0.035 -0.039 -0.031 -0.026 -0.023 -0.020 -0.019 -0.026 0.031 0.025 0.023 0.021 0.008 -0.016 0.014 -0.029 -0.059 -0.076 -0.060 -0.056 -0.063 -0.069 -0.060 -0.058 -0.096 -0.162 -0.134 -0.053 -0.046 -0.036 -0.023 0.000 0.011 -0.009 -0.029 -0.070 -0.118 -0.113
0.000 0.000 0.000 0.000 0.000 0.000 0.000 0.000 0.000 0.000 0.000 0.000 0.000 0.000 0.000 0.000 0.000 0.000 0.000 0.000 0.000 0.000 0.000 0.000 0.000 0.000 0.000 0.000 0.000 0.000 0.023 0.007 -0.021 -0.025 -0.029 -0.033 -0.035 -0.035 -0.032 -0.025 -0.022 -0.019 -0.018 -0.017 -0.021 0.036 0.029 0.028 0.023 0.015 -0.019 -0.027 0.015 -0.047 -0.070 -0.059 -0.052 -0.056 -0.071 -0.033 -0.044 -0.118 -0.203 -0.069 -0.045 -0.038 -0.038 -0.021 0.000 0.035 0.023 0.023 -0.037 -0.121 -0.044
0.000 0.000 0.000 0.000 0.000 0.000 0.000 0.000 0.000 0.000 0.000 0.000 0.000 0.000 0.000 0.000 0.000 0.000 0.000 0.000 0.000 0.000 0.000 0.000 0.000 0.000 0.000 0.000 0.000 0.000 0.000 0.020 0.019 0.020 0.017 -0.001 0.001 -0.033 -0.026 -0.021 -0.019 -0.017 -0.016 -0.015 -0.018 0.009 0.031 0.027 0.024 0.019 -0.012 -0.026 -0.025 -0.001 -0.065 -0.056 -0.045 -0.045 -0.056 -0.030 -0.038 -0.138 -0.189 -0.047 -0.032 -0.030 0.003 0.013 0.023 0.022 0.023 0.020 -0.103 -0.041 -0.040
0.000 0.000 0.000 0.000 0.000 0.000 0.000 0.000 0.000 0.000 0.000 0.000 0.000 0.000 0.000 0.000 0.000 0.000 0.000 0.000 0.000 0.000 0.000 0.000 0.000 0.000 0.000 0.000 0.000 0.000 0.000 -0.011 0.026 0.035 0.040 0.042 0.039 -0.029 -0.021 -0.018 -0.016 -0.015 -0.014 -0.014 -0.017 -0.024 0.029 0.028 0.025 0.021 0.012 0.000 -0.034 -0.012 -0.032 -0.041 -0.030 -0.028 -0.033 -0.022 -0.023 -0.137 -0.134 -0.034 -0.025 -0.015 0.030 0.019 0.020 -0.005 -0.004 -0.014 -0.039 -0.033 -0.036
0.000 0.000 0.000 0.000 0.000 0.000 0.000 0.000 0.000 0.000 0.000 0.000 0.000 0.000 0.000 0.000 0.000 0.000 0.000 0.000 0.000 0.000 0.000 0.000 0.000 0.000 0.000 0.000 0.000 0.000 0.000 0.004 0.014 0.029 0.039 0.053 -0.010 -0.017 -0.016 -0.015 -0.014 -0.014 -0.014 -0.016 -0.024 -0.053 0.015 0.028 0.026 0.022 0.017 -0.012 -0.032 -0.039 -0.011 -0.009 0.024 0.021 -0.008 0.011 0.009 -0.150 -0.078 -0.014 0.008 0.014 -0.046 -0.025 -0.004 -0.013 -0.024 -0.042 -0.039 -0.027 -0.030
0.000 0.000 0.000 0.000 0.000 0.000 0.000 0.000 0.000 0.000 0.000 0.000 0.000 0.000 0.000 0.000 0.000 0.000 0.000 0.000 0.000 0.000 0.000 0.000 0.000 0.000 0.000 0.000 0.000 0.000 0.000 0.028 0.024 0.031 0.045 0.036 -0.023 -0.013 -0.012 -0.013 -0.013 -0.014 -0.015 -0.019 -0.039 -0.070 -0.035 0.020 0.026 0.023 0.020 0.010 -0.018 -0.032 -0.003 0.028 0.045 0.031 0.017 -0.047 -0.069 -0.031 -0.028 0.016 0.028 -0.021 -0.013 0.015 -0.023 -0.035 -0.044 -0.041 -0.026 -0.018 -0.014
0.000 0.000 0.000 0.000 0.000 0.000 0.000 0.000 0.000 0.000 0.000 0.000 0.000 0.000 0.000 0.000 0.000 0.000 0.000 0.000 0.000 0.000 0.000 0.000 0.000 0.000 0.000 0.000 0.000 0.000 0.000 0.042 0.038 0.043 0.038 -0.090 -0.095 -0.039 -0.018 -0.013 -0.014 -0.015 -0.017 -0.027 -0.047 -0.075 -0.059 -0.021 0.022 0.026 0.028 0.031 0.021 -0.008 -0.014 0.035 0.004 -0.005 -0.034 -0.063 -0.033 -0.028 -0.007 0.028 0.045 0.017 0.023 0.041 0.043 -0.006 -0.017 -0.016 0.011 0.016 0.021
0.000 0.000 0.000 0.000 0.000 0.000 0.000 0.000 0.000 0.000 0.000 0.000 0.000 0.000 0.000 0.000 0.000 0.000 0.000 0.000 0.000 0.000 0.000 0.000 0.000 0.000 0.000 0.000 0.000 0.000 0.000 0.047 0.045 0.039 -0.075 -0.099 -0.105 -0.095 -0.078 -0.048 -0.031 -0.020 -0.018 -0.031 -0.035 -0.028 -0.076 -0.053 0.019 0.033 0.044 0.047 0.038 0.031 0.015 0.036 -0.007 -0.007 -0.022 -0.032 -0.031 -0.009 0.024 0.007 0.021 0.027 0.038 0.053 0.044 -0.011 0.019 0.019 0.021 0.034 0.037
0.000 0.000 0.000 0.000 0.000 0.000 0.000 0.000 0.000 0.000 0.000 0.000 0.000 0.000 0.000 0.000 0.000 0.000 0.000 0.000 0.000 0.000 0.000 0.000 0.000 0.000 0.000 0.000 0.000 0.000 0.000 0.035 0.034 -0.071 -0.090 -0.095 -0.103 -0.087 -0.096 -0.092 -0.071 -0.054 -0.041 -0.056 -0.043 -0.006 -0.111 -0.090 0.032 0.046 0.053 0.054 0.046 0.036 0.032 0.022 -0.067 -0.053 -0.054 -0.048 -0.018 0.018 -0.006 -0.054 -0.030 0.029 0.082 0.117 0.030 0.019 0.042 0.019 0.029 0.046 0.039
0.000 0.000 0.000 0.000 0.000 0.000 0.000 0.000 0.000 0.000 0.000 0.000 0.000 0.000 0.000 0.000 0.000 0.000 0.000 0.000 0.000 0.000 0.000 0.000 0.000 0.000 0.000 0.000 0.000 0.000 0.000 -0.050 -0.058 -0.068 -0.076 -0.088 -0.096 -0.078 -0.100 -0.085 -0.071 -0.076 -0.081 -0.101 -0.088 -0.054 -0.041 -0.087 -0.124 0.041 0.052 0.051 0.019 0.031 0.029 -0.052 -0.046 -0.085 -0.048 -0.039 -0.048 -0.043 -0.075 -0.038 -0.038 0.046 0.111 0.170 0.061 0.046 0.038 0.031 0.033 -0.047 -0.024
0.000 0.000 0.000 0.000 0.000 0.000 0.000 0.000 0.000 0.000 0.000 0.000 0.000 0.000 0.000 0.000 0.000 0.000 0.000 0.000 0.000 0.000 0.000 0.000 0.000 0.000 0.000 0.000 0.000 0.000 0.000 -0.050 -0.052 -0.057 -0.066 -0.082 -0.078 -0.078 -0.102 -0.058 -0.062 -0.071 -0.078 -0.109 -0.065 -0.049 -0.035 -0.033 -0.038 -0.014 -0.018 0.030 0.041 0.025 -0.026 -0.061 -0.047 -0.065 -0.041 -0.016 -0.063 -0.065 -0.057 -0.035 -0.028 0.042 0.116 0.192 0.062 0.044 -0.010 0.014 -0.023 -0.024 -0.021
0.000 0.000 0.000 0.000 0.000 0.000 0.000 0.000 0.000 0.000 0.000 0.000 0.000 0.000 0.000 0.000 0.000 0.000 0.000 0.000 0.000 0.000 0.000 0.000 0.000 0.000 0.000 0.000 0.000 0.000 0.000 -0.018 -0.026 -0.039 -0.055 -0.073 -0.061 -0.078 -0.079 -0.053 -0.057 -0.065 -0.070 -0.087 -0.049 -0.023 0.019 0.020 -0.020 -0.007 -0.024 -0.047 -0.043 -0.059 -0.073 -0.089 -0.044 -0.051 -0.049 -0.051 -0.071 -0.034 -0.031 0.017 0.022 -0.031 -0.010 -0.270 0.074 -0.015 -0.029 -0.006 0.012 0.018 0.020
0.000 0.000 0.000 0.000 0.000 0.000 0.000 0.000 0.000 0.000 0.000 0.000 0.000 0.000 0.000 0.000 0.000 0.000 0.000 0.000 0.000 0.000 0.000 0.000 0.000 0.000 0.000 0.000 0.000 0.000 0.032 0.044 0.037 -0.015 -0.036 -0.048 -0.055 -0.062 -0.059 -0.045 -0.048 -0.055 -0.057 -0.053 -0.023 0.025 0.034 0.027 -0.027 -0.022 -0.042 -0.049 -0.063 -0.061 -0.063 -0.075 -0.058 -0.052 -0.057 -0.053 -0.037 -0.004 0.025 -0.030 -0.036 -0.032 -0.067 -0.110 -0.063 -0.040 -0.027 0.033 0.031 0.034 0.034
0.000 0.000 0.000 0.000 0.000 0.000 0.000 0.000 0.000 0.000 0.000 0.000 0.000 0.000 0.000 0.000 0.000 0.000 0.000 0.000 0.000 0.000 0.000 0.000 0.000 0.000 0.000 0.000 0.000 0.000 0.038 0.071 0.066 0.038 0.024 0.008 -0.018 -0.026 -0.025 -0.016 -0.014 -0.024 -0.021 0.022 0.025 0.037 0.035 -0.012 -0.050 -0.044 -0.066 -0.081 -0.079 -0.046 -0.054 -0.055 -0.047 -0.037 -0.027 -0.025 0.027 0.037 -0.026 0.000 -0.020 -0.027 -0.064 -0.116 -0.052 0.010 0.000 -0.026 0.041 0.032 0.031
0.000 0.000 0.000 0.000 0.000 0.000 0.000 0.000 0.000 0.000 0.000 0.000 0.000 0.000 0.000 0.000 0.000 0.000 0.000 0.000 0.000 0.000 0.000 0.000 0.000 0.000 0.000 0.000 0.000 0.000 0.034 0.063 0.086 0.053 0.053 0.057 0.049 0.044 0.042 0.037 0.040 0.032 0.031 0.048 0.049 0.050 0.043 0.025 -0.045 -0.074 -0.077 -0.087 -0.072 -0.067 -0.058 -0.049 -0.029 0.054 0.030 0.034 0.046 0.025 -0.022 -0.017 0.012 -0.020 -0.069 -0.081 -0.031 0.042 0.000 -0.021 -0.026 -0.028 -0.029
0.000 0.000 0.000 0.000 0.000 0.000 0.000 0.000 0.000 0.000 0.000 0.000 0.000 0.000 0.000 0.000 0.000 0.000 0.000 0.000 0.000 0.000 0.000 0.000 0.000 0.000 0.000 0.000 0.000 -0.032 0.033 0.054 0.082 0.055 0.060 0.083 0.076 0.072 0.062 0.049 0.056 0.053 0.046 0.056 0.043 0.012 0.009 -0.064 -0.089 -0.089 -0.049 -0.062 -0.056 -0.053 -0.062 -0.042 -0.021 0.079 0.071 0.052 0.049 0.044 0.025 0.034 0.038 0.015 -0.143 -0.111 -0.044 0.042 0.000 0.034 0.026 0.007 -0.015
0.000 0.000 0.000 0.000 0.000 0.000 0.000 0.000 0.000 0.000 0.000 0.000 0.000 0.000 0.000 0.000 0.000 0.000 0.000 0.000 0.000 0.000 0.000 0.000 0.000 0.000 0.000 0.000 0.000 -0.030 -0.012 0.069 0.110 0.054 0.051 0.078 0.065 0.072 0.066 0.051 0.061 0.064 0.061 0.031 0.004 -0.063 -0.086 -0.090 -0.080 -0.078 -0.060 -0.047 -0.049 -0.052 -0.036 0.015 0.034 0.058 0.023 0.019 0.076 0.052 0.030 0.031 0.032 0.018 -0.183 -0.209 -0.073 -0.030 0.047 0.044 0.048 0.041 0.032
0.000 0.000 0.000 0.000 0.000 0.000 0.000 0.000 0.000 0.000 0.000 0.000 0.000 0.000 0.000 0.000 0.000 0.000 0.000 0.000 0.000 0.000 0.000 0.000 0.000 0.000 0.000 0.000 0.000 -0.027 -0.027 0.073 0.101 0.062 0.005 -0.001 -0.000 0.001 0.051 0.050 0.061 0.053 0.005 0.006 -0.088 -0.097 -0.093 -0.064 -0.054 -0.047 -0.040 -0.039 -0.030 -0.011 0.047 0.065 0.063 0.016 -0.040 0.056 0.027 -0.083 -0.063 -0.034 -0.048 -0.054 -0.048 -0.053 -0.066 -0.055 -0.052 0.037 0.044 0.048 0.047
0.000 0.000 0.000 0.000 0.000 0.000 0.000 0.000 0.000 0.000 0.000 0.000 0.000 0.000 0.000 0.000 0.000 0.000 0.000 0.000 0.000 0.000 0.000 0.000 0.000 0.000 0.000 0.000 0.000 -0.035 -0.040 0.008 0.006 -0.007 -0.002 -0.001 -0.000 0.000 0.000 -0.000 -0.001 0.000 -0.087 -0.111 -0.118 -0.075 -0.058 -0.060 -0.038 -0.030 -0.029 -0.006 0.051 0.063 0.073 0.066 0.033 0.000 -0.021 -0.013 -0.013 -0.030 -0.029 -0.019 -0.036 -0.047 -0.037 -0.030 -0.055 -0.082 -0.087 -0.010 0.014 0.033 0.005
0.000 0.000 0.000 0.000 0.000 0.000 0.000 0.000 0.000 0.000 0.000 0.000 0.000 0.000 0.000 0.000 0.000 0.000 0.000 0.000 0.000 0.000 0.000 0.000 0.000 0.000 0.000 0.000 -0.039 -0.038 -0.042 -0.022 -0.009 -0.004 -0.004 -0.033 -0.029 -0.000 -0.000 -0.001 -0.066 -0.115 -0.097 -0.091 -0.106 -0.047 -0.036 -0.038 -0.022 0.044 0.036 0.058 0.085 0.088 0.075 0.041 -0.029 -0.007 -0.020 -0.038 -0.049 -0.047 -0.032 0.018 -0.003 -0.017 0.014 0.008 -0.070 -0.092 -0.093 -0.061 -0.013 0.004 0.002
0.000 0.000 0.000 0.000 0.000 0.000 0.000 0.000 0.000 0.000 0.000 0.000 0.000 0.000 0.000 0.000 0.000 0.000 0.000 0.000 0.000 0.000 0.000 0.000 0.000 0.000 0.000 0.000 -0.031 -0.037 -0.041 -0.122 -0.023 -0.066 -0.091 -0.081 -0.113 -0.143 -0.117 -0.129 -0.108 -0.173 -0.081 -0.055 -0.058 -0.040 -0.033 -0.019 0.056 0.100 0.088 0.092 0.093 0.109 0.063 -0.034 -0.026 -0.006 -0.019 -0.045 -0.099 -0.053 -0.042 -0.022 0.022 0.022 0.024 -0.034 -0.061 -0.073 -0.072 -0.049 -0.019 0.006 0.002
0.000 0.000 0.000 0.000 0.000 0.000 0.000 0.000 0.000 0.000 0.000 0.000 0.000 0.000 0.000 0.000 0.000 0.000 0.000 0.000 0.000 0.000 0.000 0.000 0.000 0.000 0.000 0.000 -0.018 -0.016 0.014 -0.121 -0.077 -0.103 -0.110 -0.092 -0.143 -0.164 -0.136 -0.125 -0.095 -0.129 -0.062 -0.043 -0.030 -0.021 0.028 0.050 0.079 0.113 0.108 0.085 0.090 0.073 -0.030 -0.035 -0.032 -0.019 -0.005 -0.051 -0.092 -0.040 -0.032 -0.023 0.014 0.028 0.022 -0.010 -0.036 -0.051 -0.055 -0.041 -0.015 0.005 0.001
0.000 0.000 0.000 0.000 0.000 0.000 0.000 0.000 0.000 0.000 0.000 0.000 0.000 0.000 0.000 0.000 0.000 0.000 0.000 0.000 0.000 0.000 0.000 0.000 0.000 0.000 0.000 0.000 -0.027 -0.022 0.020 -0.075 -0.069 -0.097 -0.097 -0.084 -0.088 -0.102 -0.079 -0.062 -0.042 -0.053 -0.026 -0.028 0.038 0.057 0.079 0.092 0.079 0.070 0.010 0.001 0.001 -0.036 -0.032 -0.034 -0.032 -0.036 -0.002 -0.059 -0.070 -0.028 -0.016 0.014 0.029 0.039 0.033 0.017 -0.037 -0.044 -0.044 -0.026 0.021 0.002 0.001
0.000 0.000 0.000 0.000 0.000 0.000 0.000 0.000 0.000 0.000 0.000 0.000 0.000 0.000 0.000 0.000 0.000 0.000 0.000 0.000 0.000 0.000 0.000 0.000 0.000 0.000 0.000 0.000 0.024 0.037 0.043 -0.199 -0.102 -0.097 -0.097 -0.055 -0.045 -0.048 -0.042 -0.029 -0.028 -0.016 0.034 0.044 0.080 0.105 0.098 0.069 -0.016 -0.071 0.001 0.000 0.000 -0.027 -0.023 -0.035 -0.032 -0.043 -0.035 -0.022 -0.028 0.000 0.020 0.037 0.043 0.031 -0.021 -0.038 -0.043 -0.046 -0.042 -0.029 0.024 0.000 0.000
0.000 0.000 0.000 0.000 0.000 0.000 0.000 0.000 0.000 0.000 0.000 0.000 0.000 0.000 0.000 0.000 0.000 0.000 0.000 0.000 0.000 0.000 0.000 0.000 0.000 0.000 0.000 0.000 0.045 -0.096 -0.120 -0.137 -0.126 -0.067 -0.063 -0.042 -0.037 -0.033 -0.019 0.039 0.041 0.064 0.096 0.102 0.106 0.090 0.078 -0.037 -0.042 -0.048 -0.000 -0.000 -0.001 0.025 -0.031 -0.039 -0.030 -0.040 -0.065 -0.035 -0.037 0.007 0.039 0.046 0.053 0.045 0.000 -0.024 -0.033 -0.043 -0.042 -0.041 -0.037 0.000 -0.000
0.000 0.000 0.000 0.000 0.000 0.000 0.000 0.000 0.000 0.000 0.000 0.000 0.000 0.000 0.000 0.000 0.000 0.000 0.000 0.000 0.000 0.000 0.000 0.000 0.000 0.000 0.000 -0.037 -0.111 -0.130 -0.112 -0.108 -0.084 -0.042 -0.031 -0.013 0.008 0.009 0.063 0.104 0.104 0.106 0.119 0.096 0.068 0.000 -0.051 -0.044 0.013 -0.022 -0.004 -0.001 -0.002 0.043 -0.022 -0.024 -0.017 -0.025 -0.049 -0.031 -0.033 -0.035 0.017 0.047 0.068 0.042 0.022 0.010 -0.020 -0.030 -0.037 -0.046 -0.054 -0.027 -0.001
0.000 0.000 0.000 0.000 0.000 0.000 0.000 0.000 0.000 0.000 0.000 0.000 0.000 0.000 0.000 0.000 0.000 0.000 0.000 0.000 0.000 0.000 0.000 0.000 0.000 0.000 0.000 -0.142 -0.123 -0.107 -0.057 -0.047 -0.028 -0.023 -0.026 0.040 0.071 0.071 0.109 0.137 0.120 0.097 -0.002 -0.030 -0.072 -0.083 -0.086 -0.051 -0.043 -0.035 -0.005 -0.002 -0.003 -0.015 0.028 0.020 0.021 0.012 0.014 0.021 0.009 -0.015 0.018 0.052 0.060 0.039 0.021 0.014 0.008 -0.025 -0.031 -0.044 -0.070 -0.085 -0.094
0.000 0.000 0.000 0.000 0.000 0.000 0.000 0.000 0.000 0.000 0.000 0.000 0.000 0.000 0.000 0.000 0.000 0.000 0.000 0.000 0.000 0.000 0.000 0.000 0.000 0.000 0.000 -0.086 -0.076 -0.053 -0.028 -0.028 0.046 0.054 0.053 0.105 0.134 0.116 0.101 0.040 -0.001 -0.064 -0.093 -0.109 -0.093 -0.083 -0.087 -0.062 -0.042 -0.054 -0.058 -0.004 -0.005 -0.005 0.058 0.051 0.044 0.041 0.058 0.042 0.032 0.030 0.029 0.015 0.026 0.023 0.040 0.040 0.035 -0.021 -0.024 -0.029 -0.064 -0.083 -0.097
0.000 0.000 0.000 0.000 0.000 0.000 0.000 0.000 0.000 0.000 0.000 0.000 0.000 0.000 0.000 0.000 0.000 0.000 0.000 0.000 0.000 0.000 0.000 0.000 0.000 0.000 0.000 -0.036 -0.035 -0.013 0.035 0.028 0.092 0.133 0.119 0.136 0.138 0.111 0.062 -0.052 -0.076 -0.092 -0.098 -0.102 -0.069 -0.060 -0.062 -0.049 -0.030 -0.023 -0.067 -0.010 -0.009 -0.022 0.042 0.058 0.053 0.054 0.079 0.056 0.033 0.035 0.031 0.004 0.004 0.004 0.004 0.038 0.033 0.006 0.020 0.023 -0.026 -0.049 -0.048
0.000 0.000 0.000 0.000 0.000 0.000 0.000 0.000 0.000 0.000 0.000 0.000 0.000 0.000 0.000 0.000 0.000 0.000 0.000 0.000 0.000 0.000 0.000 0.000 0.000 0.000 0.000 -0.014 -0.022 0.042 0.111 0.094 0.110 0.130 0.124 0.107 0.101 -0.056 -0.048 -0.077 -0.087 -0.073 -0.066 -0.085 -0.049 -0.040 -0.040 -0.049 -0.042 -0.017 0.025 -0.037 -0.040 -0.072 0.039 0.055 0.059 0.055 0.088 0.063 0.029 0.034 0.034 0.002 0.001 0.001 0.000 -0.002 0.035 0.038 0.038 0.032 -0.024 -0.026 -0.016
