Project1/res/jiangbei.max
ncols         319
nrows         411
xllcorner     657492.000000
yllcorner     3548067.000000
cellsize      10.000000
NODATA_value  -9999.000000
[rows 340 to 373 of 411, columns 0 to 76 of 319]
0.000 0.000 0.000 0.000 0.000 0.000 0.000 0.000 0.000 0.000 0.000 0.000 0.000 0.000 0.000 0.000 0.000 0.000 0.000 0.000 0.000 0.000 0.000 0.000 0.000 0.000 0.000 0.000 0.000 0.000 0.000 0.000 0.000 0.004 0.006 0.008 0.008 0.009 0.015 0.031 0.003 0.002 0.003 0.005 0.010 0.006 0.006 0.007 0.008 0.196 0.327 0.004 0.003 0.004 0.005 0.010 0.044 0.024 0.006 0.006 0.028 0.296 0.050 0.034 0.041 0.188 0.192 0.035 0.004 0.005 0.179 0.287 0.268 0.007 0.004 0.007 0.015
0.000 0.000 0.000 0.000 0.000 0.000 0.000 0.000 0.000 0.000 0.000 0.000 0.000 0.000 0.000 0.000 0.000 0.000 0.000 0.000 0.000 0.000 0.000 0.000 0.000 0.000 0.000 0.000 0.000 0.000 0.000 0.000 0.000 0.005 0.006 0.007 0.008 0.009 0.014 0.116 0.004 0.003 0.005 0.008 0.011 0.009 0.039 0.101 0.153 0.292 0.299 0.006 0.004 0.003 0.004 0.006 0.019 0.015 0.005 0.005 0.009 0.251 0.012 0.007 0.004 0.048 0.116 0.016 0.004 0.038 0.022 0.004 0.048 0.005 0.003 0.007 0.011
0.000 0.000 0.000 0.000 0.000 0.000 0.000 0.000 0.000 0.000 0.000 0.000 0.000 0.000 0.000 0.000 0.000 0.000 0.000 0.000 0.000 0.000 0.000 0.000 0.000 0.000 0.000 0.000 0.000 0.000 0.000 0.000 0.000 0.005 0.006 0.006 0.007 0.008 0.013 0.236 0.227 0.125 0.029 0.027 0.130 0.217 0.291 0.299 0.333 0.394 0.362 0.099 0.006 0.003 0.005 0.006 0.016 0.009 0.005 0.006 0.010 0.194 0.008 0.005 0.004 0.011 0.073 0.016 0.009 0.035 0.008 0.003 0.052 0.006 0.005 0.007 0.006
0.000 0.000 0.000 0.000 0.000 0.000 0.000 0.000 0.000 0.000 0.000 0.000 0.000 0.000 0.000 0.000 0.000 0.000 0.000 0.000 0.000 0.000 0.000 0.000 0.000 0.000 0.000 0.000 0.000 0.000 0.000 0.000 0.000 0.005 0.005 0.005 0.005 0.007 0.010 0.168 0.446 0.167 0.005 0.006 0.114 0.286 0.383 0.448 0.466 0.502 0.443 0.216 0.009 0.005 0.006 0.019 0.008 0.007 0.005 0.005 0.007 0.018 0.007 0.005 0.004 0.050 0.143 0.021 0.010 0.014 0.007 0.056 0.151 0.016 0.007 0.011 0.005
0.000 0.000 0.000 0.000 0.000 0.000 0.000 0.000 0.000 0.000 0.000 0.000 0.000 0.000 0.000 0.000 0.000 0.000 0.000 0.000 0.000 0.000 0.000 0.000 0.000 0.000 0.000 0.000 0.000 0.000 0.000 0.000 0.000 0.000 0.003 0.003 0.005 0.007 0.009 0.012 0.111 0.005 0.003 0.005 0.007 0.147 0.335 0.390 0.427 0.518 0.481 0.176 0.004 0.005 0.008 0.154 0.007 0.005 0.005 0.004 0.006 0.011 0.006 0.004 0.006 0.120 0.186 0.021 0.008 0.008 0.006 0.005 0.048 0.008 0.005 0.067 0.020
0.000 0.000 0.000 0.000 0.000 0.000 0.000 0.000 0.000 0.000 0.000 0.000 0.000 0.000 0.000 0.000 0.000 0.000 0.000 0.000 0.000 0.000 0.000 0.000 0.000 0.000 0.000 0.000 0.000 0.000 0.000 0.000 0.000 0.000 0.004 0.006 0.007 0.008 0.008 0.009 0.008 0.004 0.003 0.004 0.005 0.006 0.240 0.208 0.168 0.389 0.449 0.129 0.003 0.005 0.105 0.289 0.172 0.006 0.006 0.006 0.007 0.007 0.006 0.004 0.015 0.146 0.139 0.014 0.010 0.007 0.005 0.030 0.052 0.011 0.025 0.073 0.009
0.000 0.000 0.000 0.000 0.000 0.000 0.000 0.000 0.000 0.000 0.000 0.000 0.000 0.000 0.000 0.000 0.000 0.000 0.000 0.000 0.000 0.000 0.000 0.000 0.000 0.000 0.000 0.000 0.000 0.000 0.000 0.000 0.000 0.000 0.007 0.008 0.008 0.008 0.011 0.020 0.021 0.004 0.003 0.002 0.003 0.005 0.383 0.177 0.004 0.086 0.285 0.162 0.006 0.004 0.117 0.245 0.215 0.028 0.006 0.003 0.006 0.016 0.024 0.024 0.024 0.040 0.047 0.020 0.091 0.027 0.005 0.108 0.241 0.072 0.028 0.011 0.008
0.000 0.000 0.000 0.000 0.000 0.000 0.000 0.000 0.000 0.000 0.000 0.000 0.000 0.000 0.000 0.000 0.000 0.000 0.000 0.000 0.000 0.000 0.000 0.000 0.000 0.000 0.000 0.000 0.000 0.000 0.000 0.000 0.000 0.000 0.005 0.005 0.006 0.007 0.009 0.017 0.068 0.008 0.004 0.003 0.004 0.008 0.297 0.096 0.004 0.005 0.006 0.119 0.151 0.024 0.085 0.079 0.053 0.095 0.030 0.007 0.004 0.009 0.132 0.217 0.099 0.011 0.009 0.019 0.147 0.049 0.004 0.136 0.331 0.071 0.009 0.009 0.008
0.000 0.000 0.000 0.000 0.000 0.000 0.000 0.000 0.000 0.000 0.000 0.000 0.000 0.000 0.000 0.000 0.000 0.000 0.000 0.000 0.000 0.000 0.000 0.000 0.000 0.000 0.000 0.000 0.000 0.000 0.000 0.000 0.000 0.000 0.005 0.006 0.007 0.007 0.007 0.009 0.081 0.298 0.007 0.004 0.004 0.008 0.010 0.006 0.004 0.004 0.004 0.005 0.099 0.081 0.043 0.007 0.005 0.017 0.044 0.008 0.004 0.006 0.010 0.199 0.194 0.006 0.005 0.008 0.033 0.010 0.005 0.079 0.265 0.008 0.007 0.008 0.008
0.000 0.000 0.000 0.000 0.000 0.000 0.000 0.000 0.000 0.000 0.000 0.000 0.000 0.000 0.000 0.000 0.000 0.000 0.000 0.000 0.000 0.000 0.000 0.000 0.000 0.000 0.000 0.000 0.000 0.000 0.000 0.000 0.000 0.000 0.005 0.006 0.006 0.006 0.007 0.009 0.018 0.215 0.088 0.007 0.006 0.004 0.004 0.003 0.004 0.006 0.006 0.008 0.086 0.154 0.133 0.012 0.007 0.008 0.014 0.007 0.004 0.005 0.007 0.009 0.078 0.012 0.005 0.006 0.009 0.006 0.005 0.007 0.012 0.006 0.006 0.006 0.010
0.000 0.000 0.000 0.000 0.000 0.000 0.000 0.000 0.000 0.000 0.000 0.000 0.000 0.000 0.000 0.000 0.000 0.000 0.000 0.000 0.000 0.000 0.000 0.000 0.000 0.000 0.000 0.000 0.000 0.000 0.000 0.000 0.000 0.000 0.000 0.005 0.005 0.005 0.007 0.010 0.015 0.104 0.182 0.098 0.013 0.007 0.005 0.004 0.006 0.010 0.059 0.171 0.146 0.162 0.010 0.007 0.006 0.007 0.008 0.007 0.004 0.006 0.007 0.007 0.012 0.007 0.005 0.004 0.004 0.003 0.004 0.004 0.005 0.005 0.006 0.011 0.013
0.000 0.000 0.000 0.000 0.000 0.000 0.000 0.000 0.000 0.000 0.000 0.000 0.000 0.000 0.000 0.000 0.000 0.000 0.000 0.000 0.000 0.000 0.000 0.000 0.000 0.000 0.000 0.000 0.000 0.000 0.000 0.000 0.000 0.000 0.000 0.006 0.006 0.005 0.007 0.010 0.013 0.064 0.226 0.155 0.020 0.012 0.007 0.014 0.023 0.055 0.135 0.095 0.009 0.005 0.005 0.004 0.004 0.005 0.005 0.008 0.009 0.007 0.007 0.003 0.002 0.003 0.003 0.004 0.006 0.005 0.007 0.004 0.008 0.008 0.011 0.012 0.011
0.000 0.000 0.000 0.000 0.000 0.000 0.000 0.000 0.000 0.000 0.000 0.000 0.000 0.000 0.000 0.000 0.000 0.000 0.000 0.000 0.000 0.000 0.000 0.000 0.000 0.000 0.000 0.000 0.000 0.000 0.000 0.000 0.000 0.000 0.000 0.005 0.007 0.009 0.009 0.010 0.012 0.026 0.197 0.028 0.005 0.005 0.004 0.006 0.009 0.013 0.014 0.010 0.007 0.003 0.004 0.003 0.004 0.004 0.006 0.020 0.017 0.005 0.005 0.005 0.005 0.006 0.006 0.007 0.010 0.043 0.027 0.015 0.012 0.013 0.020 0.015 0.015
0.000 0.000 0.000 0.000 0.000 0.000 0.000 0.000 0.000 0.000 0.000 0.000 0.000 0.000 0.000 0.000 0.000 0.000 0.000 0.000 0.000 0.000 0.000 0.000 0.000 0.000 0.000 0.000 0.000 0.000 0.000 0.000 0.000 0.000 0.000 0.005 0.005 0.005 0.007 0.008 0.010 0.016 0.141 0.004 0.003 0.003 0.003 0.005 0.006 0.007 0.005 0.008 0.009 0.011 0.006 0.005 0.006 0.006 0.008 0.030 0.008 0.004 0.004 0.007 0.262 0.287 0.158 0.200 0.033 0.035 0.006 0.005 0.012 0.012 0.016 0.022 0.014
0.000 0.000 0.000 0.000 0.000 0.000 0.000 0.000 0.000 0.000 0.000 0.000 0.000 0.000 0.000 0.000 0.000 0.000 0.000 0.000 0.000 0.000 0.000 0.000 0.000 0.000 0.000 0.000 0.000 0.000 0.000 0.000 0.000 0.000 0.000 0.005 0.004 0.004 0.006 0.007 0.008 0.009 0.100 0.016 0.005 0.005 0.004 0.003 0.004 0.009 0.008 0.005 0.005 0.006 0.007 0.007 0.008 0.008 0.022 0.020 0.005 0.003 0.006 0.273 0.390 0.207 0.102 0.084 0.005 0.003 0.005 0.009 0.014 0.015 0.015 0.019 0.012
0.000 0.000 0.000 0.000 0.000 0.000 0.000 0.000 0.000 0.000 0.000 0.000 0.000 0.000 0.000 0.000 0.000 0.000 0.000 0.000 0.000 0.000 0.000 0.000 0.000 0.000 0.000 0.000 0.000 0.000 0.000 0.000 0.000 0.000 0.000 0.000 0.005 0.008 0.007 0.006 0.005 0.006 0.128 0.270 0.006 0.009 0.008 0.004 0.006 0.081 0.105 0.007 0.005 0.004 0.006 0.007 0.010 0.024 0.028 0.013 0.005 0.003 0.005 0.271 0.158 0.003 0.006 0.008 0.003 0.005 0.011 0.077 0.026 0.017 0.015 0.012 0.021
0.000 0.000 0.000 0.000 0.000 0.000 0.000 0.000 0.000 0.000 0.000 0.000 0.000 0.000 0.000 0.000 0.000 0.000 0.000 0.000 0.000 0.000 0.000 0.000 0.000 0.000 0.000 0.000 0.000 0.000 0.000 0.000 0.000 0.000 0.000 0.000 0.007 0.007 0.007 0.007 0.008 0.015 0.143 0.348 0.136 0.013 0.006 0.004 0.011 0.169 0.229 0.010 0.005 0.003 0.005 0.007 0.013 0.062 0.021 0.007 0.005 0.003 0.005 0.053 0.087 0.006 0.006 0.004 0.006 0.010 0.218 0.254 0.176 0.052 0.014 0.008 0.038
0.000 0.000 0.000 0.000 0.000 0.000 0.000 0.000 0.000 0.000 0.000 0.000 0.000 0.000 0.000 0.000 0.000 0.000 0.000 0.000 0.000 0.000 0.000 0.000 0.000 0.000 0.000 0.000 0.000 0.000 0.000 0.000 0.000 0.000 0.000 0.000 0.005 0.005 0.005 0.009 0.017 0.020 0.074 0.210 0.007 0.005 0.005 0.004 0.005 0.006 0.147 0.044 0.006 0.003 0.005 0.008 0.145 0.213 0.011 0.006 0.005 0.003 0.005 0.009 0.204 0.011 0.003 0.006 0.008 0.070 0.184 0.226 0.213 0.121 0.067 0.031 0.060
0.000 0.000 0.000 0.000 0.000 0.000 0.000 0.000 0.000 0.000 0.000 0.000 0.000 0.000 0.000 0.000 0.000 0.000 0.000 0.000 0.000 0.000 0.000 0.000 0.000 0.000 0.000 0.000 0.000 0.000 0.000 0.000 0.000 0.000 0.000 0.000 0.004 0.004 0.005 0.007 0.012 0.014 0.019 0.119 0.004 0.004 0.004 0.004 0.004 0.004 0.026 0.040 0.005 0.004 0.005 0.008 0.252 0.241 0.013 0.006 0.004 0.004 0.005 0.006 0.054 0.003 0.002 0.004 0.007 0.075 0.158 0.190 0.054 0.036 0.068 0.142 0.148
0.000 0.000 0.000 0.000 0.000 0.000 0.000 0.000 0.000 0.000 0.000 0.000 0.000 0.000 0.000 0.000 0.000 0.000 0.000 0.000 0.000 0.000 0.000 0.000 0.000 0.000 0.000 0.000 0.000 0.000 0.000 0.000 0.000 0.000 0.000 0.000 0.005 0.004 0.005 0.007 0.009 0.011 0.012 0.097 0.006 0.005 0.004 0.003 0.004 0.005 0.007 0.038 0.005 0.005 0.007 0.016 0.287 0.160 0.009 0.006 0.005 0.005 0.004 0.005 0.037 0.004 0.003 0.004 0.008 0.118 0.181 0.152 0.004 0.003 0.006 0.181 0.226
0.000 0.000 0.000 0.000 0.000 0.000 0.000 0.000 0.000 0.000 0.000 0.000 0.000 0.000 0.000 0.000 0.000 0.000 0.000 0.000 0.000 0.000 0.000 0.000 0.000 0.000 0.000 0.000 0.000 0.000 0.000 0.000 0.000 0.000 0.000 0.000 0.010 0.006 0.005 0.006 0.008 0.010 0.012 0.037 0.011 0.007 0.005 0.004 0.005 0.006 0.010 0.040 0.006 0.008 0.027 0.163 0.217 0.040 0.006 0.006 0.005 0.004 0.003 0.005 0.034 0.011 0.004 0.005 0.010 0.156 0.192 0.183 0.008 0.003 0.005 0.071 0.128
0.000 0.000 0.000 0.000 0.000 0.000 0.000 0.000 0.000 0.000 0.000 0.000 0.000 0.000 0.000 0.000 0.000 0.000 0.000 0.000 0.000 0.000 0.000 0.000 0.000 0.000 0.000 0.000 0.000 0.000 0.000 0.000 0.000 0.000 0.000 0.000 0.000 0.004 0.004 0.006 0.008 0.011 0.015 0.054 0.015 0.008 0.005 0.004 0.006 0.007 0.009 0.027 0.016 0.011 0.010 0.045 0.027 0.004 0.007 0.007 0.006 0.004 0.003 0.005 0.009 0.046 0.008 0.006 0.005 0.126 0.163 0.184 0.102 0.013 0.004 0.008 0.004
0.000 0.000 0.000 0.000 0.000 0.000 0.000 0.000 0.000 0.000 0.000 0.000 0.000 0.000 0.000 0.000 0.000 0.000 0.000 0.000 0.000 0.000 0.000 0.000 0.000 0.000 0.000 0.000 0.000 0.000 0.000 0.000 0.000 0.000 0.000 0.000 0.000 0.005 0.007 0.007 0.009 0.011 0.015 0.074 0.009 0.006 0.005 0.003 0.005 0.006 0.008 0.022 0.053 0.008 0.006 0.154 0.151 0.105 0.312 0.008 0.005 0.004 0.003 0.005 0.007 0.051 0.042 0.020 0.036 0.114 0.069 0.008 0.011 0.023 0.012 0.004 0.003
0.000 0.000 0.000 0.000 0.000 0.000 0.000 0.000 0.000 0.000 0.000 0.000 0.000 0.000 0.000 0.000 0.000 0.000 0.000 0.000 0.000 0.000 0.000 0.000 0.000 0.000 0.000 0.000 0.000 0.000 0.000 0.000 0.000 0.000 0.000 0.000 0.000 0.006 0.007 0.007 0.008 0.009 0.014 0.175 0.011 0.007 0.005 0.003 0.005 0.006 0.009 0.294 0.296 0.232 0.359 0.702 0.884 0.990 0.998 0.488 0.006 0.005 0.003 0.004 0.005 0.011 0.091 0.114 0.115 0.107 0.005 0.003 0.003 0.007 0.015 0.006 0.004
0.000 0.000 0.000 0.000 0.000 0.000 0.000 0.000 0.000 0.000 0.000 0.000 0.000 0.000 0.000 0.000 0.000 0.000 0.000 0.000 0.000 0.000 0.000 0.000 0.000 0.000 0.000 0.000 0.000 0.000 0.000 0.000 0.000 0.000 0.000 0.000 0.000 0.005 0.005 0.006 0.005 0.005 0.011 0.288 0.007 0.011 0.006 0.004 0.005 0.007 0.275 0.505 0.544 0.560 0.710 1.082 1.395 1.391 1.206 0.629 0.008 0.006 0.005 0.003 0.002 0.011 0.066 0.113 0.121 0.136 0.007 0.004 0.003 0.004 0.020 0.010 0.010
0.000 0.000 0.000 0.000 0.000 0.000 0.000 0.000 0.000 0.000 0.000 0.000 0.000 0.000 0.000 0.000 0.000 0.000 0.000 0.000 0.000 0.000 0.000 0.000 0.000 0.000 0.000 0.000 0.000 0.000 0.000 0.000 0.000 0.000 0.000 0.000 0.000 0.005 0.005 0.006 0.007 0.008 0.093 0.353 0.054 0.020 0.013 0.005 0.089 0.315 0.473 0.560 0.669 0.838 1.015 1.180 1.399 1.249 0.949 0.459 0.007 0.006 0.004 0.002 0.005 0.009 0.058 0.050 0.072 0.150 0.020 0.005 0.003 0.006 0.083 0.033 0.020
0.000 0.000 0.000 0.000 0.000 0.000 0.000 0.000 0.000 0.000 0.000 0.000 0.000 0.000 0.000 0.000 0.000 0.000 0.000 0.000 0.000 0.000 0.000 0.000 0.000 0.000 0.000 0.000 0.000 0.000 0.000 0.000 0.000 0.000 0.000 0.000 0.000 0.005 0.004 0.005 0.009 0.017 0.290 0.418 0.211 0.009 0.013 0.045 0.211 0.291 0.316 0.379 0.510 0.732 0.824 0.860 0.885 0.793 0.541 0.170 0.008 0.006 0.004 0.003 0.005 0.005 0.008 0.010 0.008 0.116 0.071 0.005 0.004 0.040 0.082 0.021 0.009
0.000 0.000 0.000 0.000 0.000 0.000 0.000 0.000 0.000 0.000 0.000 0.000 0.000 0.000 0.000 0.000 0.000 0.000 0.000 0.000 0.000 0.000 0.000 0.000 0.000 0.000 0.000 0.000 0.000 0.000 0.000 0.000 0.000 0.000 0.000 0.000 0.000 0.000 0.003 0.004 0.006 0.009 0.074 0.335 0.209 0.006 0.005 0.003 0.004 0.006 0.010 0.070 0.165 0.118 0.025 0.004 0.059 0.323 0.329 0.160 0.010 0.008 0.005 0.004 0.003 0.003 0.005 0.006 0.005 0.198 0.214 0.017 0.024 0.040 0.024 0.011 0.008
0.000 0.000 0.000 0.000 0.000 0.000 0.000 0.000 0.000 0.000 0.000 0.000 0.000 0.000 0.000 0.000 0.000 0.000 0.000 0.000 0.000 0.000 0.000 0.000 0.000 0.000 0.000 0.000 0.000 0.000 0.000 0.000 0.000 0.000 0.000 0.000 0.000 0.000 0.005 0.005 0.006 0.007 0.010 0.119 0.144 0.013 0.015 0.007 0.004 0.006 0.010 0.010 0.025 0.008 0.005 0.003 0.004 0.006 0.198 0.241 0.049 0.012 0.009 0.005 0.003 0.003 0.004 0.006 0.100 0.387 0.351 0.160 0.025 0.015 0.016 0.009 0.007
0.000 0.000 0.000 0.000 0.000 0.000 0.000 0.000 0.000 0.000 0.000 0.000 0.000 0.000 0.000 0.000 0.000 0.000 0.000 0.000 0.000 0.000 0.000 0.000 0.000 0.000 0.000 0.000 0.000 0.000 0.000 0.000 0.000 0.000 0.000 0.000 0.000 0.000 0.004 0.005 0.005 0.006 0.009 0.014 0.174 0.034 0.010 0.006 0.004 0.006 0.010 0.009 0.025 0.015 0.006 0.003 0.004 0.005 0.011 0.199 0.103 0.015 0.010 0.006 0.004 0.002 0.004 0.005 0.011 0.352 0.346 0.154 0.017 0.016 0.022 0.013 0.014
0.000 0.000 0.000 0.000 0.000 0.000 0.000 0.000 0.000 0.000 0.000 0.000 0.000 0.000 0.000 0.000 0.000 0.000 0.000 0.000 0.000 0.000 0.000 0.000 0.000 0.000 0.000 0.000 0.000 0.000 0.000 0.000 0.000 0.000 0.000 0.000 0.000 0.000 0.003 0.004 0.005 0.006 0.008 0.012 0.211 0.045 0.006 0.005 0.004 0.005 0.008 0.009 0.015 0.009 0.006 0.004 0.004 0.004 0.007 0.028 0.111 0.146 0.020 0.008 0.005 0.003 0.003 0.004 0.007 0.005 0.172 0.111 0.069 0.032 0.038 0.028 0.021
0.000 0.000 0.000 0.000 0.000 0.000 0.000 0.000 0.000 0.000 0.000 0.000 0.000 0.000 0.000 0.000 0.000 0.000 0.000 0.000 0.000 0.000 0.000 0.000 0.000 0.000 0.000 0.000 0.000 0.000 0.000 0.000 0.000 0.000 0.000 0.000 0.000 0.000 0.006 0.005 0.006 0.006 0.008 0.011 0.156 0.167 0.005 0.004 0.006 0.005 0.006 0.008 0.006 0.006 0.004 0.004 0.005 0.006 0.006 0.026 0.059 0.160 0.022 0.013 0.007 0.005 0.003 0.004 0.005 0.005 0.010 0.233 0.214 0.047 0.035 0.041 0.023
0.000 0.000 0.000 0.000 0.000 0.000 0.000 0.000 0.000 0.000 0.000 0.000 0.000 0.000 0.000 0.000 0.000 0.000 0.000 0.000 0.000 0.000 0.000 0.000 0.000 0.000 0.000 0.000 0.000 0.000 0.000 0.000 0.000 0.000 0.000 0.000 0.000 0.000 0.000 0.005 0.005 0.006 0.006 0.009 0.042 0.208 0.005 0.003 0.005 0.008 0.005 0.004 0.004 0.004 0.003 0.004 0.006 0.009 0.019 0.052 0.045 0.027 0.010 0.009 0.009 0.005 0.003 0.003 0.003 0.005 0.008 0.176 0.213 0.012 0.012 0.044 0.010
0.000 0.000 0.000 0.000 0.000 0.000 0.000 0.000 0.000 0.000 0.000 0.000 0.000 0.000 0.000 0.000 0.000 0.000 0.000 0.000 0.000 0.000 0.000 0.000 0.000 0.000 0.000 0.000 0.000 0.000 0.000 0.000 0.000 0.000 0.000 0.000 0.000 0.000 0.000 0.004 0.004 0.004 0.005 0.010 0.017 0.244 0.009 0.009 0.019 0.014 0.007 0.005 0.010 0.005 0.003 0.005 0.007 0.185 0.172 0.086 0.014 0.012 0.006 0.005 0.005 0.005 0.004 0.003 0.003 0.004 0.004 0.006 0.007 0.006 0.005 0.044 0.007
