Project1/res/jiangbei-0001.wd
ncols         319
nrows         411
xllcorner     657492.000000
yllcorner     3548067.000000
cellsize      10.000000
NODATA_value  -9999.000000
[rows 102 to 135 of 411, columns 154 to 230 of 319]
0.139 0.126 0.131 0.165 0.204 0.200 0.141 0.077 0.060 0.129 0.097 0.005 0.005 0.057 0.159 0.280 0.271 0.006 0.003 0.003 0.002 0.002 0.002 0.004 0.003 0.002 0.002 0.003 0.003 0.003 0.003 0.003 0.003 0.004 0.094 0.262 0.297 0.213 0.103 0.089 0.137 0.016 0.004 0.003 0.003 0.003 0.008 0.031 0.012 0.011 0.033 0.071 0.129 0.184 0.237 0.269 0.271 0.244 0.201 0.109 0.007 0.002 0.001 0.001 0.002 0.001 0.001 0.002 0.003 0.088 0.055 0.015 0.010 0.013 0.013 0.021 0.040
0.124 0.111 0.110 0.098 0.019 0.019 0.046 0.079 0.156 0.273 0.247 0.082 0.038 0.060 0.124 0.224 0.355 0.302 0.004 0.001 0.001 0.002 0.002 0.002 0.002 0.003 0.003 0.002 0.002 0.002 0.002 0.002 0.002 0.002 0.033 0.250 0.422 0.304 0.110 0.086 0.093 0.011 0.003 0.003 0.003 0.003 0.004 0.006 0.006 0.006 0.018 0.070 0.133 0.196 0.256 0.267 0.266 0.265 0.197 0.017 0.006 0.006 0.004 0.002 0.001 0.002 0.002 0.003 0.116 0.116 0.057 0.002 0.002 0.004 0.036 0.176 0.208
0.110 0.094 0.052 0.003 0.002 0.002 0.002 0.075 0.240 0.313 0.232 0.110 0.033 0.014 0.082 0.180 0.242 0.261 0.014 0.003 0.002 0.002 0.002 0.002 0.002 0.003 0.004 0.003 0.002 0.002 0.002 0.002 0.003 0.005 0.029 0.151 0.183 0.003 0.001 0.002 0.001 0.016 0.002 0.002 0.002 0.003 0.004 0.006 0.005 0.005 0.016 0.069 0.134 0.197 0.237 0.191 0.166 0.175 0.016 0.004 0.003 0.002 0.001 0.003 0.001 0.002 0.004 0.068 0.060 0.029 0.024 0.002 0.001 0.002 0.027 0.282 0.238
0.072 0.020 0.003 0.002 0.001 0.002 0.020 0.156 0.197 0.056 0.004 0.003 0.002 0.002 0.004 0.085 0.084 0.002 0.006 0.005 0.003 0.003 0.003 0.002 0.002 0.002 0.003 0.003 0.003 0.003 0.003 0.004 0.006 0.099 0.037 0.007 0.003 0.002 0.001 0.001 0.002 0.009 0.097 0.003 0.001 0.002 0.003 0.005 0.005 0.005 0.009 0.071 0.134 0.189 0.182 0.095 0.048 0.021 0.003 0.003 0.002 0.002 0.001 0.001 0.002 0.003 0.074 0.076 0.003 0.002 0.040 0.063 0.004 0.002 0.004 0.027 0.008
0.004 0.003 0.002 0.001 0.002 0.040 0.086 0.093 0.007 0.003 0.003 0.002 0.002 0.002 0.003 0.004 0.008 0.003 0.001 0.052 0.021 0.004 0.003 0.003 0.002 0.002 0.002 0.002 0.003 0.004 0.007 0.009 0.025 0.127 0.007 0.004 0.003 0.003 0.002 0.002 0.002 0.002 0.004 0.211 0.020 0.001 0.002 0.003 0.004 0.004 0.008 0.074 0.134 0.156 0.103 0.010 0.006 0.004 0.003 0.002 0.002 0.001 0.001 0.002 0.002 0.020 0.074 0.010 0.004 0.038 0.141 0.151 0.010 0.003 0.003 0.004 0.002
0.002 0.003 0.001 0.002 0.004 0.048 0.034 0.004 0.003 0.003 0.002 0.002 0.002 0.002 0.002 0.003 0.003 0.005 0.004 0.005 0.101 0.157 0.008 0.003 0.003 0.002 0.002 0.003 0.006 0.003 0.003 0.004 0.008 0.034 0.006 0.004 0.004 0.004 0.003 0.002 0.002 0.002 0.002 0.104 0.326 0.069 0.002 0.002 0.005 0.002 0.006 0.077 0.124 0.092 0.016 0.005 0.005 0.003 0.002 0.002 0.001 0.001 0.002 0.003 0.006 0.007 0.002 0.001 0.009 0.112 0.131 0.008 0.004 0.003 0.002 0.002 0.002
0.003 0.004 0.007 0.008 0.070 0.068 0.003 0.003 0.003 0.002 0.002 0.002 0.002 0.002 0.002 0.003 0.003 0.004 0.006 0.010 0.102 0.245 0.313 0.142 0.003 0.002 0.002 0.006 0.006 0.002 0.001 0.002 0.004 0.012 0.006 0.005 0.004 0.004 0.004 0.004 0.003 0.001 0.001 0.002 0.031 0.197 0.124 0.022 0.010 0.007 0.007 0.064 0.070 0.011 0.004 0.004 0.004 0.002 0.002 0.001 0.001 0.002 0.002 0.004 0.068 0.004 0.002 0.002 0.037 0.137 0.067 0.004 0.002 0.002 0.002 0.001 0.002
0.002 0.007 0.014 0.028 0.074 0.064 0.003 0.002 0.002 0.002 0.003 0.003 0.003 0.002 0.002 0.002 0.002 0.002 0.012 0.081 0.142 0.230 0.353 0.432 0.284 0.006 0.005 0.007 0.004 0.002 0.001 0.002 0.002 0.007 0.005 0.004 0.004 0.004 0.005 0.004 0.003 0.002 0.001 0.002 0.002 0.002 0.005 0.011 0.014 0.012 0.019 0.051 0.011 0.004 0.003 0.003 0.003 0.001 0.001 0.001 0.002 0.002 0.003 0.009 0.029 0.003 0.003 0.030 0.103 0.095 0.009 0.004 0.001 0.001 0.001 0.001 0.002
0.002 0.015 0.017 0.016 0.024 0.050 0.018 0.005 0.004 0.004 0.004 0.004 0.004 0.002 0.002 0.002 0.003 0.003 0.013 0.073 0.168 0.229 0.307 0.426 0.529 0.433 0.144 0.006 0.002 0.001 0.001 0.001 0.001 0.004 0.004 0.003 0.004 0.004 0.005 0.004 0.003 0.002 0.003 0.001 0.001 0.002 0.002 0.003 0.005 0.019 0.071 0.030 0.004 0.003 0.002 0.002 0.002 0.001 0.001 0.002 0.003 0.005 0.007 0.035 0.030 0.023 0.030 0.077 0.089 0.008 0.006 0.006 0.004 0.002 0.002 0.001 0.002
0.019 0.028 0.016 0.011 0.010 0.030 0.022 0.008 0.005 0.004 0.004 0.004 0.004 0.002 0.003 0.003 0.004 0.014 0.018 0.011 0.018 0.162 0.282 0.371 0.474 0.545 0.323 0.005 0.002 0.002 0.001 0.002 0.004 0.005 0.002 0.002 0.003 0.004 0.004 0.003 0.003 0.006 0.005 0.004 0.003 0.001 0.002 0.002 0.002 0.003 0.005 0.008 0.002 0.002 0.004 0.004 0.003 0.003 0.002 0.002 0.005 0.050 0.047 0.043 0.061 0.098 0.077 0.032 0.007 0.005 0.004 0.004 0.004 0.004 0.002 0.002 0.001
0.091 0.037 0.003 0.005 0.006 0.016 0.024 0.009 0.005 0.005 0.004 0.004 0.003 0.002 0.002 0.003 0.007 0.014 0.012 0.002 0.003 0.006 0.178 0.327 0.358 0.333 0.219 0.009 0.003 0.002 0.001 0.002 0.008 0.004 0.003 0.003 0.003 0.003 0.003 0.003 0.009 0.013 0.010 0.005 0.003 0.001 0.002 0.001 0.002 0.002 0.002 0.003 0.006 0.002 0.001 0.003 0.005 0.002 0.007 0.003 0.005 0.034 0.039 0.070 0.108 0.124 0.015 0.008 0.006 0.004 0.003 0.003 0.002 0.002 0.002 0.003 0.005
0.088 0.008 0.003 0.005 0.006 0.007 0.021 0.018 0.007 0.006 0.005 0.004 0.003 0.002 0.002 0.003 0.013 0.013 0.003 0.002 0.003 0.004 0.010 0.194 0.206 0.043 0.009 0.040 0.012 0.003 0.002 0.001 0.008 0.004 0.003 0.003 0.003 0.002 0.003 0.017 0.044 0.012 0.003 0.002 0.001 0.002 0.003 0.002 0.002 0.002 0.002 0.005 0.014 0.003 0.001 0.002 0.005 0.008 0.006 0.007 0.031 0.059 0.078 0.122 0.099 0.018 0.011 0.009 0.007 0.004 0.002 0.002 0.001 0.002 0.001 0.003 0.140
0.009 0.005 0.004 0.005 0.006 0.004 0.004 0.039 0.084 0.015 0.005 0.004 0.003 0.002 0.003 0.006 0.012 0.003 0.002 0.002 0.003 0.004 0.004 0.008 0.013 0.005 0.003 0.004 0.010 0.017 0.006 0.007 0.007 0.004 0.004 0.005 0.005 0.007 0.017 0.035 0.007 0.003 0.002 0.001 0.002 0.003 0.004 0.003 0.003 0.003 0.004 0.004 0.012 0.013 0.008 0.007 0.008 0.007 0.009 0.024 0.074 0.102 0.155 0.110 0.009 0.007 0.009 0.010 0.009 0.005 0.002 0.002 0.002 0.002 0.002 0.001 0.002
0.006 0.005 0.004 0.004 0.003 0.002 0.002 0.003 0.086 0.152 0.008 0.004 0.003 0.002 0.005 0.041 0.005 0.003 0.002 0.002 0.002 0.003 0.004 0.005 0.004 0.004 0.006 0.004 0.002 0.052 0.162 0.193 0.070 0.006 0.007 0.009 0.011 0.013 0.016 0.003 0.002 0.002 0.001 0.002 0.003 0.006 0.004 0.003 0.003 0.003 0.004 0.006 0.003 0.003 0.007 0.009 0.007 0.011 0.087 0.100 0.108 0.141 0.119 0.044 0.005 0.006 0.009 0.011 0.013 0.009 0.004 0.005 0.008 0.002 0.001 0.002 0.001
0.005 0.005 0.004 0.003 0.002 0.002 0.002 0.003 0.005 0.110 0.141 0.010 0.007 0.010 0.033 0.025 0.004 0.002 0.002 0.002 0.002 0.003 0.003 0.004 0.003 0.003 0.003 0.009 0.008 0.033 0.185 0.292 0.315 0.239 0.137 0.040 0.018 0.014 0.003 0.002 0.002 0.001 0.002 0.002 0.004 0.014 0.004 0.004 0.004 0.004 0.004 0.005 0.004 0.002 0.002 0.011 0.025 0.079 0.128 0.160 0.160 0.062 0.018 0.016 0.024 0.013 0.010 0.012 0.016 0.020 0.026 0.040 0.019 0.007 0.003 0.001 0.001
0.005 0.005 0.003 0.002 0.002 0.003 0.002 0.002 0.004 0.007 0.111 0.053 0.025 0.030 0.036 0.018 0.006 0.004 0.003 0.002 0.002 0.002 0.003 0.003 0.002 0.002 0.002 0.006 0.026 0.065 0.148 0.257 0.384 0.448 0.390 0.236 0.022 0.003 0.002 0.002 0.001 0.002 0.003 0.004 0.021 0.022 0.002 0.003 0.004 0.005 0.005 0.005 0.005 0.005 0.006 0.080 0.065 0.108 0.171 0.230 0.191 0.044 0.017 0.027 0.011 0.008 0.006 0.005 0.007 0.006 0.007 0.011 0.009 0.005 0.004 0.002 0.001
0.008 0.005 0.003 0.002 0.003 0.004 0.004 0.005 0.005 0.006 0.026 0.011 0.009 0.015 0.017 0.015 0.010 0.006 0.004 0.003 0.002 0.002 0.002 0.002 0.003 0.003 0.005 0.010 0.016 0.055 0.130 0.223 0.325 0.440 0.465 0.266 0.003 0.002 0.002 0.001 0.001 0.002 0.004 0.019 0.033 0.002 0.002 0.002 0.004 0.005 0.005 0.005 0.007 0.073 0.198 0.203 0.161 0.166 0.251 0.240 0.071 0.014 0.013 0.011 0.008 0.006 0.006 0.018 0.004 0.003 0.004 0.009 0.009 0.004 0.003 0.002 0.002
0.030 0.006 0.002 0.003 0.003 0.004 0.006 0.013 0.007 0.006 0.017 0.006 0.005 0.007 0.008 0.013 0.011 0.006 0.004 0.003 0.002 0.002 0.003 0.004 0.004 0.007 0.013 0.014 0.012 0.016 0.085 0.195 0.268 0.323 0.300 0.151 0.003 0.002 0.002 0.002 0.002 0.001 0.002 0.014 0.002 0.001 0.002 0.002 0.003 0.004 0.004 0.008 0.119 0.198 0.208 0.219 0.222 0.205 0.153 0.013 0.008 0.005 0.004 0.005 0.007 0.008 0.065 0.005 0.002 0.002 0.002 0.009 0.008 0.004 0.002 0.002 0.004
0.070 0.007 0.003 0.004 0.004 0.006 0.008 0.006 0.003 0.005 0.012 0.004 0.004 0.003 0.003 0.009 0.010 0.007 0.005 0.004 0.003 0.004 0.006 0.008 0.011 0.013 0.011 0.010 0.010 0.009 0.012 0.136 0.214 0.129 0.031 0.009 0.006 0.003 0.003 0.002 0.002 0.001 0.002 0.013 0.002 0.001 0.002 0.003 0.003 0.004 0.010 0.233 0.314 0.249 0.224 0.245 0.259 0.187 0.017 0.008 0.008 0.004 0.003 0.003 0.004 0.005 0.046 0.003 0.002 0.001 0.003 0.010 0.006 0.004 0.002 0.001 0.002
0.107 0.007 0.005 0.006 0.007 0.007 0.006 0.003 0.004 0.005 0.009 0.004 0.003 0.002 0.002 0.007 0.006 0.005 0.005 0.004 0.003 0.002 0.003 0.003 0.005 0.006 0.006 0.007 0.008 0.007 0.007 0.026 0.075 0.004 0.002 0.003 0.036 0.011 0.004 0.003 0.002 0.002 0.010 0.012 0.002 0.001 0.002 0.003 0.003 0.005 0.169 0.275 0.240 0.211 0.246 0.300 0.320 0.150 0.012 0.011 0.010 0.004 0.003 0.003 0.004 0.008 0.005 0.002 0.002 0.001 0.005 0.008 0.004 0.003 0.002 0.001 0.002
0.136 0.048 0.012 0.010 0.009 0.008 0.006 0.004 0.004 0.006 0.006 0.002 0.002 0.001 0.002 0.004 0.003 0.004 0.006 0.005 0.003 0.001 0.001 0.002 0.003 0.005 0.006 0.006 0.006 0.006 0.006 0.013 0.008 0.003 0.003 0.003 0.002 0.010 0.016 0.003 0.002 0.004 0.019 0.012 0.003 0.002 0.002 0.003 0.004 0.028 0.163 0.206 0.156 0.216 0.329 0.349 0.204 0.014 0.010 0.013 0.020 0.034 0.026 0.018 0.009 0.008 0.004 0.004 0.004 0.006 0.049 0.009 0.003 0.003 0.002 0.001 0.001
0.177 0.120 0.077 0.036 0.022 0.016 0.008 0.006 0.006 0.006 0.022 0.005 0.003 0.003 0.002 0.004 0.004 0.007 0.006 0.005 0.003 0.002 0.001 0.001 0.003 0.004 0.005 0.005 0.005 0.005 0.005 0.010 0.003 0.003 0.009 0.010 0.006 0.007 0.018 0.023 0.022 0.021 0.015 0.004 0.005 0.002 0.003 0.007 0.031 0.144 0.173 0.159 0.208 0.363 0.380 0.191 0.008 0.005 0.005 0.006 0.008 0.016 0.012 0.016 0.035 0.005 0.003 0.002 0.002 0.003 0.019 0.015 0.004 0.002 0.002 0.002 0.002
0.233 0.149 0.086 0.040 0.021 0.017 0.020 0.012 0.003 0.002 0.006 0.060 0.051 0.007 0.003 0.003 0.005 0.008 0.007 0.005 0.002 0.005 0.002 0.001 0.002 0.003 0.003 0.003 0.004 0.004 0.005 0.006 0.003 0.005 0.006 0.010 0.012 0.011 0.013 0.019 0.042 0.071 0.041 0.008 0.005 0.008 0.006 0.002 0.003 0.132 0.194 0.214 0.365 0.460 0.209 0.010 0.005 0.004 0.003 0.003 0.004 0.005 0.004 0.005 0.011 0.004 0.002 0.002 0.001 0.002 0.004 0.008 0.003 0.002 0.002 0.005 0.005
0.294 0.185 0.028 0.009 0.009 0.010 0.009 0.004 0.002 0.002 0.002 0.009 0.116 0.097 0.009 0.002 0.004 0.007 0.008 0.007 0.008 0.008 0.001 0.003 0.003 0.002 0.002 0.002 0.002 0.003 0.003 0.004 0.004 0.005 0.005 0.006 0.011 0.020 0.016 0.013 0.013 0.072 0.125 0.112 0.090 0.017 0.003 0.001 0.002 0.128 0.257 0.348 0.393 0.196 0.009 0.007 0.004 0.003 0.002 0.002 0.003 0.004 0.005 0.004 0.006 0.003 0.002 0.002 0.002 0.002 0.002 0.005 0.003 0.002 0.002 0.003 0.007
0.252 0.271 0.105 0.004 0.006 0.011 0.006 0.003 0.002 0.002 0.002 0.003 0.059 0.148 0.026 0.014 0.011 0.008 0.010 0.025 0.014 0.004 0.003 0.008 0.004 0.003 0.003 0.002 0.003 0.001 0.002 0.003 0.004 0.004 0.004 0.005 0.006 0.007 0.008 0.009 0.003 0.009 0.095 0.155 0.155 0.118 0.028 0.003 0.062 0.205 0.337 0.415 0.193 0.007 0.007 0.008 0.005 0.002 0.002 0.002 0.003 0.004 0.004 0.003 0.004 0.002 0.001 0.002 0.001 0.002 0.002 0.004 0.002 0.002 0.001 0.002 0.002
0.099 0.237 0.225 0.052 0.007 0.009 0.008 0.005 0.003 0.002 0.002 0.002 0.003 0.005 0.008 0.014 0.029 0.008 0.014 0.038 0.002 0.003 0.056 0.134 0.087 0.020 0.006 0.004 0.004 0.003 0.002 0.002 0.003 0.003 0.003 0.004 0.004 0.005 0.006 0.007 0.008 0.007 0.006 0.075 0.123 0.145 0.021 0.001 0.093 0.267 0.325 0.205 0.004 0.004 0.005 0.010 0.007 0.003 0.002 0.002 0.003 0.003 0.003 0.003 0.003 0.002 0.002 0.002 0.001 0.002 0.002 0.003 0.001 0.001 0.002 0.002 0.002
0.002 0.117 0.241 0.182 0.013 0.007 0.009 0.007 0.004 0.003 0.003 0.002 0.002 0.002 0.003 0.012 0.042 0.032 0.036 0.019 0.002 0.008 0.188 0.154 0.062 0.055 0.092 0.057 0.014 0.004 0.003 0.002 0.001 0.002 0.003 0.003 0.004 0.005 0.006 0.007 0.008 0.009 0.020 0.033 0.034 0.072 0.067 0.089 0.179 0.269 0.275 0.005 0.002 0.002 0.002 0.007 0.009 0.003 0.002 0.002 0.003 0.003 0.003 0.002 0.002 0.002 0.001 0.001 0.002 0.002 0.003 0.004 0.001 0.002 0.002 0.002 0.002
0.004 0.022 0.154 0.173 0.036 0.013 0.009 0.008 0.006 0.004 0.003 0.002 0.002 0.003 0.004 0.007 0.011 0.036 0.049 0.042 0.025 0.108 0.209 0.041 0.001 0.002 0.033 0.075 0.051 0.008 0.004 0.002 0.001 0.002 0.003 0.003 0.004 0.005 0.006 0.006 0.007 0.033 0.064 0.060 0.019 0.037 0.055 0.088 0.130 0.089 0.009 0.002 0.002 0.002 0.002 0.002 0.007 0.002 0.002 0.002 0.002 0.003 0.003 0.003 0.003 0.003 0.002 0.002 0.002 0.003 0.004 0.006 0.002 0.002 0.002 0.003 0.003
0.003 0.006 0.046 0.098 0.009 0.005 0.006 0.006 0.005 0.004 0.003 0.002 0.003 0.006 0.010 0.012 0.009 0.010 0.078 0.177 0.155 0.184 0.176 0.004 0.001 0.002 0.002 0.022 0.043 0.020 0.008 0.003 0.001 0.002 0.004 0.004 0.004 0.004 0.005 0.005 0.006 0.052 0.104 0.094 0.051 0.050 0.049 0.055 0.026 0.007 0.008 0.002 0.002 0.001 0.001 0.002 0.005 0.003 0.002 0.002 0.002 0.002 0.002 0.002 0.003 0.004 0.004 0.002 0.002 0.003 0.004 0.005 0.003 0.003 0.003 0.003 0.003
0.003 0.006 0.007 0.004 0.002 0.002 0.007 0.004 0.003 0.005 0.004 0.002 0.002 0.003 0.003 0.004 0.004 0.004 0.041 0.243 0.229 0.181 0.118 0.039 0.012 0.010 0.008 0.026 0.051 0.049 0.044 0.007 0.003 0.003 0.004 0.004 0.004 0.004 0.003 0.003 0.014 0.066 0.092 0.079 0.092 0.073 0.057 0.039 0.005 0.006 0.014 0.004 0.002 0.002 0.001 0.001 0.002 0.006 0.002 0.002 0.002 0.003 0.003 0.002 0.002 0.003 0.003 0.003 0.003 0.003 0.003 0.004 0.004 0.003 0.003 0.004 0.005
0.002 0.006 0.002 0.002 0.001 0.002 0.004 0.003 0.005 0.005 0.003 0.004 0.003 0.001 0.001 0.002 0.004 0.004 0.004 0.095 0.148 0.103 0.069 0.056 0.055 0.063 0.069 0.104 0.139 0.145 0.126 0.084 0.018 0.004 0.005 0.005 0.005 0.004 0.004 0.004 0.036 0.028 0.003 0.106 0.159 0.135 0.095 0.016 0.002 0.001 0.019 0.016 0.003 0.002 0.002 0.001 0.002 0.006 0.008 0.004 0.003 0.004 0.003 0.002 0.002 0.002 0.003 0.003 0.003 0.003 0.003 0.004 0.004 0.004 0.004 0.005 0.008
0.003 0.009 0.008 0.009 0.006 0.004 0.005 0.005 0.007 0.005 0.003 0.005 0.006 0.002 0.002 0.003 0.004 0.003 0.002 0.004 0.006 0.010 0.028 0.025 0.025 0.035 0.067 0.122 0.179 0.186 0.183 0.136 0.067 0.014 0.014 0.016 0.010 0.007 0.006 0.023 0.059 0.002 0.021 0.178 0.218 0.213 0.190 0.108 0.003 0.002 0.002 0.041 0.008 0.003 0.002 0.002 0.005 0.008 0.012 0.017 0.062 0.019 0.004 0.002 0.001 0.002 0.003 0.003 0.004 0.005 0.004 0.004 0.004 0.004 0.006 0.013 0.090
0.007 0.014 0.008 0.004 0.002 0.002 0.004 0.006 0.008 0.006 0.004 0.006 0.010 0.003 0.002 0.003 0.003 0.003 0.004 0.003 0.003 0.004 0.006 0.007 0.007 0.009 0.022 0.075 0.115 0.099 0.099 0.123 0.040 0.011 0.002 0.007 0.014 0.015 0.025 0.025 0.021 0.042 0.162 0.265 0.269 0.221 0.261 0.223 0.123 0.005 0.004 0.006 0.009 0.005 0.003 0.002 0.009 0.011 0.011 0.011 0.018 0.094 0.005 0.002 0.001 0.002 0.003 0.004 0.005 0.006 0.005 0.005 0.005 0.006 0.007 0.143 0.322
0.007 0.009 0.003 0.002 0.001 0.002 0.003 0.005 0.008 0.008 0.011 0.008 0.009 0.008 0.001 0.002 0.003 0.004 0.008 0.004 0.002 0.003 0.004 0.005 0.005 0.006 0.009 0.016 0.029 0.009 0.003 0.003 0.008 0.025 0.002 0.002 0.014 0.035 0.021 0.013 0.010 0.111 0.260 0.209 0.005 0.002 0.059 0.204 0.198 0.143 0.015 0.006 0.008 0.013 0.010 0.012 0.012 0.013 0.013 0.008 0.002 0.002 0.002 0.001 0.002 0.003 0.004 0.005 0.006 0.006 0.006 0.006 0.007 0.007 0.011 0.238 0.347
