Project1/res/jiangbei-0001.Vy
ncols         319
nrows         412
xllcorner     657492.000000
yllcorner     3548062.000000
cellsize      10.000000
NODATA_value  -9999.000000
[rows 231 to 263 of 412, columns 0 to 74 of 319]
0.000 0.000 0.000 0.000 0.000 0.000 0.000 0.000 0.000 0.000 0.000 0.000 0.000 0.000 0.000 0.000 0.000 0.000 0.000 0.000 0.000 0.000 0.000 0.000 0.000 0.000 0.000 0.000 0.010 0.121 0.044 0.041 0.044 0.001 -0.021 -0.041 -0.047 -0.042 -0.067 -0.040 -0.044 -0.065 -0.107 -0.062 -0.063 -0.044 0.003 0.016 0.018 0.020 0.027 0.031 0.028 0.022 0.018 0.005 0.001 0.008 -0.111 -0.184 -0.166 -0.127 -0.080 -0.086 -0.035 -0.033 -0.111 -0.108 -0.038 -0.035 0.000 -0.036 -0.016 0.009 0.004
0.000 0.000 0.000 0.000 0.000 0.000 0.000 0.000 0.000 0.000 0.000 0.000 0.000 0.000 0.000 0.000 0.000 0.000 0.000 0.000 0.000 0.000 0.000 0.000 0.000 0.000 0.000 0.000 0.011 0.040 0.010 0.012 -0.002 -0.000 0.021 0.020 0.000 -0.041 -0.077 -0.039 -0.038 -0.062 -0.090 -0.046 -0.046 -0.041 -0.024 0.024 0.033 0.033 0.034 0.040 0.042 0.037 0.031 0.022 -0.019 -0.025 -0.084 -0.132 -0.126 -0.091 -0.057 -0.062 -0.019 -0.020 -0.085 -0.071 -0.005 0.034 0.000 0.047 0.028 0.025 0.012
0.000 0.000 0.000 0.000 0.000 0.000 0.000 0.000 0.000 0.000 0.000 0.000 0.000 0.000 0.000 0.000 0.000 0.000 0.000 0.000 0.000 0.000 0.000 0.000 0.000 0.000 0.000 0.000 0.023 0.005 0.002 0.001 0.000 -0.000 -0.000 0.044 0.000 -0.035 -0.053 -0.042 -0.029 -0.039 -0.055 -0.021 -0.017 -0.012 0.002 -0.017 -0.012 0.021 0.025 0.044 0.044 0.035 0.016 -0.006 -0.019 -0.028 -0.066 -0.109 -0.110 -0.080 -0.047 -0.049 0.014 -0.001 -0.062 -0.054 0.030 0.042 0.044 0.040 0.040 0.063 0.022
0.000 0.000 0.000 0.000 0.000 0.000 0.000 0.000 0.000 0.000 0.000 0.000 0.000 0.000 0.000 0.000 0.000 0.000 0.000 0.000 0.000 0.000 0.000 0.000 0.000 0.000 0.000 0.000 0.010 0.006 0.003 0.001 0.000 -0.001 -0.001 0.044 0.045 0.021 -0.029 -0.042 -0.042 -0.017 -0.029 -0.009 0.007 0.015 0.022 -0.013 -0.020 -0.013 0.035 0.027 0.021 0.019 0.013 -0.016 -0.017 -0.025 -0.069 -0.094 -0.078 -0.051 -0.018 -0.010 -0.007 0.014 -0.010 -0.003 0.001 0.002 0.003 0.007 0.042 0.014 -0.027
0.000 0.000 0.000 0.000 0.000 0.000 0.000 0.000 0.000 0.000 0.000 0.000 0.000 0.000 0.000 0.000 0.000 0.000 0.000 0.000 0.000 0.000 0.000 0.000 0.000 0.000 0.000 0.000 -0.022 0.003 0.001 -0.000 -0.002 -0.035 -0.031 -0.025 0.044 0.040 -0.020 -0.036 -0.042 -0.032 -0.006 -0.004 -0.003 -0.002 0.016 0.011 0.011 0.023 0.033 0.007 0.006 0.012 0.012 -0.001 -0.011 -0.023 -0.085 -0.119 -0.090 -0.036 -0.010 -0.010 -0.013 0.013 -0.001 0.001 0.002 0.003 0.014 0.039 -0.018 -0.020 -0.059
0.000 0.000 0.000 0.000 0.000 0.000 0.000 0.000 0.000 0.000 0.000 0.000 0.000 0.000 0.000 0.000 0.000 0.000 0.000 0.000 0.000 0.000 0.000 0.000 0.000 0.000 0.000 0.000 -0.014 -0.001 -0.001 -0.001 -0.032 -0.025 -0.016 -0.025 0.025 0.025 0.019 0.000 -0.014 -0.015 -0.003 -0.003 -0.002 -0.002 0.001 -0.010 0.017 0.026 0.002 0.003 0.004 0.011 0.026 0.013 0.018 -0.028 -0.098 -0.144 -0.114 -0.036 -0.006 -0.012 -0.028 -0.023 0.002 0.004 0.007 -0.018 -0.026 -0.037 -0.036 -0.018 -0.030
0.000 0.000 0.000 0.000 0.000 0.000 0.000 0.000 0.000 0.000 0.000 0.000 0.000 0.000 0.000 0.000 0.000 0.000 0.000 0.000 0.000 0.000 0.000 0.000 0.000 0.000 0.000 0.000 -0.021 -0.041 -0.048 -0.033 -0.029 -0.005 0.016 0.018 0.055 0.050 0.053 0.000 0.042 0.029 -0.003 -0.002 -0.002 -0.002 -0.022 -0.016 0.014 -0.000 0.001 0.002 0.005 0.014 0.033 0.040 -0.015 -0.057 -0.064 -0.084 -0.065 -0.024 -0.004 -0.009 -0.036 -0.026 0.015 0.012 0.011 -0.032 0.000 -0.021 0.005 0.012 -0.016
0.000 0.000 0.000 0.000 0.000 0.000 0.000 0.000 0.000 0.000 0.000 0.000 0.000 0.000 0.000 0.000 0.000 0.000 0.000 0.000 0.000 0.000 0.000 0.000 0.000 0.000 0.000 0.000 -0.020 -0.018 -0.015 0.005 0.018 0.027 0.028 0.028 0.071 0.052 0.050 0.042 0.043 -0.004 -0.002 -0.002 -0.002 -0.002 -0.032 -0.015 0.019 -0.007 -0.001 0.003 0.006 0.018 0.031 0.028 -0.029 -0.021 -0.032 -0.051 -0.031 -0.038 -0.045 -0.014 -0.047 -0.019 -0.029 0.012 -0.010 0.018 0.000 0.023 0.018 0.011 -0.012
0.000 0.000 0.000 0.000 0.000 0.000 0.000 0.000 0.000 0.000 0.000 0.000 0.000 0.000 0.000 0.000 0.000 0.000 0.000 0.000 0.000 0.000 0.000 0.000 0.000 0.000 0.000 0.000 0.008 0.031 0.041 0.030 0.028 0.027 0.024 0.022 0.033 0.027 0.000 -0.001 -0.001 -0.002 -0.002 -0.002 -0.003 -0.013 -0.031 -0.023 -0.034 -0.039 -0.032 -0.024 0.003 0.019 0.036 0.039 -0.037 -0.025 -0.023 -0.044 -0.046 -0.046 -0.055 -0.057 -0.047 0.009 -0.012 0.009 0.012 0.033 0.030 0.019 0.003 -0.001 -0.006
0.000 0.000 0.000 0.000 0.000 0.000 0.000 0.000 0.000 0.000 0.000 0.000 0.000 0.000 0.000 0.000 0.000 0.000 0.000 0.000 0.000 0.000 0.000 0.000 0.000 0.000 0.000 0.000 0.012 0.031 0.021 0.032 0.026 0.018 0.011 0.012 0.028 0.026 -0.002 -0.001 -0.002 -0.002 -0.002 -0.002 -0.004 -0.034 -0.027 -0.024 -0.034 -0.040 -0.032 -0.027 -0.025 -0.015 0.026 -0.013 -0.023 -0.022 -0.018 -0.035 -0.022 -0.031 -0.043 -0.050 -0.050 0.016 0.013 0.002 0.003 0.017 -0.021 -0.024 -0.008 -0.005 -0.005
0.000 0.000 0.000 0.000 0.000 0.000 0.000 0.000 0.000 0.000 0.000 0.000 0.000 0.000 0.000 0.000 0.000 0.000 0.000 0.000 0.000 0.000 0.000 0.000 0.000 0.000 0.000 0.000 -0.012 0.002 0.012 0.019 0.031 0.019 0.012 -0.000 0.020 0.008 -0.002 -0.002 -0.002 -0.003 -0.003 -0.003 -0.006 -0.023 -0.017 -0.014 -0.018 -0.016 0.007 0.007 -0.007 0.016 0.023 -0.021 -0.013 -0.015 -0.015 -0.018 0.030 0.035 0.027 -0.028 -0.054 -0.049 -0.049 0.003 0.001 0.004 0.021 0.008 -0.020 -0.006 -0.007
0.000 0.000 0.000 0.000 0.000 0.000 0.000 0.000 0.000 0.000 0.000 0.000 0.000 0.000 0.000 0.000 0.000 0.000 0.000 0.000 0.000 0.000 0.000 0.000 0.000 0.000 0.000 0.000 -0.025 -0.034 0.009 0.019 0.024 0.024 0.015 -0.004 0.008 0.000 -0.003 -0.002 -0.003 -0.004 -0.004 -0.004 -0.008 -0.014 0.008 0.012 0.020 0.027 0.039 0.036 0.028 0.024 0.012 -0.033 -0.025 -0.026 -0.028 -0.032 0.031 0.041 0.031 -0.017 -0.032 -0.044 -0.048 -0.031 0.002 0.002 0.028 0.026 -0.014 -0.019 -0.022
0.000 0.000 0.000 0.000 0.000 0.000 0.000 0.000 0.000 0.000 0.000 0.000 0.000 0.000 0.000 0.000 0.000 0.000 0.000 0.000 0.000 0.000 0.000 0.000 0.000 0.000 0.000 0.000 -0.023 -0.038 0.007 0.013 0.020 0.024 0.016 0.006 -0.008 -0.005 -0.004 -0.003 -0.004 -0.006 -0.006 -0.005 -0.010 0.008 0.014 0.012 0.016 0.015 0.016 0.001 -0.005 -0.008 -0.017 -0.024 -0.035 -0.036 -0.031 -0.039 -0.014 -0.017 -0.017 -0.025 -0.027 -0.024 -0.022 -0.043 -0.024 0.001 0.000 -0.026 -0.037 0.000 -0.036
0.000 0.000 0.000 0.000 0.000 0.000 0.000 0.000 0.000 0.000 0.000 0.000 0.000 0.000 0.000 0.000 0.000 0.000 0.000 0.000 0.000 0.000 0.000 0.000 0.000 0.000 0.000 0.000 -0.012 -0.028 0.006 0.010 0.022 0.020 0.017 0.012 0.002 -0.013 -0.006 -0.004 -0.005 -0.009 -0.009 -0.009 -0.009 -0.014 0.005 -0.007 -0.019 -0.031 -0.031 -0.004 -0.005 -0.006 -0.014 -0.027 -0.048 -0.042 -0.033 -0.040 0.021 0.023 0.022 0.014 -0.026 -0.001 0.000 -0.035 -0.046 -0.001 -0.001 -0.035 -0.038 -0.034 -0.028
0.000 0.000 0.000 0.000 0.000 0.000 0.000 0.000 0.000 0.000 0.000 0.000 0.000 0.000 0.000 0.000 0.000 0.000 0.000 0.000 0.000 0.000 0.000 0.000 0.000 0.000 0.000 0.000 0.017 -0.032 0.004 0.011 0.021 0.036 0.017 0.016 0.018 -0.022 -0.013 -0.007 -0.007 -0.017 -0.011 -0.015 -0.027 -0.023 -0.014 -0.004 -0.001 -0.007 -0.011 -0.028 -0.030 -0.011 -0.011 -0.029 -0.057 -0.046 -0.035 -0.037 0.028 0.032 0.031 0.017 -0.038 0.001 0.000 -0.019 -0.045 -0.053 -0.089 -0.007 -0.016 -0.020 0.014
0.000 0.000 0.000 0.000 0.000 0.000 0.000 0.000 0.000 0.000 0.000 0.000 0.000 0.000 0.000 0.000 0.000 0.000 0.000 0.000 0.000 0.000 0.000 0.000 0.000 0.000 0.000 0.000 0.032 -0.023 -0.054 0.000 0.039 0.069 0.044 0.036 0.030 -0.039 -0.019 -0.010 -0.009 -0.021 -0.013 -0.017 -0.009 -0.006 0.012 0.018 0.022 0.025 0.023 -0.033 -0.048 -0.018 -0.014 -0.029 -0.056 -0.043 -0.034 -0.036 0.035 -0.015 -0.021 -0.025 -0.041 0.010 0.017 0.023 -0.025 -0.036 -0.050 -0.059 0.034 0.036 0.037
0.000 0.000 0.000 0.000 0.000 0.000 0.000 0.000 0.000 0.000 0.000 0.000 0.000 0.000 0.000 0.000 0.000 0.000 0.000 0.000 0.000 0.000 0.000 0.000 0.000 0.000 0.000 0.000 0.021 -0.033 -0.055 -0.056 -0.028 0.107 0.094 0.066 0.007 -0.035 -0.013 0.006 -0.016 -0.023 -0.013 -0.018 0.023 0.028 0.033 0.030 0.000 0.030 0.024 -0.035 -0.028 0.000 0.009 -0.030 -0.054 -0.037 -0.032 -0.035 0.035 0.031 0.024 -0.005 -0.030 -0.040 0.004 0.029 0.030 0.016 -0.022 -0.038 0.031 0.034 0.008
0.000 0.000 0.000 0.000 0.000 0.000 0.000 0.000 0.000 0.000 0.000 0.000 0.000 0.000 0.000 0.000 0.000 0.000 0.000 0.000 0.000 0.000 0.000 0.000 0.000 0.000 0.000 0.000 -0.017 -0.023 -0.048 -0.058 -0.053 -0.020 0.129 0.038 0.004 -0.013 -0.009 0.005 -0.018 -0.022 -0.013 -0.014 0.000 0.034 0.040 0.033 0.028 0.026 -0.008 -0.017 -0.017 0.009 0.006 -0.035 -0.049 -0.033 -0.027 -0.022 -0.027 0.050 0.045 0.027 -0.015 -0.040 0.005 0.003 0.036 0.040 0.024 -0.014 -0.030 -0.004 0.001
0.000 0.000 0.000 0.000 0.000 0.000 0.000 0.000 0.000 0.000 0.000 0.000 0.000 0.000 0.000 0.000 0.000 0.000 0.000 0.000 0.000 0.000 0.000 0.000 0.000 0.000 0.000 0.000 0.000 0.009 -0.037 -0.052 -0.052 -0.049 -0.050 -0.010 -0.006 -0.012 -0.010 -0.010 -0.020 -0.018 -0.011 -0.008 -0.007 -0.003 0.002 0.022 0.018 -0.003 -0.008 -0.013 -0.015 -0.006 -0.019 -0.038 -0.039 -0.028 -0.023 -0.019 -0.016 -0.020 0.054 0.044 0.015 -0.035 -0.051 0.003 0.004 0.032 0.032 0.025 0.005 -0.040 -0.043
0.000 0.000 0.000 0.000 0.000 0.000 0.000 0.000 0.000 0.000 0.000 0.000 0.000 0.000 0.000 0.000 0.000 0.000 0.000 0.000 0.000 0.000 0.000 0.000 0.000 0.000 0.000 0.000 0.000 -0.002 -0.048 -0.048 -0.044 -0.042 -0.045 -0.011 -0.011 -0.014 -0.012 -0.016 -0.019 -0.014 -0.010 -0.007 -0.005 -0.004 -0.002 0.001 0.012 -0.015 -0.017 -0.020 -0.018 -0.016 -0.026 -0.031 -0.027 -0.023 -0.019 -0.017 -0.014 -0.011 0.027 0.052 0.037 -0.012 -0.039 -0.047 0.006 0.007 0.031 0.026 0.021 -0.018 -0.015
0.000 0.000 0.000 0.000 0.000 0.000 0.000 0.000 0.000 0.000 0.000 0.000 0.000 0.000 0.000 0.000 0.000 0.000 0.000 0.000 0.000 0.000 0.000 0.000 0.000 0.000 0.000 0.000 0.000 -0.051 -0.037 -0.045 -0.046 -0.044 -0.039 -0.020 -0.017 -0.017 -0.016 -0.019 -0.014 -0.011 -0.008 -0.006 -0.005 -0.004 -0.003 -0.002 -0.010 -0.015 -0.021 -0.023 -0.022 -0.022 -0.025 -0.022 -0.020 -0.019 -0.017 -0.015 -0.013 -0.010 -0.007 0.029 0.031 0.022 -0.021 -0.064 -0.060 -0.028 0.095 0.035 0.034 0.031 0.029
0.000 0.000 0.000 0.000 0.000 0.000 0.000 0.000 0.000 0.000 0.000 0.000 0.000 0.000 0.000 0.000 0.000 0.000 0.000 0.000 0.000 0.000 0.000 0.000 0.000 0.000 0.000 0.000 0.000 -0.054 -0.034 -0.041 -0.045 -0.045 -0.042 -0.037 -0.020 -0.023 -0.022 -0.017 -0.013 -0.010 -0.008 -0.006 -0.005 -0.005 -0.004 -0.002 -0.004 -0.014 -0.021 -0.022 -0.023 -0.024 -0.020 -0.018 -0.017 -0.016 -0.015 -0.014 -0.014 -0.012 -0.009 -0.058 0.000 0.021 -0.030 -0.048 -0.050 -0.032 -0.018 0.107 0.041 0.028 0.005
0.000 0.000 0.000 0.000 0.000 0.000 0.000 0.000 0.000 0.000 0.000 0.000 0.000 0.000 0.000 0.000 0.000 0.000 0.000 0.000 0.000 0.000 0.000 0.000 0.000 0.000 0.000 0.000 0.000 -0.028 -0.012 -0.015 -0.021 -0.025 -0.026 -0.023 -0.025 -0.028 -0.021 -0.016 -0.013 -0.011 -0.008 -0.007 -0.005 -0.005 -0.004 -0.003 -0.001 -0.007 -0.012 -0.017 -0.021 -0.018 -0.017 -0.016 -0.015 -0.015 -0.015 -0.016 -0.017 -0.018 -0.034 -0.057 -0.056 -0.053 -0.050 -0.040 -0.029 -0.042 -0.053 -0.042 0.018 0.005 0.003
0.000 0.000 0.000 0.000 0.000 0.000 0.000 0.000 0.000 0.000 0.000 0.000 0.000 0.000 0.000 0.000 0.000 0.000 0.000 0.000 0.000 0.000 0.000 0.000 0.000 0.000 0.000 0.000 0.000 0.033 0.032 0.030 0.030 0.027 0.024 0.023 -0.029 -0.029 -0.021 -0.016 -0.013 -0.011 -0.009 -0.008 -0.006 -0.005 -0.004 -0.003 -0.002 -0.003 -0.007 -0.013 -0.014 -0.015 -0.015 -0.014 -0.015 -0.017 -0.019 -0.022 -0.023 -0.030 -0.047 -0.055 -0.059 -0.048 -0.049 -0.034 0.008 -0.012 -0.045 -0.055 0.014 0.004 0.003
0.000 0.000 0.000 0.000 0.000 0.000 0.000 0.000 0.000 0.000 0.000 0.000 0.000 0.000 0.000 0.000 0.000 0.000 0.000 0.000 0.000 0.000 0.000 0.000 0.000 0.000 0.000 0.000 0.000 0.045 0.036 0.040 0.043 0.041 0.039 0.033 -0.034 -0.023 -0.020 -0.017 -0.015 -0.013 -0.011 -0.009 -0.007 -0.005 -0.004 -0.003 -0.002 -0.001 -0.002 -0.007 -0.010 -0.013 -0.014 -0.015 -0.016 -0.018 -0.022 -0.026 -0.031 -0.048 -0.022 -0.031 -0.041 -0.039 -0.039 -0.018 0.026 0.027 -0.021 -0.053 0.084 0.004 0.002
0.000 0.000 0.000 0.000 0.000 0.000 0.000 0.000 0.000 0.000 0.000 0.000 0.000 0.000 0.000 0.000 0.000 0.000 0.000 0.000 0.000 0.000 0.000 0.000 0.000 0.000 0.000 0.000 0.000 -0.024 -0.018 0.020 0.032 0.031 0.017 -0.041 -0.022 -0.020 -0.020 -0.021 -0.019 -0.016 -0.014 -0.011 -0.009 -0.006 -0.004 -0.003 -0.001 0.001 0.003 -0.002 -0.008 -0.012 -0.016 -0.017 -0.018 -0.020 -0.024 -0.028 -0.034 -0.053 0.031 0.027 0.012 -0.019 -0.025 -0.020 -0.029 -0.028 0.031 -0.028 -0.071 -0.007 -0.002
0.000 0.000 0.000 0.000 0.000 0.000 0.000 0.000 0.000 0.000 0.000 0.000 0.000 0.000 0.000 0.000 0.000 0.000 0.000 0.000 0.000 0.000 0.000 0.000 0.000 0.000 0.000 0.000 0.000 -0.037 -0.035 -0.036 -0.035 -0.035 -0.038 -0.043 -0.018 -0.025 -0.027 -0.032 -0.029 -0.022 -0.018 -0.015 -0.012 -0.008 -0.006 -0.003 -0.000 0.003 0.011 0.003 -0.008 -0.018 -0.026 -0.024 -0.023 -0.022 -0.024 -0.029 -0.036 -0.048 0.042 0.051 0.045 0.024 -0.017 -0.041 -0.049 -0.044 -0.024 0.026 -0.057 -0.051 -0.008
0.000 0.000 0.000 0.000 0.000 0.000 0.000 0.000 0.000 0.000 0.000 0.000 0.000 0.000 0.000 0.000 0.000 0.000 0.000 0.000 0.000 0.000 0.000 0.000 0.000 0.000 0.000 0.000 0.000 -0.030 -0.032 -0.037 -0.037 -0.038 -0.040 -0.044 -0.037 -0.036 -0.033 -0.043 -0.043 -0.032 -0.024 -0.019 -0.016 -0.011 -0.009 -0.005 -0.000 0.012 0.106 -0.012 -0.029 -0.048 -0.046 -0.040 -0.039 -0.029 -0.026 -0.029 -0.037 -0.053 -0.022 0.062 0.070 0.046 0.013 -0.017 -0.021 -0.018 0.011 -0.009 -0.023 -0.028 -0.041
0.000 0.000 0.000 0.000 0.000 0.000 0.000 0.000 0.000 0.000 0.000 0.000 0.000 0.000 0.000 0.000 0.000 0.000 0.000 0.000 0.000 0.000 0.000 0.000 0.000 0.000 0.000 0.000 0.000 0.000 -0.041 -0.044 -0.040 -0.040 -0.041 -0.039 -0.036 -0.037 -0.039 -0.047 -0.046 -0.036 -0.031 -0.024 -0.023 -0.018 -0.030 -0.031 -0.026 -0.034 -0.048 -0.038 -0.050 -0.073 -0.068 -0.046 -0.033 -0.044 -0.030 -0.026 -0.029 -0.029 -0.016 -0.022 0.055 0.065 0.028 0.017 0.037 0.044 0.044 0.041 0.019 0.018 -0.014
0.000 0.000 0.000 0.000 0.000 0.000 0.000 0.000 0.000 0.000 0.000 0.000 0.000 0.000 0.000 0.000 0.000 0.000 0.000 0.000 0.000 0.000 0.000 0.000 0.000 0.000 0.000 0.000 0.000 0.000 -0.050 -0.048 -0.028 -0.041 -0.040 -0.032 -0.021 -0.040 -0.038 -0.031 -0.034 -0.039 -0.039 -0.033 -0.046 -0.026 -0.045 -0.052 -0.053 -0.044 -0.044 -0.035 -0.035 -0.067 -0.066 -0.037 -0.032 -0.031 -0.039 -0.025 -0.020 -0.017 -0.012 -0.008 -0.007 0.062 0.043 0.029 0.049 0.052 0.040 0.049 0.030 0.030 -0.038
0.000 0.000 0.000 0.000 0.000 0.000 0.000 0.000 0.000 0.000 0.000 0.000 0.000 0.000 0.000 0.000 0.000 0.000 0.000 0.000 0.000 0.000 0.000 0.000 0.000 0.000 0.000 0.000 0.000 0.000 -0.049 -0.046 -0.046 -0.041 -0.032 -0.017 0.017 -0.045 -0.042 -0.037 -0.045 -0.057 -0.048 -0.048 -0.055 -0.042 -0.048 -0.051 -0.049 -0.044 -0.039 -0.028 -0.037 -0.082 -0.054 -0.029 -0.037 -0.036 -0.036 -0.039 -0.026 -0.020 -0.020 -0.014 -0.008 -0.018 0.057 0.042 0.047 0.035 -0.002 -0.002 -0.029 -0.035 -0.013
0.000 0.000 0.000 0.000 0.000 0.000 0.000 0.000 0.000 0.000 0.000 0.000 0.000 0.000 0.000 0.000 0.000 0.000 0.000 0.000 0.000 0.000 0.000 0.000 0.000 0.000 0.000 0.000 0.000 0.000 -0.050 -0.046 -0.047 -0.043 -0.027 0.015 0.035 -0.057 -0.074 -0.048 -0.043 -0.067 -0.052 -0.050 -0.049 -0.024 -0.037 -0.048 -0.055 -0.050 -0.051 -0.052 -0.050 -0.106 -0.076 -0.035 -0.045 -0.054 -0.047 -0.038 -0.046 -0.030 -0.029 -0.035 -0.016 -0.009 0.057 0.049 0.052 0.019 -0.008 -0.007 -0.013 -0.020 0.015
0.000 0.000 0.000 0.000 0.000 0.000 0.000 0.000 0.000 0.000 0.000 0.000 0.000 0.000 0.000 0.000 0.000 0.000 0.000 0.000 0.000 0.000 0.000 0.000 0.000 0.000 0.000 0.000 0.000 0.000 -0.050 -0.046 -0.043 -0.033 0.012 0.038 -0.005 -0.054 -0.063 -0.042 -0.042 -0.066 -0.044 -0.046 -0.048 0.018 -0.026 -0.044 -0.054 -0.055 -0.046 -0.054 -0.059 -0.108 -0.092 -0.036 -0.048 -0.061 -0.064 -0.055 -0.040 -0.057 -0.045 -0.063 -0.030 -0.032 -0.055 0.035 0.027 0.018 -0.015 -0.008 0.016 0.025 0.034
