Project1/res/jiangbei-0002.Vx
ncols         320
nrows         411
xllcorner     657487.000000
yllcorner     3548067.000000
cellsize      10.000000
NODATA_value  -9999.000000
[rows 136 to 169 of 411, columns 150 to 224 of 320]
-0.013 -0.004 -0.009 -0.076 -0.052 -0.028 0.000 -0.022 0.007 0.000 0.026 0.016 0.014 0.032 0.004 -0.022 0.015 0.035 0.025 -0.018 -0.010 0.013 0.019 -0.020 -0.018 0.000 0.000 0.013 0.016 0.019 0.021 0.015 0.009 -0.016 -0.020 -0.011 0.016 0.020 0.019 0.018 0.060 0.025 0.000 0.000 0.000 0.023 0.010 -0.023 0.000 0.000 0.020 0.028 0.017 -0.043 -0.042 -0.037 -0.036 0.000 -0.012 0.002 -0.021 -0.030 -0.061 -0.067 -0.046 -0.019 -0.028 -0.026 0.012 0.018 0.023 0.027 0.032 0.036 0.044
0.026 0.013 -0.030 -0.065 -0.040 -0.028 0.000 -0.009 0.022 0.000 0.025 0.024 -0.013 0.019 -0.032 -0.012 0.020 0.024 0.017 0.045 0.088 0.070 0.027 -0.021 -0.018 -0.012 0.007 0.009 0.012 0.010 0.011 0.008 0.005 -0.012 -0.019 -0.020 0.011 0.000 0.000 0.054 0.045 0.007 0.019 0.027 0.027 0.037 -0.025 -0.024 0.000 0.000 0.020 0.026 0.028 0.024 -0.038 -0.116 -0.031 -0.024 0.000 -0.003 0.016 -0.045 -0.065 -0.063 -0.062 -0.028 -0.002 -0.035 -0.018 0.017 0.024 0.028 0.032 0.041 0.048
0.000 -0.023 -0.025 -0.031 -0.031 0.000 -0.022 0.017 0.000 0.014 0.008 0.022 0.036 0.005 -0.020 0.008 0.000 0.015 0.027 0.019 0.042 0.076 0.050 -0.004 -0.020 -0.015 -0.009 -0.007 -0.010 -0.016 -0.011 0.001 0.006 0.004 -0.016 -0.016 0.025 0.029 0.038 -0.012 0.000 0.000 0.025 0.100 0.069 -0.023 -0.021 0.000 0.000 0.013 0.017 0.020 0.023 0.025 -0.016 -0.062 -0.112 -0.022 -0.022 -0.006 -0.027 -0.054 -0.040 -0.024 -0.022 0.007 -0.001 -0.038 -0.011 0.026 0.030 0.030 0.028 0.038 0.048
0.027 -0.059 -0.027 -0.026 -0.027 -0.029 0.000 0.000 0.019 -0.023 -0.024 0.007 0.019 0.039 0.015 0.015 0.019 0.004 -0.017 0.000 0.000 0.019 0.040 0.042 -0.006 -0.017 -0.018 -0.018 -0.021 -0.021 -0.020 -0.010 -0.000 -0.005 -0.008 0.023 0.027 0.054 0.034 -0.008 0.011 0.023 0.020 0.023 -0.017 -0.014 -0.005 -0.008 0.006 0.011 0.014 0.015 0.018 -0.008 0.000 0.017 0.000 -0.048 -0.057 -0.051 -0.065 -0.051 -0.036 -0.026 -0.027 -0.025 -0.022 -0.026 0.024 0.000 0.042 0.051 0.044 0.045 0.052
0.038 0.022 -0.076 -0.042 -0.026 -0.029 -0.022 0.014 -0.009 -0.033 -0.023 0.000 0.000 0.015 0.004 0.005 0.006 0.005 -0.020 0.000 0.000 0.019 0.014 0.032 0.014 0.002 -0.005 -0.025 -0.032 -0.035 -0.025 -0.016 -0.008 0.006 0.000 0.027 0.061 -0.011 -0.005 0.013 0.021 0.025 0.047 0.000 -0.014 0.016 0.011 0.008 0.008 0.011 0.010 0.014 0.018 -0.008 -0.012 0.017 0.014 -0.014 -0.044 -0.048 -0.024 -0.035 -0.029 -0.027 -0.028 0.000 0.000 0.000 0.000 0.030 0.000 0.028 0.044 0.044 0.047
0.037 0.035 0.032 0.014 -0.032 -0.028 -0.023 -0.017 -0.042 -0.030 -0.023 -0.017 0.004 0.000 0.005 0.002 0.004 0.006 -0.020 -0.003 0.018 0.020 0.012 -0.015 -0.004 -0.004 -0.004 -0.006 -0.030 -0.031 -0.025 -0.017 0.000 0.000 0.028 0.052 -0.012 0.000 0.000 0.020 0.025 0.049 0.008 -0.022 -0.006 0.013 0.023 0.032 0.029 0.007 -0.011 0.007 0.019 0.017 0.008 0.010 0.028 -0.016 -0.027 -0.026 -0.060 -0.030 -0.025 -0.031 -0.032 -0.028 -0.030 0.000 -0.004 0.000 0.033 0.034 0.041 0.038 0.073
0.030 0.031 0.037 0.037 0.016 -0.021 0.020 0.003 -0.038 -0.029 -0.024 -0.020 0.000 0.000 0.013 0.002 0.003 -0.010 -0.016 0.014 0.020 0.016 -0.041 -0.015 -0.007 -0.005 -0.004 -0.004 -0.020 -0.025 -0.021 -0.015 0.016 0.028 0.025 0.010 0.000 0.000 0.021 0.024 0.054 0.030 -0.010 -0.011 0.002 0.008 0.011 0.016 0.027 -0.006 -0.014 0.005 0.018 0.015 0.006 0.007 0.008 -0.016 -0.023 -0.015 -0.024 -0.054 -0.062 -0.053 -0.030 -0.027 -0.026 -0.027 0.000 0.000 0.000 0.034 0.014 0.041 0.013
0.031 0.033 0.040 0.044 0.033 0.014 0.036 0.029 0.043 -0.026 -0.027 -0.025 -0.022 0.000 0.000 0.006 0.000 0.000 0.000 0.017 0.018 -0.035 -0.023 -0.023 -0.018 -0.012 -0.005 -0.003 -0.007 -0.025 0.000 0.006 0.000 0.018 0.018 -0.001 0.012 0.020 0.062 0.045 0.049 0.030 0.006 0.012 0.008 -0.005 0.008 0.018 0.022 -0.016 -0.014 0.001 0.016 0.014 0.004 0.003 0.000 -0.027 -0.015 -0.020 0.000 0.000 0.012 -0.025 -0.027 -0.025 -0.025 -0.025 0.000 0.021 0.000 0.068 0.021 -0.007 0.004
0.031 0.035 0.037 0.040 0.038 0.029 -0.011 0.014 0.021 0.052 -0.025 -0.028 -0.027 -0.021 -0.012 -0.006 0.004 -0.005 0.005 0.015 0.002 -0.026 -0.034 -0.026 -0.024 0.027 0.022 -0.003 -0.003 -0.018 -0.023 0.014 0.012 0.011 -0.007 0.010 0.017 0.043 -0.010 -0.014 0.022 0.000 0.015 0.019 0.013 -0.007 0.005 0.017 0.009 -0.004 -0.014 -0.005 0.012 0.011 0.001 0.000 -0.003 -0.037 -0.038 -0.018 0.000 -0.012 0.017 0.014 -0.034 -0.030 0.000 -0.022 0.000 0.000 0.025 0.063 0.032 0.025 -0.023
0.028 0.029 0.028 0.033 0.033 0.020 0.000 0.000 0.024 0.000 0.064 -0.024 -0.030 -0.024 -0.016 -0.015 -0.028 -0.056 -0.051 -0.025 -0.006 0.022 0.000 0.000 -0.031 0.021 0.000 0.026 -0.003 -0.007 -0.009 -0.029 -0.021 -0.010 0.007 0.000 0.033 -0.010 -0.020 0.014 0.000 0.000 0.021 0.015 0.007 0.013 0.020 0.029 0.037 0.106 -0.015 -0.011 0.008 0.006 -0.002 -0.006 -0.024 -0.034 -0.030 -0.031 -0.041 -0.037 -0.024 -0.010 -0.010 -0.015 -0.010 0.000 -0.021 -0.007 0.020 -0.007 -0.021 -0.013 0.000
0.022 0.019 0.019 0.027 0.033 0.028 -0.015 0.012 0.022 0.028 0.032 0.072 -0.027 -0.028 -0.021 -0.030 -0.047 -0.029 0.000 0.000 0.019 0.033 -0.018 -0.029 0.000 0.000 0.000 0.000 0.025 0.003 -0.020 -0.020 -0.013 0.006 0.015 0.013 -0.007 0.000 0.000 0.000 0.028 0.024 0.005 0.005 0.005 0.006 0.010 0.014 0.019 0.036 0.098 -0.034 -0.014 -0.007 -0.005 -0.011 -0.020 -0.026 -0.020 -0.014 -0.022 -0.026 -0.024 -0.022 0.012 0.016 0.012 0.012 -0.012 0.009 0.000 -0.008 -0.033 0.000 -0.017
0.021 0.000 -0.009 0.022 0.033 0.031 -0.006 -0.000 0.017 0.030 0.043 0.033 0.047 -0.017 -0.032 -0.045 -0.060 -0.032 0.000 0.000 0.000 0.059 0.045 -0.023 0.000 0.000 0.000 0.022 0.000 0.011 -0.018 -0.014 0.000 0.000 0.014 -0.010 -0.023 0.006 0.000 0.031 0.043 0.026 0.004 0.004 0.005 0.005 0.006 0.008 0.009 0.011 0.002 -0.031 -0.021 -0.014 -0.012 -0.029 -0.041 -0.034 -0.024 -0.019 -0.021 -0.023 -0.024 -0.020 0.016 0.020 0.015 0.000 -0.028 -0.039 0.006 -0.038 -0.037 -0.020 -0.004
0.024 0.006 -0.014 0.000 0.000 0.027 0.026 0.000 0.017 0.034 0.066 0.064 0.072 0.090 0.027 -0.045 -0.029 -0.031 0.000 0.000 0.027 0.047 -0.018 -0.012 -0.023 0.000 -0.012 0.016 0.013 -0.017 -0.017 0.000 0.000 0.019 -0.017 0.000 0.000 0.000 0.024 0.031 0.034 0.026 0.004 0.003 0.004 0.004 0.005 0.005 0.004 0.003 -0.003 -0.024 -0.020 -0.014 -0.014 -0.024 -0.039 -0.040 -0.026 -0.023 -0.023 0.000 -0.021 0.004 0.000 0.022 0.010 -0.008 -0.064 -0.057 -0.030 -0.048 -0.045 -0.017 -0.006
0.045 0.036 -0.017 -0.015 0.014 0.000 0.024 0.024 0.022 0.030 0.091 0.079 0.078 0.107 0.054 -0.031 -0.029 -0.022 -0.019 0.000 0.000 0.041 -0.037 -0.017 -0.016 -0.021 -0.017 0.000 -0.033 -0.017 0.000 0.000 0.021 0.025 -0.016 0.000 0.000 0.014 0.011 0.022 0.026 0.027 0.018 0.001 0.002 0.002 0.003 0.003 0.002 0.001 -0.002 -0.005 -0.005 -0.006 -0.022 -0.025 -0.022 -0.029 -0.021 -0.022 -0.021 -0.018 0.004 0.020 0.026 0.009 -0.001 -0.020 -0.019 0.010 -0.059 -0.071 -0.067 -0.048 0.000
0.026 0.025 0.031 0.000 0.000 0.021 0.023 0.024 0.021 0.023 0.085 0.049 0.054 0.045 0.061 0.016 -0.024 -0.017 -0.021 -0.021 0.015 0.029 -0.031 -0.026 -0.021 -0.024 -0.034 -0.027 -0.021 -0.007 0.006 0.016 0.027 0.025 0.001 0.001 -0.018 -0.029 -0.016 0.006 0.016 0.022 0.024 0.012 -0.000 -0.000 0.001 0.001 0.001 0.000 -0.001 -0.002 -0.002 -0.003 -0.026 0.000 0.000 0.005 -0.019 -0.021 0.000 0.000 0.017 0.022 0.017 -0.008 -0.003 -0.034 -0.029 -0.007 0.012 -0.049 -0.058 -0.050 -0.050
0.022 0.000 0.027 -0.011 -0.008 0.020 0.025 0.027 0.025 0.056 0.002 0.000 0.000 0.035 0.033 0.128 0.111 0.067 -0.037 -0.056 -0.048 -0.032 -0.033 -0.034 -0.034 -0.037 -0.023 -0.019 -0.007 0.009 0.017 0.029 0.028 0.001 0.000 0.001 0.003 -0.026 -0.017 -0.008 0.008 0.016 0.022 0.021 0.001 -0.003 -0.003 -0.001 -0.000 0.000 0.000 0.000 0.001 -0.021 -0.028 -0.016 0.015 0.001 -0.018 -0.021 0.013 0.015 0.019 0.021 -0.064 -0.025 -0.021 -0.033 -0.032 0.000 0.000 0.019 -0.023 0.000 0.000
0.000 0.029 0.028 0.064 -0.004 0.019 0.025 0.027 0.062 0.040 0.003 0.000 0.000 0.040 0.050 0.039 0.097 0.085 0.019 -0.082 -0.154 -0.160 -0.044 -0.045 -0.046 -0.024 -0.019 -0.009 0.003 -0.018 0.015 0.040 0.005 0.001 0.001 0.002 0.005 -0.020 -0.020 -0.011 -0.004 0.009 0.015 0.020 0.019 -0.001 -0.004 -0.004 -0.001 0.001 0.001 0.003 -0.003 -0.030 -0.029 -0.019 0.021 0.015 0.000 -0.018 0.000 0.019 0.021 -0.069 -0.034 -0.028 -0.019 -0.026 -0.028 -0.019 0.011 0.022 0.025 0.011 0.003
-0.015 0.000 0.027 0.019 0.050 0.050 0.041 0.061 0.021 -0.009 0.011 0.024 0.040 0.049 0.051 0.047 0.038 0.046 0.018 -0.046 -0.141 -0.168 -0.069 -0.050 -0.028 -0.020 -0.008 0.008 -0.037 0.000 0.000 0.030 0.005 0.001 0.003 0.007 0.012 0.015 -0.020 -0.012 -0.006 -0.004 0.006 0.014 0.020 0.015 -0.005 -0.005 -0.002 0.001 0.003 0.003 -0.028 -0.029 -0.028 0.000 0.015 0.000 -0.011 -0.012 0.018 0.020 -0.035 -0.033 -0.038 -0.032 -0.024 -0.023 -0.022 -0.014 0.013 0.021 0.026 0.029 0.009
-0.013 0.011 0.022 0.020 0.039 0.040 0.043 -0.010 -0.014 -0.000 0.017 0.025 0.030 0.031 0.032 0.035 0.039 0.032 0.133 -0.157 -0.125 -0.118 -0.038 -0.030 -0.019 -0.013 0.007 -0.037 0.000 -0.022 0.016 0.000 0.018 0.002 0.005 0.012 0.018 0.031 -0.010 -0.012 -0.003 -0.006 -0.003 0.007 0.014 0.018 0.011 -0.003 -0.001 0.002 0.007 -0.024 -0.029 -0.027 -0.025 0.000 0.000 0.028 0.023 0.018 0.019 -0.042 -0.065 -0.040 -0.037 -0.029 -0.023 -0.021 -0.018 -0.009 0.014 0.017 0.019 0.022 0.022
0.020 0.000 0.018 0.014 0.020 0.019 -0.018 -0.017 -0.006 0.013 0.020 0.025 0.028 0.027 0.028 0.032 0.041 0.037 -0.031 -0.035 -0.049 -0.059 -0.042 -0.038 -0.027 -0.021 -0.032 -0.023 -0.027 0.000 0.000 0.024 0.020 0.003 0.004 -0.011 0.007 0.015 0.075 0.041 0.019 0.000 0.000 -0.006 0.005 0.012 0.015 0.020 0.007 0.005 0.004 -0.029 -0.029 -0.024 -0.020 0.000 0.000 0.028 0.000 0.022 -0.036 -0.066 -0.034 -0.046 -0.029 0.000 -0.023 -0.021 0.000 -0.006 0.012 0.016 0.017 0.000 0.016
0.026 0.005 0.007 0.001 -0.002 -0.015 -0.028 0.000 0.000 0.022 0.020 0.023 0.024 0.025 0.026 0.024 0.035 0.036 -0.046 -0.024 -0.032 -0.036 -0.040 -0.038 -0.026 -0.013 -0.028 -0.026 0.000 0.000 0.019 0.026 0.032 -0.024 -0.022 -0.016 0.018 0.030 0.025 0.072 0.078 0.053 0.028 0.011 0.002 0.008 0.014 0.043 0.038 0.023 -0.010 -0.032 -0.027 0.000 -0.015 0.000 0.025 0.027 0.000 -0.069 -0.052 -0.031 -0.026 -0.053 -0.054 -0.048 -0.040 -0.024 -0.014 -0.006 0.011 0.017 0.021 0.023 0.012
0.007 0.009 0.012 0.016 0.010 -0.013 0.000 0.000 0.000 0.000 0.020 0.022 0.020 0.020 0.021 0.019 0.021 0.034 0.014 -0.011 -0.039 -0.023 0.000 -0.012 0.009 0.011 0.029 -0.021 -0.024 0.000 0.000 0.011 -0.027 -0.028 -0.024 0.007 0.029 0.034 0.033 0.027 0.037 -0.013 0.026 0.026 0.026 0.032 0.051 0.074 0.050 -0.017 -0.027 -0.025 -0.024 -0.020 -0.007 0.022 0.029 0.028 0.010 -0.073 -0.033 -0.038 -0.036 -0.033 -0.026 -0.022 -0.018 -0.007 0.012 0.012 0.007 0.014 0.021 0.026 0.021
-0.013 0.000 0.000 0.017 0.013 -0.012 -0.018 -0.018 -0.018 0.000 0.000 0.026 0.024 0.024 0.024 0.025 0.028 0.032 0.075 0.057 -0.058 -0.022 -0.020 -0.010 0.008 0.000 0.005 -0.001 -0.018 -0.031 -0.022 -0.025 0.000 -0.028 0.000 0.000 0.029 0.033 0.036 0.031 -0.010 0.023 0.026 0.017 0.014 0.017 0.034 -0.021 -0.024 -0.022 -0.017 -0.012 0.000 0.000 0.018 0.022 0.028 -0.013 -0.029 -0.038 -0.031 -0.022 -0.032 0.000 -0.021 -0.005 0.013 0.016 0.020 0.024 0.022 0.018 0.020 0.025 0.024
-0.016 0.000 0.000 0.020 0.000 0.041 0.022 -0.004 -0.022 -0.026 0.018 0.000 0.027 0.028 0.029 0.037 0.037 0.060 0.024 -0.040 -0.085 -0.078 -0.065 -0.070 -0.041 -0.025 -0.012 -0.005 -0.008 -0.029 -0.026 0.000 -0.026 -0.027 -0.032 0.000 0.000 0.034 0.000 0.035 0.027 -0.005 0.020 0.046 0.029 -0.021 -0.027 -0.022 -0.019 -0.019 -0.012 0.010 0.000 0.023 0.027 0.027 -0.019 -0.040 -0.040 -0.039 -0.024 -0.014 -0.027 -0.023 0.007 0.015 0.019 0.022 0.025 0.029 0.033 0.033 0.028 0.021 -0.002
-0.009 -0.001 0.014 0.014 0.015 0.050 0.029 0.011 -0.018 -0.018 0.002 0.020 0.027 0.032 0.041 0.039 0.026 0.013 0.063 -0.027 0.006 0.016 -0.045 -0.015 0.006 -0.008 -0.013 -0.014 -0.008 -0.022 -0.031 -0.033 -0.032 -0.031 0.000 -0.036 0.000 0.000 0.040 0.040 0.036 0.029 0.013 -0.020 -0.019 -0.025 -0.023 -0.016 0.001 0.005 0.015 0.023 0.027 0.028 0.027 -0.032 -0.039 -0.039 -0.041 -0.039 -0.026 -0.014 -0.011 0.009 0.014 0.019 0.024 0.027 0.031 0.034 0.037 0.040 0.023 -0.005 -0.003
0.027 0.023 0.021 0.018 0.017 0.039 0.029 0.003 -0.015 -0.016 -0.010 0.015 0.028 0.040 0.040 0.013 0.006 0.016 -0.019 0.000 0.000 -0.003 0.000 0.000 0.000 0.010 -0.022 -0.026 -0.023 -0.039 -0.026 -0.038 -0.036 -0.032 -0.035 0.000 0.000 0.000 0.000 0.040 0.035 0.034 0.026 -0.028 -0.031 -0.028 -0.022 -0.015 0.017 0.026 0.029 0.034 0.036 0.029 -0.024 -0.023 -0.038 -0.040 -0.040 0.000 -0.018 0.000 0.012 0.014 0.018 0.022 0.026 0.030 0.033 0.036 0.039 0.040 -0.002 -0.006 -0.003
0.052 0.040 0.032 0.027 0.024 0.035 0.021 -0.016 -0.018 -0.017 -0.011 0.012 0.032 0.042 0.007 0.001 -0.001 -0.100 -0.018 0.007 -0.009 -0.010 -0.016 -0.016 0.008 -0.043 -0.035 -0.022 -0.017 -0.017 -0.046 -0.036 -0.037 -0.033 -0.033 -0.035 0.000 0.000 0.006 0.000 0.000 0.028 0.022 -0.006 -0.011 -0.021 -0.020 -0.008 0.027 0.031 0.000 0.031 0.033 -0.045 -0.017 -0.039 -0.039 -0.038 -0.036 0.000 0.000 0.011 0.014 0.017 0.020 0.023 0.027 0.030 0.034 0.037 0.040 0.039 -0.042 -0.011 -0.005
0.050 0.045 0.039 0.034 0.027 -0.033 -0.054 -0.007 -0.007 -0.014 0.000 0.000 0.000 0.029 -0.000 -0.004 -0.091 -0.175 -0.112 -0.022 -0.013 -0.021 -0.088 -0.077 -0.080 -0.104 -0.022 -0.021 -0.015 0.015 0.011 -0.047 -0.035 -0.035 -0.035 -0.034 -0.033 -0.033 0.000 -0.021 0.008 0.000 0.018 0.000 0.021 0.016 0.000 0.023 0.000 0.035 0.033 0.032 0.073 -0.067 -0.039 -0.041 -0.039 -0.037 0.000 -0.009 0.010 0.013 0.017 0.019 0.021 0.023 0.027 0.030 0.034 0.037 0.040 0.041 -0.124 -0.019 -0.006
0.047 0.047 0.045 0.035 -0.040 -0.082 -0.012 0.007 0.029 0.034 0.042 0.030 0.035 0.016 -0.001 -0.037 -0.065 -0.025 -0.013 -0.010 -0.013 -0.027 -0.096 -0.076 -0.054 -0.018 -0.012 0.004 0.009 -0.018 -0.020 -0.054 -0.064 -0.035 -0.037 -0.035 -0.034 -0.033 -0.032 -0.029 -0.026 -0.022 -0.013 0.018 0.000 0.000 0.019 0.035 0.042 0.042 0.039 -0.020 0.038 -0.039 -0.038 -0.034 -0.035 -0.035 -0.020 0.010 0.012 0.015 0.018 0.022 0.023 0.023 0.025 0.029 0.033 0.036 0.040 0.029 -0.035 -0.012 -0.005
0.043 0.048 0.037 -0.051 -0.091 -0.021 -0.013 0.011 0.015 0.042 0.062 0.018 -0.003 -0.005 -0.017 -0.021 0.019 0.006 -0.003 -0.010 -0.016 -0.041 -0.082 -0.047 -0.041 -0.015 -0.010 0.006 -0.009 -0.015 -0.004 0.011 -0.051 -0.087 -0.032 -0.037 -0.037 -0.035 -0.034 -0.030 -0.028 -0.028 -0.027 -0.015 0.017 0.000 0.031 0.000 0.043 0.042 0.027 0.033 -0.040 -0.039 -0.032 -0.028 -0.027 0.000 0.000 0.010 0.014 0.017 0.019 0.022 0.026 0.026 0.023 0.026 0.030 0.034 0.037 0.022 -0.010 -0.006 -0.004
0.038 0.033 -0.065 -0.092 -0.024 -0.021 -0.014 0.011 0.000 0.039 0.037 -0.003 -0.004 -0.016 0.000 0.000 0.012 0.002 0.002 -0.020 -0.009 0.010 0.027 -0.039 -0.055 -0.028 -0.016 -0.020 -0.021 -0.024 0.007 0.019 0.015 -0.016 -0.060 -0.030 -0.037 -0.037 -0.035 -0.033 -0.032 -0.031 -0.030 0.000 0.012 0.027 0.000 0.045 0.043 0.033 0.038 -0.040 -0.041 -0.035 -0.029 0.000 -0.014 0.000 0.013 0.007 0.013 0.017 0.020 0.022 0.026 0.030 0.028 0.025 0.026 0.031 0.033 0.017 -0.004 -0.004 -0.004
0.021 -0.080 -0.092 -0.025 -0.022 -0.019 0.000 0.000 0.032 0.029 -0.006 -0.005 -0.014 0.000 0.000 0.017 0.004 0.007 -0.025 0.000 -0.001 0.017 0.052 0.027 -0.012 -0.039 -0.014 -0.030 -0.030 -0.027 0.000 0.000 0.024 0.029 0.020 -0.043 -0.030 -0.037 -0.038 -0.037 -0.039 -0.042 -0.035 0.000 0.000 0.036 0.000 0.044 0.033 0.047 -0.040 -0.039 -0.035 -0.029 -0.021 0.002 0.015 0.017 0.011 0.008 0.010 0.015 0.019 0.022 0.026 0.031 0.034 0.029 0.024 0.026 0.027 0.008 -0.002 -0.003 -0.004
-0.082 -0.086 -0.023 -0.021 -0.019 0.000 -0.008 0.033 0.027 -0.007 -0.007 -0.015 -0.026 0.020 0.011 0.005 0.005 -0.031 -0.025 -0.018 0.007 0.017 0.054 0.042 0.041 0.036 -0.006 -0.041 -0.038 -0.030 0.000 0.000 0.027 0.037 0.035 0.018 -0.036 -0.013 -0.037 -0.042 -0.050 -0.051 -0.032 0.000 0.000 0.041 0.043 0.033 0.042 -0.040 -0.039 -0.034 0.000 -0.017 0.007 0.021 0.028 0.020 0.008 0.010 0.010 0.011 0.016 0.021 0.025 0.029 0.034 0.036 0.031 0.013 0.001 0.000 -0.002 -0.002 -0.003
-0.090 -0.056 -0.016 0.000 -0.015 0.000 0.000 0.034 -0.025 -0.010 -0.017 0.000 0.000 0.014 0.007 0.009 -0.030 -0.027 -0.016 -0.018 0.004 0.031 0.044 -0.014 0.007 0.014 0.020 -0.036 -0.043 -0.033 -0.010 0.014 0.028 0.040 0.041 0.035 0.029 -0.006 -0.001 -0.030 -0.048 0.000 -0.024 0.026 0.038 0.039 0.034 0.021 -0.038 -0.041 0.000 -0.029 -0.019 0.009 0.018 0.000 0.037 0.039 0.024 0.014 0.012 0.012 0.012 0.017 0.022 0.028 0.033 0.032 -0.006 -0.010 -0.007 -0.004 -0.002 -0.001 -0.005
