Project1/res/jiangbei-0001.Qy
ncols         319
nrows         412
xllcorner     657492.000000
yllcorner     3548062.000000
cellsize      10.000000
NODATA_value  -9999.000000
[rows 132 to 164 of 412, columns 0 to 74 of 319]
0.000 0.000 0.000 0.000 0.000 0.000 0.000 0.000 0.000 0.000 0.000 -0.001 -0.001 -0.000 -0.001 -0.001 -0.001 -0.002 -0.002 -0.002 0.016 0.059 -0.041 -0.033 -0.231 -0.084 -0.001 -0.001 -0.001 -0.001 -0.002 -0.002 -0.002 -0.001 -0.001 -0.019 -0.014 -0.009 -0.006 -0.006 0.002 0.002 0.001 0.001 0.002 -0.024 -0.010 -0.007 -0.005 -0.029 -0.044 -0.053 -0.025 0.002 0.003 0.005 0.006 0.005 0.003 0.001 0.001 0.001 0.001 0.001 0.002 0.006 0.001 0.000 0.000 -0.000 -0.000 -0.005 -0.012 -0.005 -0.008
0.000 0.000 0.000 0.000 0.000 0.000 0.000 0.000 0.000 0.000 0.000 0.000 0.000 0.000 -0.001 -0.000 -0.001 -0.001 -0.002 -0.001 -0.002 0.024 -0.015 -0.047 -0.192 -0.066 -0.000 -0.000 -0.000 -0.000 -0.001 -0.001 -0.001 -0.001 0.000 -0.020 -0.014 -0.009 -0.006 -0.005 -0.008 0.001 -0.024 -0.006 -0.002 -0.001 -0.001 -0.001 -0.002 -0.021 -0.037 -0.041 -0.025 -0.000 0.007 0.008 0.008 0.006 0.003 0.001 0.001 0.000 0.001 0.002 0.003 0.010 0.002 0.001 0.001 0.000 0.000 -0.007 -0.005 -0.004 -0.006
0.000 0.000 0.000 0.000 0.000 0.000 0.000 0.000 0.000 0.000 0.000 0.000 0.000 0.000 0.000 0.000 -0.000 -0.001 -0.001 -0.001 -0.002 -0.003 -0.003 -0.036 -0.161 -0.077 0.000 0.000 0.000 0.000 -0.000 -0.000 -0.000 0.000 0.001 -0.028 -0.013 -0.007 -0.002 -0.001 -0.001 -0.038 -0.004 -0.002 -0.001 -0.001 -0.000 -0.001 -0.001 -0.002 -0.043 -0.043 -0.029 -0.012 0.002 0.016 0.027 0.019 0.003 0.001 0.001 0.001 0.001 0.002 0.003 0.015 0.003 0.002 0.002 0.002 0.002 -0.004 -0.005 -0.004 -0.006
0.000 0.000 0.000 0.000 0.000 0.000 0.000 0.000 0.000 0.000 0.000 0.000 0.000 0.000 0.000 0.000 0.000 0.000 -0.000 -0.001 -0.002 -0.002 -0.003 -0.041 -0.104 -0.070 -0.045 0.001 0.001 0.001 0.000 0.000 0.000 0.001 0.001 -0.049 -0.002 -0.002 -0.001 -0.001 -0.002 -0.033 -0.004 -0.001 0.000 0.000 0.000 -0.000 -0.001 -0.001 -0.032 -0.058 -0.037 -0.019 -0.003 0.016 0.035 0.065 0.003 0.001 0.001 0.001 0.002 0.002 0.004 0.057 -0.003 -0.002 -0.003 -0.003 -0.001 -0.004 -0.004 -0.004 -0.007
0.000 0.000 0.000 0.000 0.000 0.000 0.000 0.000 0.000 0.000 0.000 0.000 0.000 0.000 0.000 0.000 0.000 0.000 0.000 -0.000 -0.001 -0.001 -0.002 -0.004 -0.085 -0.080 -0.033 -0.041 0.002 -0.000 0.000 0.001 0.001 0.001 -0.040 -0.004 -0.002 -0.001 -0.001 -0.001 -0.002 -0.024 -0.006 -0.002 0.000 0.001 0.001 -0.000 -0.000 -0.001 -0.048 -0.068 -0.043 -0.023 -0.011 0.014 0.032 0.108 0.036 0.002 0.001 0.002 0.002 0.004 0.076 -0.001 -0.005 -0.002 -0.002 -0.003 -0.003 -0.003 -0.004 -0.004 -0.007
0.000 0.000 0.000 0.000 0.000 0.000 0.000 0.000 0.000 0.000 0.000 0.000 0.000 0.000 0.000 0.000 0.000 0.000 0.000 0.000 -0.000 -0.001 -0.002 -0.002 -0.017 -0.116 -0.022 -0.064 -0.006 0.000 0.000 0.001 -0.013 -0.012 -0.007 -0.004 -0.001 -0.001 -0.001 -0.001 -0.002 -0.012 -0.008 -0.003 0.000 0.004 0.001 0.000 0.000 -0.000 -0.089 -0.070 -0.026 -0.011 -0.008 -0.010 -0.026 -0.007 -0.003 -0.002 0.122 0.074 0.003 -0.288 -0.018 -0.020 -0.010 -0.001 -0.001 -0.002 -0.002 -0.002 -0.003 -0.003 -0.006
0.000 0.000 0.000 0.000 0.000 0.000 0.000 0.000 0.000 0.000 0.000 0.000 0.000 0.000 0.000 0.000 0.000 0.000 0.000 0.000 0.000 -0.001 -0.001 -0.002 -0.003 -0.108 -0.018 -0.057 -0.026 0.001 0.000 -0.022 -0.001 -0.001 -0.001 -0.003 -0.000 -0.000 -0.000 -0.001 -0.001 -0.001 -0.001 -0.002 -0.004 0.003 0.002 0.000 0.001 0.000 -0.158 -0.024 -0.008 -0.005 -0.006 -0.010 -0.026 -0.002 -0.001 -0.003 -0.003 -0.005 -0.028 -0.021 -0.010 -0.019 -0.029 -0.000 0.001 -0.001 -0.001 -0.001 -0.002 -0.001 -0.005
0.000 0.000 0.000 0.000 0.000 0.000 0.000 0.000 0.000 0.000 0.000 0.000 0.000 0.000 0.000 0.000 0.000 0.000 0.000 0.000 0.000 -0.000 -0.001 -0.002 -0.003 -0.003 -0.003 -0.068 -0.058 -0.015 -0.028 -0.036 -0.000 -0.000 -0.001 -0.001 0.000 0.000 0.000 -0.000 -0.001 -0.001 -0.001 -0.001 -0.003 -0.001 0.014 0.000 -0.023 -0.153 -0.002 -0.002 -0.003 -0.004 -0.005 -0.010 -0.020 -0.002 -0.001 -0.002 -0.003 -0.006 -0.030 -0.003 -0.002 -0.001 -0.002 -0.052 0.001 -0.000 -0.001 -0.001 -0.001 -0.001 -0.004
0.000 0.000 0.000 0.000 0.000 0.000 0.000 0.000 0.000 0.000 0.000 0.000 0.000 0.000 0.000 0.000 0.000 0.000 0.000 0.000 0.000 0.000 -0.001 -0.001 -0.002 -0.002 -0.003 -0.014 -0.050 -0.022 -0.031 -0.075 0.000 0.000 -0.000 -0.001 -0.001 0.005 0.003 0.000 0.000 -0.000 -0.000 -0.000 -0.003 -0.021 -0.031 -0.074 -0.020 -0.002 -0.001 -0.002 -0.004 -0.004 -0.004 -0.009 -0.014 -0.002 -0.001 -0.002 -0.002 -0.008 -0.032 -0.003 -0.002 -0.001 -0.003 -0.017 -0.018 -0.006 -0.001 -0.001 -0.001 -0.000 -0.001
0.000 0.000 0.000 0.000 0.000 0.000 0.000 0.000 0.000 0.000 0.000 0.000 0.000 0.000 0.000 0.000 0.000 0.000 0.000 0.000 0.000 0.000 -0.001 -0.001 -0.002 -0.002 -0.003 -0.003 -0.028 -0.016 -0.010 -0.119 0.000 0.000 0.000 -0.001 -0.001 -0.001 0.020 -0.003 0.000 0.000 0.000 0.000 -0.004 -0.031 -0.040 -0.062 -0.001 -0.001 -0.000 -0.003 -0.004 -0.003 -0.004 -0.006 -0.009 -0.002 -0.001 -0.002 -0.003 -0.012 -0.023 -0.002 -0.001 -0.001 -0.004 -0.008 -0.015 -0.009 -0.002 -0.001 -0.001 -0.000 0.000
0.000 0.000 0.000 0.000 0.000 0.000 0.000 0.000 0.000 0.000 0.000 0.000 0.000 0.000 0.000 0.000 0.000 0.000 0.000 0.000 0.000 0.000 0.000 -0.000 -0.001 -0.002 -0.002 -0.003 -0.004 -0.023 -0.010 -0.007 -0.063 -0.050 0.000 -0.000 -0.001 -0.001 -0.007 -0.009 -0.000 0.001 -0.002 -0.002 -0.001 -0.028 -0.037 -0.053 0.000 0.000 -0.000 -0.004 -0.004 -0.001 -0.003 -0.004 -0.006 -0.002 -0.002 -0.002 -0.003 -0.016 -0.012 -0.002 -0.001 -0.000 -0.005 -0.007 -0.009 -0.007 -0.002 -0.001 -0.001 -0.000 -0.000
0.000 0.000 0.000 0.000 0.000 0.000 0.000 0.000 0.000 0.000 0.000 0.000 0.000 0.000 0.000 0.000 0.000 0.000 0.000 0.000 0.000 0.000 0.000 0.000 -0.001 -0.001 -0.002 -0.002 -0.003 -0.004 -0.019 -0.006 -0.020 -0.053 -0.035 -0.000 -0.000 -0.001 -0.001 -0.011 0.000 -0.001 -0.003 -0.003 -0.003 -0.010 -0.028 -0.029 -0.028 0.001 0.000 -0.004 -0.001 -0.001 -0.002 -0.003 -0.002 -0.002 -0.002 -0.002 -0.004 -0.019 -0.001 -0.001 -0.000 0.000 -0.008 -0.006 -0.006 -0.001 -0.001 -0.000 -0.000 0.000 0.001
0.000 0.000 0.000 0.000 0.000 0.000 0.000 0.000 0.000 0.000 0.000 0.000 0.000 0.000 0.000 0.000 0.000 0.000 0.000 0.000 0.000 0.000 0.000 0.000 -0.000 -0.001 -0.001 -0.002 -0.003 -0.003 -0.003 -0.004 -0.008 -0.033 -0.073 0.000 0.000 -0.000 -0.001 -0.002 -0.005 -0.001 -0.005 -0.003 -0.003 -0.007 -0.009 -0.007 -0.012 -0.019 -0.009 -0.013 -0.001 -0.001 -0.002 -0.002 -0.001 -0.002 -0.002 -0.002 -0.003 -0.013 -0.000 -0.000 0.000 0.001 -0.013 -0.001 -0.001 -0.000 -0.000 0.000 0.001 0.001 0.001
0.000 0.000 0.000 0.000 0.000 0.000 0.000 0.000 0.000 0.000 0.000 0.000 0.000 0.000 0.000 0.000 0.000 0.000 0.000 0.000 0.000 0.000 0.000 0.000 0.000 -0.000 -0.000 -0.002 -0.002 -0.002 -0.002 -0.002 -0.002 -0.021 -0.079 0.001 0.001 0.000 -0.000 -0.001 -0.002 -0.002 -0.006 -0.002 -0.003 -0.006 -0.005 -0.003 -0.003 -0.008 -0.009 -0.029 -0.001 -0.001 -0.001 -0.001 -0.001 -0.001 -0.002 -0.002 -0.002 -0.002 -0.005 -0.000 -0.000 -0.003 -0.004 0.000 -0.000 0.000 0.000 0.001 0.001 0.002 0.001
0.000 0.000 0.000 0.000 0.000 0.000 0.000 0.000 0.000 0.000 0.000 0.000 0.000 0.000 0.000 0.000 0.000 0.000 0.000 0.000 0.000 0.000 0.000 0.000 0.000 0.000 0.000 -0.002 -0.001 -0.001 -0.001 -0.001 -0.001 -0.019 -0.052 -0.017 0.001 0.001 0.000 -0.000 -0.001 -0.001 -0.003 -0.003 -0.003 -0.004 -0.003 -0.002 -0.002 -0.004 -0.007 -0.030 -0.000 -0.000 -0.000 -0.001 -0.000 -0.001 -0.001 -0.001 -0.001 -0.001 -0.001 0.000 0.000 -0.002 -0.001 0.000 0.001 0.001 0.001 0.001 0.002 0.005 0.000
0.000 0.000 0.000 0.000 0.000 0.000 0.000 0.000 0.000 0.000 0.000 0.000 0.000 0.000 0.000 0.000 0.000 0.000 0.000 0.000 0.000 0.000 0.000 0.000 0.000 0.000 -0.001 -0.000 0.001 0.000 0.000 -0.000 -0.001 -0.013 -0.027 -0.009 -0.002 -0.020 0.001 0.000 -0.000 -0.001 -0.002 -0.002 -0.002 -0.003 -0.001 -0.001 -0.001 -0.004 -0.008 -0.022 -0.000 0.000 0.000 0.000 0.000 -0.000 -0.000 -0.000 -0.000 0.000 -0.001 0.002 0.000 -0.002 -0.000 0.001 0.002 0.001 0.002 0.002 0.003 0.008 0.000
0.000 0.000 0.000 0.000 0.000 0.000 0.000 0.000 0.000 0.000 0.000 0.000 0.000 0.000 0.000 0.000 0.000 0.000 0.000 0.000 0.000 0.000 0.000 0.000 0.000 0.000 -0.001 0.000 0.001 0.001 0.001 0.001 -0.000 -0.002 -0.023 -0.015 -0.003 -0.000 -0.011 0.001 0.000 -0.000 -0.002 -0.001 -0.001 -0.002 0.000 0.000 -0.000 -0.008 -0.008 -0.012 0.001 0.001 0.001 0.001 0.001 0.000 0.000 0.001 0.001 0.001 0.000 -0.001 -0.000 -0.000 0.003 -0.007 -0.001 -0.000 0.013 0.010 0.007 0.012 0.001
0.000 0.000 0.000 0.000 0.000 0.000 0.000 0.000 0.000 0.000 0.000 0.000 0.000 0.000 0.000 0.000 0.000 0.000 0.000 0.000 0.000 0.000 0.000 0.000 0.000 0.000 -0.001 -0.001 0.002 0.002 0.003 0.003 0.001 -0.001 -0.001 -0.028 -0.004 0.000 -0.003 -0.003 0.001 -0.000 -0.001 -0.001 -0.001 -0.001 -0.002 -0.007 -0.004 -0.002 -0.002 0.000 0.002 0.001 0.001 0.001 0.004 0.001 0.001 0.001 0.001 0.002 0.002 0.001 0.001 0.001 -0.000 -0.000 -0.000 0.000 0.007 0.039 0.025 -0.004 -0.005
0.000 0.000 0.000 0.000 0.000 0.000 0.000 0.000 0.000 0.000 0.000 0.000 0.000 0.000 0.000 0.000 0.000 0.000 0.000 0.000 0.000 0.000 0.000 0.000 0.000 0.000 -0.000 -0.000 0.000 0.003 0.004 0.001 0.000 -0.000 -0.001 -0.001 -0.024 0.001 -0.001 -0.002 0.001 0.000 -0.000 -0.000 -0.001 -0.001 -0.002 -0.006 -0.001 -0.001 -0.001 -0.000 0.009 0.002 0.001 -0.016 0.001 0.017 0.005 0.001 0.001 0.002 0.003 0.003 0.003 0.002 0.000 0.000 0.001 0.001 0.004 0.080 -0.003 -0.001 -0.001
0.000 0.000 0.000 0.000 0.000 0.000 0.000 0.000 0.000 0.000 0.000 0.000 0.000 0.000 0.000 0.000 0.000 0.000 0.000 0.000 0.000 0.000 0.000 0.000 0.000 0.000 0.000 0.000 0.001 0.002 0.001 -0.001 -0.001 -0.000 -0.000 -0.001 -0.002 -0.013 -0.000 -0.000 -0.000 0.001 0.001 0.000 -0.000 -0.001 -0.002 -0.003 -0.001 -0.001 -0.000 0.001 -0.001 -0.001 -0.011 -0.020 -0.001 -0.000 -0.001 -0.001 0.001 0.023 0.021 0.015 0.010 0.009 0.001 0.001 0.001 -0.160 -0.002 -0.003 -0.003 -0.001 -0.001
0.000 0.000 0.000 0.000 0.000 0.000 0.000 0.000 0.000 0.000 0.000 0.000 0.000 0.000 0.000 0.000 0.000 0.000 0.000 0.000 0.000 0.000 0.000 0.000 0.000 0.000 0.000 0.000 0.001 0.003 -0.000 -0.003 -0.000 0.000 0.000 -0.001 -0.001 -0.009 0.000 0.000 0.000 0.000 0.001 0.001 0.000 -0.000 -0.001 -0.001 -0.001 -0.000 0.000 -0.001 -0.008 -0.012 -0.001 -0.001 -0.001 -0.002 -0.001 -0.001 -0.001 -0.001 -0.001 -0.002 0.023 0.002 -0.018 -0.064 -0.003 -0.002 -0.001 -0.001 -0.001 -0.004 -0.001
0.000 0.000 0.000 0.000 0.000 0.000 0.000 0.000 0.000 0.000 0.000 0.000 0.000 0.000 0.000 0.000 0.000 0.000 0.000 0.000 0.000 0.000 0.000 0.000 0.000 0.000 0.000 0.000 0.001 0.001 -0.002 -0.008 0.001 0.001 0.001 -0.001 -0.001 -0.002 -0.002 0.001 0.000 0.001 0.005 0.001 0.001 0.000 -0.000 -0.000 -0.000 0.000 0.001 -0.003 -0.010 -0.001 -0.001 -0.000 -0.000 -0.000 -0.000 -0.000 -0.001 -0.001 -0.001 -0.001 -0.009 -0.008 -0.030 -0.002 -0.003 -0.002 -0.000 -0.000 -0.000 -0.001 -0.001
0.000 0.000 0.000 0.000 0.000 0.000 0.000 0.000 0.000 0.000 0.000 0.000 0.000 0.000 0.000 0.000 0.000 0.000 0.000 0.000 0.000 0.000 0.000 0.000 0.000 0.000 0.000 0.001 0.001 0.001 0.001 -0.003 -0.003 -0.003 -0.002 -0.001 -0.001 -0.001 -0.002 0.005 0.001 0.002 0.008 0.002 0.002 0.001 0.000 0.000 0.000 0.001 -0.000 -0.001 -0.004 -0.001 -0.000 0.001 0.001 0.001 0.000 0.000 -0.000 -0.000 0.000 0.000 -0.015 -0.023 -0.002 -0.002 -0.002 -0.002 0.000 0.000 0.000 0.001 0.001
0.000 0.000 0.000 0.000 0.000 0.000 0.000 0.000 0.000 0.000 0.000 0.000 0.000 0.000 0.000 0.000 0.000 0.000 0.000 0.000 0.000 0.000 0.000 0.000 0.000 0.000 0.000 0.000 0.002 0.003 -0.003 -0.003 -0.003 -0.003 -0.003 -0.001 -0.001 -0.001 -0.002 -0.003 0.006 0.012 0.004 0.002 0.004 0.006 0.001 0.001 0.001 0.002 0.001 -0.000 -0.001 -0.000 -0.000 0.001 0.003 0.001 0.001 0.001 0.000 -0.000 -0.001 -0.010 -0.015 -0.004 -0.002 -0.001 -0.001 -0.001 -0.001 0.000 0.001 0.004 0.001
0.000 0.000 0.000 0.000 0.000 0.000 0.000 0.000 0.000 0.000 0.000 0.000 0.000 0.000 0.000 0.000 0.000 0.000 0.000 0.000 0.000 0.000 0.000 0.000 0.000 0.000 0.000 0.000 0.001 0.003 -0.002 -0.002 -0.002 -0.002 -0.002 -0.001 -0.001 -0.001 -0.002 -0.002 0.005 0.010 0.008 0.003 -0.012 -0.027 -0.019 0.000 -0.002 0.011 -0.000 -0.000 0.000 0.000 0.000 0.001 0.007 0.002 0.001 0.001 0.001 0.000 -0.000 -0.010 -0.010 -0.003 -0.001 -0.000 -0.000 -0.000 -0.000 -0.000 -0.001 -0.001 0.001
0.000 0.000 0.000 0.000 0.000 0.000 0.000 0.000 0.000 0.000 0.000 0.000 0.000 0.000 0.000 0.000 0.000 0.000 0.000 0.000 0.000 0.000 0.000 0.000 0.000 0.000 0.000 0.000 0.000 -0.000 -0.002 -0.002 -0.001 -0.001 -0.002 -0.001 -0.001 -0.001 -0.002 -0.002 -0.002 -0.002 -0.002 -0.001 -0.002 -0.005 -0.002 -0.001 -0.001 0.015 0.001 0.000 -0.000 0.002 0.001 0.001 -0.001 -0.002 0.002 0.001 0.001 0.001 0.000 -0.012 -0.003 -0.002 -0.001 0.000 0.001 0.000 0.000 0.000 -0.000 -0.001 -0.001
0.000 0.000 0.000 0.000 0.000 0.000 0.000 0.000 0.000 0.000 0.000 0.000 0.000 0.000 0.000 0.000 0.000 0.000 0.000 0.000 0.000 0.000 0.000 0.000 0.000 0.000 0.000 0.000 -0.000 -0.002 -0.003 -0.002 -0.001 -0.001 -0.001 -0.001 -0.001 -0.001 -0.001 -0.001 -0.001 -0.001 -0.002 -0.001 -0.001 -0.001 -0.001 -0.001 0.000 0.018 0.001 0.000 0.000 0.002 0.002 -0.008 -0.007 -0.006 -0.005 0.002 0.001 0.000 -0.003 -0.003 -0.002 -0.001 -0.000 -0.000 0.002 0.001 0.001 0.001 0.001 0.000 -0.001
0.000 0.000 0.000 0.000 0.000 0.000 0.000 0.000 0.000 0.000 0.000 0.000 0.000 0.000 0.000 0.000 0.000 0.000 0.000 0.000 0.000 0.000 0.000 0.000 0.000 0.000 0.000 0.000 -0.002 -0.001 -0.001 -0.002 -0.001 -0.000 -0.000 0.000 0.000 0.000 0.000 0.000 -0.000 -0.000 -0.001 0.000 0.001 0.000 -0.001 -0.000 -0.001 0.008 0.019 0.001 0.001 0.002 -0.013 -0.011 -0.012 -0.012 -0.004 -0.002 -0.001 -0.001 -0.007 -0.002 -0.001 -0.001 -0.000 -0.000 0.005 0.001 0.001 0.002 0.001 0.001 -0.001
0.000 0.000 0.000 0.000 0.000 0.000 0.000 0.000 0.000 0.000 0.000 0.000 0.000 0.000 0.000 0.000 0.000 0.000 0.000 0.000 0.000 0.000 0.000 0.000 0.000 0.000 0.000 0.000 -0.001 -0.001 -0.001 -0.001 -0.000 0.000 0.000 0.001 0.001 0.001 0.001 0.001 0.001 0.001 -0.000 0.001 0.002 0.002 0.003 -0.000 -0.000 -0.003 0.002 0.003 0.002 -0.019 -0.012 -0.012 -0.017 -0.026 -0.001 -0.001 -0.001 -0.001 -0.005 -0.001 -0.000 -0.000 0.000 0.001 0.004 0.003 0.003 0.004 0.001 0.002 -0.001
0.000 0.000 0.000 0.000 0.000 0.000 0.000 0.000 0.000 0.000 0.000 0.000 0.000 0.000 0.000 0.000 0.000 0.000 0.000 0.000 0.000 0.000 0.000 0.000 0.000 0.000 0.000 0.000 0.000 0.000 0.000 0.000 0.000 0.001 0.001 0.001 0.002 0.002 0.002 0.002 0.003 0.001 -0.000 -0.000 -0.001 -0.001 0.018 0.000 0.000 -0.005 -0.011 -0.010 -0.010 -0.006 -0.004 -0.008 -0.017 -0.040 -0.001 -0.001 -0.000 -0.001 -0.003 -0.000 0.000 0.000 0.001 0.001 0.004 0.005 0.009 0.003 0.001 0.004 -0.000
0.000 0.000 0.000 0.000 0.000 0.000 0.000 0.000 0.000 0.000 0.000 0.000 0.000 0.000 0.000 0.000 0.000 0.000 0.000 0.000 0.000 0.000 0.000 0.000 0.000 0.000 0.000 0.000 0.000 0.001 0.001 0.001 0.001 0.001 0.003 0.002 0.002 0.003 0.003 0.003 0.007 0.002 0.000 0.000 -0.001 -0.000 -0.001 0.024 0.000 -0.011 -0.013 -0.009 -0.008 -0.001 -0.001 -0.002 -0.002 -0.078 0.001 -0.000 0.000 -0.001 -0.001 0.000 0.001 0.001 0.001 0.001 0.005 0.008 0.007 0.002 0.001 0.007 -0.000
0.000 0.000 0.000 0.000 0.000 0.000 0.000 0.000 0.000 0.000 0.000 0.000 0.000 0.000 0.000 0.000 0.000 0.000 0.000 0.000 0.000 0.000 0.000 0.000 0.000 0.000 0.000 0.000 0.000 0.001 0.003 0.002 0.001 0.001 0.003 0.003 0.003 0.003 -0.020 -0.006 0.020 0.032 0.001 0.001 0.000 -0.000 -0.001 -0.001 -0.001 -0.003 -0.001 -0.002 -0.001 0.000 -0.001 -0.002 -0.002 -0.042 -0.045 0.000 0.000 -0.000 -0.001 -0.001 -0.001 -0.001 -0.001 0.008 0.008 0.009 0.010 0.004 0.003 0.005 0.001
0.000 0.000 0.000 0.000 0.000 0.000 0.000 0.000 0.000 0.000 0.000 0.000 0.000 0.000 0.000 0.000 0.000 0.000 0.000 0.000 0.000 0.000 0.000 0.000 0.000 0.000 0.000 0.000 0.000 0.001 0.004 0.005 0.001 0.001 0.003 -0.003 -0.004 -0.005 -0.007 -0.001 -0.000 0.030 0.042 0.001 0.001 0.000 -0.000 -0.000 -0.001 -0.001 -0.001 -0.001 -0.001 -0.001 -0.001 -0.002 -0.002 -0.002 -0.093 0.001 0.001 0.000 -0.000 0.000 -0.001 -0.001 -0.001 0.002 0.010 0.009 0.009 0.007 0.005 0.004 0.001
