Project1/res/jiangbei-0002.Vy
ncols         319
nrows         412
xllcorner     657492.000000
yllcorner     3548062.000000
cellsize      10.000000
NODATA_value  -9999.000000
[rows 198 to 230 of 412, columns 150 to 224 of 319]
-0.101 -0.069 -0.030 -0.026 -0.023 -0.019 -0.016 -0.014 -0.014 -0.014 -0.012 0.000 0.013 0.016 0.014 0.027 0.047 0.060 0.051 -0.011 -0.016 -0.020 -0.022 -0.033 -0.030 -0.022 -0.029 -0.026 -0.034 -0.024 -0.097 0.019 0.025 0.026 0.020 0.019 -0.012 -0.014 -0.016 -0.030 -0.058 -0.049 -0.079 -0.117 -0.048 -0.017 -0.013 -0.004 -0.008 -0.021 -0.032 -0.019 -0.011 -0.026 -0.014 0.031 0.038 0.038 0.030 -0.014 -0.020 -0.020 -0.017 0.000 0.000 0.000 0.000 0.000 0.000 0.000 0.000 0.000 0.000 0.000 0.000
-0.076 -0.028 -0.021 -0.016 -0.015 -0.012 -0.008 -0.001 0.007 0.005 0.004 0.009 0.015 0.017 0.019 0.020 0.025 0.055 -0.007 -0.012 -0.029 -0.036 -0.043 -0.040 0.000 -0.030 -0.027 -0.020 -0.024 -0.032 -0.108 -0.003 0.022 0.022 0.000 -0.008 -0.017 -0.018 -0.021 -0.052 -0.047 0.000 0.000 -0.135 -0.050 -0.010 0.000 0.006 -0.005 -0.014 -0.029 -0.028 -0.029 -0.027 -0.025 0.024 0.037 0.037 0.009 -0.019 0.000 0.000 0.000 0.000 0.000 0.000 0.000 0.000 0.000 0.000 0.000 0.000 0.000 0.000 0.000
-0.053 -0.022 -0.018 0.000 -0.013 0.000 0.007 0.011 0.013 0.012 0.010 0.007 -0.017 -0.023 0.022 0.049 0.049 0.025 -0.012 -0.018 -0.037 -0.040 -0.037 -0.033 -0.029 -0.028 -0.023 -0.015 -0.019 -0.025 -0.063 -0.078 -0.062 0.008 0.018 -0.026 0.000 -0.019 -0.027 -0.054 -0.036 -0.010 0.000 -0.076 -0.033 0.012 0.000 0.015 -0.001 -0.014 -0.026 -0.023 -0.023 -0.023 -0.025 -0.013 0.035 0.030 -0.014 -0.021 0.005 0.000 0.000 0.000 0.000 0.000 0.000 0.000 0.000 0.000 0.000 0.000 0.000 0.000 0.000
-0.024 -0.021 -0.019 -0.015 -0.008 0.000 0.017 0.017 0.013 0.009 0.008 -0.012 -0.024 -0.018 -0.005 0.058 0.038 -0.010 -0.010 -0.026 -0.038 -0.030 -0.027 -0.026 0.000 -0.020 0.011 0.015 -0.008 0.000 -0.027 -0.071 -0.068 -0.039 -0.009 -0.036 -0.030 -0.022 -0.031 -0.042 -0.030 0.016 -0.008 -0.008 -0.012 -0.028 -0.027 -0.041 -0.057 -0.046 -0.029 -0.021 -0.023 -0.024 -0.023 -0.025 -0.025 -0.021 -0.014 0.020 0.000 0.000 0.000 0.000 0.000 0.000 0.000 0.000 0.000 0.000 0.000 0.000 0.000 0.000 0.000
-0.023 -0.016 -0.015 -0.011 -0.004 0.021 0.030 0.028 0.018 0.005 -0.003 -0.011 -0.007 0.018 0.022 0.033 -0.006 -0.007 -0.018 -0.045 -0.037 -0.029 -0.027 -0.027 -0.031 -0.032 -0.019 0.002 0.012 -0.021 -0.033 -0.034 -0.061 -0.065 -0.064 -0.052 -0.032 -0.030 -0.037 -0.041 -0.036 -0.071 -0.042 -0.042 -0.048 -0.046 -0.051 -0.073 -0.087 -0.072 -0.053 -0.043 -0.039 -0.040 -0.040 -0.039 -0.038 -0.039 0.000 0.000 0.000 0.000 0.000 0.000 0.000 0.000 0.000 0.000 0.000 0.000 0.000 0.000 0.000 0.000 0.000
-0.019 -0.013 -0.012 -0.010 -0.008 0.016 0.042 0.032 0.023 0.010 -0.006 0.000 0.018 0.029 0.030 -0.005 -0.003 -0.015 -0.049 -0.043 -0.036 -0.032 -0.030 -0.029 -0.032 -0.034 -0.030 0.001 0.002 0.030 0.019 -0.017 -0.037 -0.051 -0.063 -0.063 -0.027 -0.037 -0.046 -0.049 -0.053 -0.084 -0.052 -0.044 -0.045 -0.043 -0.057 -0.082 -0.094 -0.056 -0.058 -0.052 -0.048 -0.046 -0.043 -0.040 0.000 0.000 0.000 0.000 0.000 0.000 0.000 0.000 0.000 0.000 0.000 0.000 0.000 0.000 0.000 0.000 0.000 0.000 0.000
-0.022 -0.020 -0.017 -0.011 -0.011 -0.016 0.002 0.007 0.021 0.014 0.011 0.000 0.027 0.032 -0.001 -0.003 -0.013 -0.055 -0.051 -0.042 -0.036 -0.030 -0.025 -0.023 0.000 0.006 0.000 0.002 0.001 0.016 0.026 0.006 0.000 -0.035 -0.029 -0.071 -0.058 -0.041 -0.051 -0.050 -0.054 -0.076 -0.048 -0.037 -0.040 -0.044 -0.059 -0.087 -0.075 -0.052 -0.054 -0.049 -0.044 -0.042 -0.041 0.000 -0.032 0.000 0.000 0.000 0.000 0.000 0.000 0.000 0.000 0.000 0.000 0.000 0.000 0.000 0.000 0.000 0.000 0.000 0.000
-0.022 -0.021 -0.016 -0.011 -0.007 -0.018 -0.024 0.004 0.008 0.014 0.017 0.024 0.028 0.011 -0.000 -0.013 -0.060 -0.059 -0.052 -0.041 -0.032 -0.025 -0.019 0.000 -0.014 0.019 0.000 0.001 0.001 0.003 0.029 0.000 0.000 0.000 -0.027 -0.044 -0.066 -0.055 -0.046 -0.048 -0.047 -0.063 -0.045 -0.032 -0.039 -0.042 -0.063 -0.086 -0.056 -0.049 -0.049 -0.043 -0.039 -0.040 0.000 0.000 0.000 0.000 0.000 0.000 0.000 0.000 0.000 0.000 0.000 0.000 0.000 0.000 0.000 0.000 0.000 0.000 0.000 0.000 0.000
-0.019 -0.017 -0.013 -0.004 0.004 -0.011 -0.024 0.004 0.028 0.000 0.019 0.023 0.024 0.008 -0.002 -0.057 -0.059 -0.055 -0.046 -0.033 -0.024 -0.018 0.000 0.000 0.023 0.000 0.027 -0.004 0.000 0.000 -0.044 0.022 0.000 0.000 0.014 -0.025 -0.048 -0.058 -0.054 -0.041 -0.032 -0.043 -0.038 0.000 -0.036 -0.038 -0.066 -0.072 -0.051 -0.045 -0.044 -0.039 0.000 0.000 0.000 0.000 0.000 0.000 0.000 0.000 0.000 0.000 0.000 0.000 0.000 0.000 0.000 0.000 0.000 0.000 0.000 0.000 0.000 0.000 0.000
-0.013 -0.012 -0.006 0.007 0.009 0.003 -0.017 -0.026 0.003 0.050 0.057 0.030 -0.059 -0.030 -0.050 -0.056 -0.055 -0.051 -0.045 -0.032 -0.025 -0.014 0.000 0.027 0.000 0.044 0.029 -0.049 -0.013 -0.013 -0.010 0.030 0.038 0.039 0.033 0.012 -0.026 -0.044 -0.053 -0.049 -0.035 -0.028 -0.032 0.000 -0.032 -0.033 -0.068 -0.055 -0.047 -0.041 -0.038 -0.038 0.000 0.000 0.000 0.000 0.000 0.000 0.000 0.000 0.000 0.000 0.000 0.000 0.000 0.000 0.000 0.000 0.000 0.000 0.000 0.000 0.000 0.000 0.000
0.000 -0.006 0.005 0.009 0.009 0.006 -0.016 -0.032 -0.020 0.000 -0.010 -0.125 -0.092 -0.046 -0.053 -0.056 -0.054 -0.051 -0.053 -0.035 -0.025 -0.020 -0.009 0.018 0.030 0.029 -0.005 -0.014 -0.013 -0.014 0.009 0.018 0.027 0.032 0.029 0.026 0.014 -0.017 -0.035 -0.044 -0.048 -0.042 -0.022 -0.029 -0.028 0.000 -0.060 -0.047 -0.042 -0.036 -0.037 0.000 0.000 0.000 0.000 0.000 0.000 0.000 0.000 0.000 0.000 0.000 0.000 0.000 0.000 0.000 0.000 0.000 0.000 0.000 0.000 0.000 0.000 0.000 0.000
0.000 0.003 0.008 0.011 0.012 0.009 -0.013 0.012 0.019 0.000 0.011 -0.132 -0.037 -0.040 -0.043 -0.046 -0.046 -0.048 -0.058 -0.044 -0.027 -0.023 -0.023 -0.027 0.000 -0.029 -0.033 0.000 -0.013 0.009 -0.000 0.000 0.001 -0.011 -0.025 0.025 0.031 0.025 -0.020 -0.034 -0.046 -0.052 -0.046 -0.032 -0.027 -0.030 -0.049 -0.040 -0.037 0.000 -0.034 0.000 0.000 0.000 0.000 0.000 0.000 0.000 0.000 0.000 0.000 0.000 0.000 0.000 0.000 0.000 0.000 0.000 0.000 0.000 0.000 0.000 0.000 0.000 0.000
0.017 0.017 0.016 0.016 0.016 0.015 0.020 0.030 0.030 0.022 -0.040 -0.132 -0.035 -0.027 -0.025 -0.031 -0.037 -0.043 -0.057 -0.055 -0.033 -0.023 0.000 0.000 0.000 0.000 -0.033 0.000 0.023 0.016 0.000 0.000 0.001 -0.027 -0.020 -0.010 0.028 0.035 0.031 0.000 -0.030 -0.042 -0.055 -0.047 0.011 0.007 -0.031 -0.039 0.000 0.000 0.000 0.000 0.000 0.000 0.000 0.000 0.000 0.000 0.000 0.000 0.000 0.000 0.000 0.000 0.000 0.000 0.000 0.000 0.000 0.000 0.000 0.000 0.000 0.000 0.000
0.029 0.028 0.023 0.022 0.024 0.026 0.029 0.031 0.017 -0.042 -0.043 -0.032 -0.034 -0.029 -0.027 -0.029 -0.031 -0.034 -0.051 -0.056 -0.032 -0.023 0.000 0.000 0.000 0.000 -0.008 0.018 -0.002 -0.000 -0.000 0.000 0.001 0.007 0.019 0.015 0.018 0.033 0.038 0.033 -0.011 -0.024 -0.042 -0.039 -0.032 -0.028 -0.028 0.000 0.000 0.000 0.000 0.000 0.000 0.000 0.000 0.000 0.000 0.000 0.000 0.000 0.000 0.000 0.000 0.000 0.000 0.000 0.000 0.000 0.000 0.000 0.000 0.000 0.000 0.000 0.000
0.043 0.041 0.024 0.022 0.024 0.029 0.031 0.028 -0.037 -0.033 -0.022 -0.038 -0.034 -0.028 -0.023 -0.022 -0.028 0.000 -0.029 -0.044 -0.021 -0.021 0.000 0.000 -0.014 -0.027 -0.034 -0.034 0.000 0.000 -0.000 -0.000 -0.000 0.034 0.044 0.041 0.025 0.034 0.025 0.000 0.029 -0.012 -0.029 -0.036 -0.037 -0.033 -0.024 0.000 0.000 0.000 0.000 0.000 0.000 0.000 0.000 0.000 0.000 0.000 0.000 0.000 0.000 0.000 0.000 0.000 0.000 0.000 0.000 0.000 0.000 0.000 0.000 0.000 0.000 0.000 0.000
0.040 0.060 0.028 0.020 0.025 0.030 0.031 -0.030 -0.057 -0.039 -0.050 -0.046 -0.038 -0.029 -0.018 -0.011 -0.015 -0.023 -0.027 -0.046 -0.028 -0.030 -0.041 -0.039 -0.032 -0.032 -0.032 -0.030 -0.022 0.000 -0.000 -0.000 -0.000 0.001 0.034 0.049 0.029 0.029 0.024 0.026 0.035 0.032 0.000 -0.031 -0.031 -0.028 -0.020 0.000 0.000 0.000 0.000 0.000 0.000 0.000 0.000 0.000 0.000 0.000 0.000 0.000 0.000 0.000 0.000 0.000 0.000 0.000 0.000 0.000 0.000 0.000 0.000 0.000 0.000 0.000 0.000
-0.015 0.073 0.032 0.024 0.027 0.028 0.013 -0.067 -0.041 -0.050 -0.044 -0.036 -0.027 -0.021 -0.009 0.009 0.008 0.000 -0.027 -0.039 -0.032 -0.031 0.000 0.000 -0.029 -0.026 -0.026 -0.027 -0.032 -0.000 -0.000 -0.000 -0.000 -0.000 -0.000 -0.001 0.051 0.059 0.037 0.033 0.043 0.048 0.000 0.000 -0.035 0.000 0.000 0.000 0.000 0.000 0.000 0.000 0.000 0.000 0.000 0.000 0.000 0.000 0.000 0.000 0.000 0.000 0.000 0.000 0.000 0.000 0.000 0.000 0.000 0.000 0.000 0.000 0.000 0.000 0.000
-0.021 -0.019 0.057 0.020 0.021 0.014 -0.073 -0.040 -0.051 -0.043 -0.038 -0.030 -0.014 -0.010 -0.002 0.012 0.012 0.000 -0.013 0.000 0.000 0.000 0.000 0.000 0.000 -0.021 -0.022 -0.024 -0.027 -0.001 -0.000 -0.000 -0.000 -0.000 -0.000 -0.004 0.027 0.048 0.039 0.033 0.034 0.025 -0.012 -0.022 0.000 0.000 0.000 0.000 0.000 0.000 0.000 0.000 0.000 0.000 0.000 0.000 0.000 0.000 0.000 0.000 0.000 0.000 0.000 0.000 0.000 0.000 0.000 0.000 0.000 0.000 0.000 0.000 0.000 0.000 0.000
-0.019 -0.022 0.005 0.014 -0.001 -0.041 -0.056 -0.046 -0.049 -0.048 -0.040 -0.024 0.009 0.014 0.015 0.014 0.014 0.010 0.000 0.013 0.000 0.000 0.044 0.037 0.000 0.000 -0.018 -0.021 -0.023 -0.023 -0.001 -0.001 -0.000 0.000 0.002 -0.026 0.000 -0.025 0.000 -0.032 -0.049 0.000 0.000 0.000 0.000 0.000 0.000 0.000 0.000 0.000 0.000 0.000 0.000 0.000 0.000 0.000 0.000 0.000 0.000 0.000 0.000 0.000 0.000 0.000 0.000 0.000 0.000 0.000 0.000 0.000 0.000 0.000 0.000 0.000 0.000
-0.010 -0.015 -0.015 0.011 -0.004 -0.025 -0.032 -0.032 -0.032 -0.035 -0.033 -0.025 -0.025 -0.020 0.011 0.018 0.011 -0.015 -0.013 0.000 0.039 0.046 0.044 0.042 0.034 0.000 0.008 0.000 -0.020 -0.024 -0.003 -0.001 -0.023 0.000 -0.036 -0.020 0.000 0.031 0.000 0.013 0.000 0.000 0.000 0.000 0.000 0.000 0.000 0.000 0.000 0.000 0.000 0.000 0.000 0.000 0.000 0.000 0.000 0.000 0.000 0.000 0.000 0.000 0.000 0.000 0.000 0.000 0.000 0.000 0.000 0.000 0.000 0.000 0.000 0.000 0.000
0.013 0.012 0.006 0.005 -0.005 -0.024 -0.033 -0.029 -0.026 -0.031 -0.034 -0.035 -0.035 -0.034 -0.026 -0.001 -0.014 -0.018 0.000 0.031 0.037 0.054 0.053 0.041 0.035 0.033 0.000 0.000 0.000 -0.016 -0.046 -0.030 0.000 0.000 0.000 0.018 0.030 0.043 0.037 0.026 0.000 0.000 0.000 0.000 0.000 0.000 0.000 0.000 0.000 0.000 0.000 0.000 0.000 0.000 0.000 0.000 0.000 0.000 0.000 0.000 0.000 0.000 0.000 0.000 0.000 0.000 0.000 0.000 0.000 0.000 0.000 0.000 0.000 0.000 0.000
0.023 0.025 0.018 0.017 -0.023 -0.035 -0.038 -0.041 -0.040 -0.036 -0.032 -0.031 -0.028 -0.025 -0.024 -0.019 -0.017 0.006 0.032 0.035 0.032 0.056 0.049 0.042 0.037 0.000 0.033 0.027 0.000 0.014 -0.054 0.000 -0.024 0.000 0.000 0.027 -0.000 0.001 0.027 0.000 0.000 0.000 0.000 0.000 0.000 0.000 0.000 0.000 0.000 0.000 0.000 0.000 0.000 0.000 0.000 0.000 0.000 0.000 0.000 0.000 0.000 0.000 0.000 0.000 0.000 0.000 0.000 0.000 0.000 0.000 0.000 0.000 0.000 0.000 0.000
0.034 0.032 0.029 0.030 -0.027 -0.028 -0.030 -0.034 -0.034 -0.029 -0.024 -0.020 -0.018 -0.017 -0.019 -0.018 0.010 0.000 0.034 0.024 -0.008 -0.013 0.068 0.039 0.039 0.034 0.000 0.031 0.025 0.020 -0.019 0.000 0.041 0.000 0.029 0.020 -0.000 0.000 0.000 0.000 0.000 0.000 0.000 0.000 0.000 0.000 0.000 0.000 0.000 0.000 0.000 0.000 0.000 0.000 0.000 0.000 0.000 0.000 0.000 0.000 0.000 0.000 0.000 0.000 0.000 0.000 0.000 0.000 0.000 0.000 0.000 0.000 0.000 0.000 0.000
0.041 0.057 0.053 0.008 -0.025 -0.028 -0.029 -0.030 -0.028 -0.023 -0.017 0.000 -0.008 -0.005 0.000 -0.006 0.021 0.000 0.023 0.022 0.021 0.021 0.066 0.060 0.027 0.023 0.020 0.021 0.015 -0.023 0.000 0.016 0.000 0.029 0.025 -0.001 -0.000 0.000 0.000 0.000 0.000 0.000 0.000 0.000 0.000 0.000 0.000 0.000 0.000 0.000 0.000 0.000 0.000 0.000 0.000 0.000 0.000 0.000 0.000 0.000 0.000 0.000 0.000 0.000 0.000 0.000 0.000 0.000 0.000 0.000 0.000 0.000 0.000 0.000 0.000
0.033 0.053 -0.024 -0.031 -0.034 -0.037 -0.038 -0.035 -0.028 -0.022 -0.012 0.000 0.020 0.024 0.000 0.028 0.000 0.029 0.029 0.032 0.033 0.032 0.063 0.076 0.036 0.019 -0.015 -0.021 -0.022 -0.023 0.000 0.000 0.019 0.025 -0.001 -0.000 0.000 0.000 0.000 0.000 0.000 0.000 0.000 0.000 0.000 0.000 0.000 0.000 0.000 0.000 0.000 0.000 0.000 0.000 0.000 0.000 0.000 0.000 0.000 0.000 0.000 0.000 0.000 0.000 0.000 0.000 0.000 0.000 0.000 0.000 0.000 0.000 0.000 0.000 0.000
0.073 -0.016 -0.027 -0.029 -0.032 -0.034 -0.033 -0.032 -0.028 -0.022 -0.016 0.021 0.034 0.033 0.031 0.000 0.033 0.032 0.033 0.035 0.037 0.031 0.031 0.029 0.038 0.028 -0.007 0.000 0.000 0.012 0.000 0.000 0.014 -0.004 -0.001 0.000 0.000 0.000 0.000 0.000 0.000 0.000 0.000 0.000 0.000 0.000 0.000 0.000 0.000 0.000 0.000 0.000 0.000 0.000 0.000 0.000 0.000 0.000 0.000 0.000 0.000 0.000 0.000 0.000 0.000 0.000 0.000 0.000 0.000 0.000 0.000 0.000 0.000 0.000 0.000
-0.081 -0.020 -0.023 -0.026 -0.028 -0.028 -0.028 -0.027 0.000 -0.025 -0.024 -0.027 -0.025 -0.015 0.064 0.050 0.041 0.038 0.037 0.037 0.031 0.013 0.005 0.004 0.007 0.029 0.022 0.000 0.000 0.000 0.023 0.022 0.023 -0.009 0.000 0.000 0.000 0.000 0.000 0.000 0.000 0.000 0.000 0.000 0.000 0.000 0.000 0.000 0.000 0.000 0.000 0.000 0.000 0.000 0.000 0.000 0.000 0.000 0.000 0.000 0.000 0.000 0.000 0.000 0.000 0.000 0.000 0.000 0.000 0.000 0.000 0.000 0.000 0.000 0.000
-0.046 0.008 -0.007 -0.016 -0.019 -0.020 -0.020 -0.018 -0.019 -0.020 -0.021 -0.024 -0.022 -0.012 0.030 0.052 0.054 0.048 0.038 0.030 0.013 0.004 0.003 0.002 0.001 0.003 0.023 0.023 0.021 0.024 0.021 -0.031 0.000 0.000 0.000 0.000 0.000 0.000 0.000 0.000 0.000 0.000 0.000 0.000 0.000 0.000 0.000 0.000 0.000 0.000 0.000 0.000 0.000 0.000 0.000 0.000 0.000 0.000 0.000 0.000 0.000 0.000 0.000 0.000 0.000 0.000 0.000 0.000 0.000 0.000 0.000 0.000 0.000 0.000 0.000
-0.033 0.015 0.013 0.010 0.005 0.004 -0.005 -0.008 -0.009 0.000 -0.014 0.008 0.015 0.014 0.023 0.042 0.050 0.030 0.022 0.005 0.004 0.004 0.004 0.003 0.004 -0.014 -0.026 -0.018 -0.006 0.011 -0.005 0.000 0.000 0.000 0.000 0.000 0.000 0.000 0.000 0.000 0.000 0.000 0.000 0.000 0.000 0.000 0.000 0.000 0.000 0.000 0.000 0.000 0.000 0.000 0.000 0.000 0.000 0.000 0.000 0.000 0.000 0.000 0.000 0.000 0.000 0.000 0.000 0.000 0.000 0.000 0.000 0.000 0.000 0.000 0.000
-0.015 -0.034 -0.042 -0.034 0.014 0.013 -0.008 -0.011 0.000 0.000 0.016 0.025 0.028 0.026 0.030 0.037 0.028 0.024 0.009 0.007 0.005 0.005 0.008 0.001 -0.025 -0.032 -0.029 -0.022 0.008 -0.007 0.000 0.000 0.000 0.000 0.000 0.000 0.000 0.000 0.000 0.000 0.000 0.000 0.000 0.000 0.000 0.000 0.000 0.000 0.000 0.000 0.000 0.000 0.000 0.000 0.000 0.000 0.000 0.000 0.000 0.000 0.000 0.000 0.000 0.000 0.000 0.000 0.000 0.000 0.000 0.000 0.000 0.000 0.000 0.000 0.000
-0.023 -0.034 -0.037 -0.036 -0.031 -0.019 0.000 0.000 0.000 0.000 0.030 0.029 0.035 0.035 0.037 0.034 0.043 0.020 0.014 0.014 0.007 -0.004 -0.020 -0.026 -0.032 -0.038 -0.034 -0.029 -0.031 0.000 0.000 0.000 0.000 0.000 0.000 0.000 0.000 0.000 0.000 0.000 0.000 0.000 0.000 0.000 0.000 0.000 0.000 0.000 0.000 0.000 0.000 0.000 0.000 0.000 0.000 0.000 0.000 0.000 0.000 0.000 0.000 0.000 0.000 0.000 0.000 0.000 0.000 0.000 0.000 0.000 0.000 0.000 0.000 0.000 0.000
-0.028 -0.027 0.000 0.000 -0.022 0.017 0.024 0.026 0.036 0.042 0.000 0.040 0.042 0.037 0.028 0.110 0.052 -0.020 -0.030 -0.042 -0.059 -0.031 -0.029 -0.033 -0.046 0.000 0.000 0.000 0.000 0.000 0.000 0.000 0.000 0.000 0.000 0.000 0.000 0.000 0.000 0.000 0.000 0.000 0.000 0.000 0.000 0.000 0.000 0.000 0.000 0.000 0.000 0.000 0.000 0.000 0.000 0.000 0.000 0.000 0.000 0.000 0.000 0.000 0.000 0.000 0.000 0.000 0.000 0.000 0.000 0.000 0.000 0.000 0.000 0.000 0.000
-0.025 -0.011 0.000 0.000 0.020 0.038 0.000 0.000 0.044 0.042 0.043 0.039 0.035 0.035 0.095 0.087 -0.022 -0.026 -0.033 -0.043 -0.078 -0.031 -0.034 -0.051 0.000 -0.053 -0.049 0.000 0.000 0.000 0.000 0.000 0.000 0.000 0.000 0.000 0.000 0.000 0.000 0.000 0.000 0.000 0.000 0.000 0.000 0.000 0.000 0.000 0.000 0.000 0.000 0.000 0.000 0.000 0.000 0.000 0.000 0.000 0.000 0.000 0.000 0.000 0.000 0.000 0.000 0.000 0.000 0.000 0.000 0.000 0.000 0.000 0.000 0.000 0.000
