Project1/res/jiangbei-0004.wd
ncols         319
nrows         411
xllcorner     657492.000000
yllcorner     3548067.000000
cellsize      10.000000
NODATA_value  -9999.000000
[rows 204 to 237 of 411, columns 0 to 76 of 319]
0.000 0.000 0.000 0.000 0.000 0.000 0.000 0.000 0.000 0.000 0.000 0.000 0.000 0.000 0.000 0.000 0.000 0.000 0.000 0.000 0.000 0.000 0.000 0.000 0.000 0.000 0.000 0.000 0.000 0.001 0.001 0.001 0.001 0.001 0.001 0.001 0.001 0.001 0.001 0.001 0.001 0.003 0.036 0.001 0.001 0.001 0.001 0.001 0.001 0.001 0.001 0.001 0.265 0.314 0.008 0.001 0.001 0.001 0.001 0.001 0.001 0.001 0.001 0.001 0.001 0.022 0.046 0.001 0.001 0.001 0.025 0.001 0.001 0.001 0.045 0.002 0.010
0.000 0.000 0.000 0.000 0.000 0.000 0.000 0.000 0.000 0.000 0.000 0.000 0.000 0.000 0.000 0.000 0.000 0.000 0.000 0.000 0.000 0.000 0.000 0.000 0.000 0.000 0.000 0.000 0.001 0.001 0.001 0.001 0.001 0.001 0.001 0.001 0.001 0.001 0.001 0.001 0.001 0.055 0.001 0.001 0.001 0.001 0.001 0.001 0.001 0.001 0.001 0.001 0.126 0.197 0.001 0.001 0.001 0.001 0.001 0.001 0.001 0.001 0.001 0.000 0.001 0.001 0.001 0.000 0.001 0.001 0.001 0.001 0.001 0.001 0.050 0.086 0.101
0.000 0.000 0.000 0.000 0.000 0.000 0.000 0.000 0.000 0.000 0.000 0.000 0.000 0.000 0.000 0.000 0.000 0.000 0.000 0.000 0.000 0.000 0.000 0.000 0.000 0.000 0.000 0.000 0.001 0.001 0.001 0.001 0.001 0.001 0.001 0.001 0.001 0.001 0.001 0.001 0.001 0.019 0.001 0.001 0.001 0.001 0.001 0.001 0.001 0.001 0.001 0.001 0.001 0.001 0.001 0.001 0.001 0.001 0.001 0.001 0.001 0.001 0.027 0.010 0.001 0.001 0.001 0.001 0.001 0.001 0.001 0.022 0.026 0.001 0.001 0.052 0.111
0.000 0.000 0.000 0.000 0.000 0.000 0.000 0.000 0.000 0.000 0.000 0.000 0.000 0.000 0.000 0.000 0.000 0.000 0.000 0.000 0.000 0.000 0.000 0.000 0.000 0.000 0.000 0.000 0.001 0.001 0.001 0.001 0.001 0.001 0.001 0.001 0.001 0.001 0.001 0.001 0.057 0.002 0.001 0.001 0.001 0.001 0.001 0.001 0.001 0.001 0.001 0.001 0.001 0.001 0.001 0.001 0.001 0.001 0.001 0.001 0.001 0.003 0.034 0.001 0.001 0.001 0.001 0.001 0.001 0.001 0.001 0.001 0.001 0.001 0.001 0.001 0.001
0.000 0.000 0.000 0.000 0.000 0.000 0.000 0.000 0.000 0.000 0.000 0.000 0.000 0.000 0.000 0.000 0.000 0.000 0.000 0.000 0.000 0.000 0.000 0.000 0.000 0.000 0.000 0.000 0.001 0.001 0.001 0.001 0.001 0.001 0.001 0.001 0.010 0.001 0.001 0.001 0.010 0.001 0.001 0.001 0.001 0.001 0.001 0.001 0.001 0.001 0.063 0.077 0.001 0.001 0.001 0.001 0.001 0.001 0.001 0.001 0.002 0.003 0.001 0.001 0.001 0.001 0.001 0.001 0.001 0.001 0.001 0.001 0.001 0.001 0.001 0.001 0.001
0.000 0.000 0.000 0.000 0.000 0.000 0.000 0.000 0.000 0.000 0.000 0.000 0.000 0.000 0.000 0.000 0.000 0.000 0.000 0.000 0.000 0.000 0.000 0.000 0.000 0.000 0.000 0.000 0.001 0.001 0.031 0.001 0.001 0.001 0.001 0.001 0.001 0.001 0.001 0.001 0.001 0.001 0.001 0.001 0.001 0.001 0.001 0.001 0.066 0.055 0.128 0.109 0.008 0.013 0.001 0.001 0.001 0.001 0.000 0.009 0.010 0.001 0.001 0.001 0.001 0.001 0.001 0.001 0.001 0.001 0.001 0.048 0.001 0.001 0.001 0.001 0.057
0.000 0.000 0.000 0.000 0.000 0.000 0.000 0.000 0.000 0.000 0.000 0.000 0.000 0.000 0.000 0.000 0.000 0.000 0.000 0.000 0.000 0.000 0.000 0.000 0.000 0.000 0.000 0.000 0.001 0.049 0.063 0.001 0.001 0.001 0.001 0.001 0.001 0.001 0.001 0.001 0.001 0.001 0.001 0.001 0.001 0.001 0.001 0.001 0.146 0.197 0.151 0.095 0.001 0.048 0.004 0.001 0.001 0.001 0.010 0.009 0.001 0.001 0.000 0.001 0.001 0.001 0.001 0.001 0.001 0.001 0.001 0.060 0.001 0.001 0.001 0.001 0.088
0.000 0.000 0.000 0.000 0.000 0.000 0.000 0.000 0.000 0.000 0.000 0.000 0.000 0.000 0.000 0.000 0.000 0.000 0.000 0.000 0.000 0.000 0.000 0.000 0.000 0.000 0.000 0.000 0.001 0.037 0.054 0.001 0.001 0.000 0.001 0.001 0.001 0.001 0.001 0.001 0.001 0.001 0.001 0.001 0.001 0.001 0.000 0.001 0.001 0.034 0.019 0.001 0.001 0.001 0.003 0.001 0.001 0.016 0.008 0.001 0.001 0.001 0.001 0.001 0.001 0.001 0.001 0.057 0.067 0.001 0.008 0.080 0.007 0.001 0.000 0.052 0.120
0.000 0.000 0.000 0.000 0.000 0.000 0.000 0.000 0.000 0.000 0.000 0.000 0.000 0.000 0.000 0.000 0.000 0.000 0.000 0.000 0.000 0.000 0.000 0.000 0.000 0.000 0.000 0.000 0.001 0.001 0.001 0.001 0.001 0.001 0.001 0.001 0.000 0.001 0.001 0.001 0.001 0.042 0.079 0.017 0.001 0.001 0.001 0.001 0.001 0.001 0.001 0.001 0.001 0.001 0.002 0.002 0.082 0.080 0.001 0.001 0.000 0.000 0.001 0.001 0.001 0.001 0.001 0.037 0.013 0.001 0.001 0.001 0.204 0.187 0.181 0.151 0.162
0.000 0.000 0.000 0.000 0.000 0.000 0.000 0.000 0.000 0.000 0.000 0.000 0.000 0.000 0.000 0.000 0.000 0.000 0.000 0.000 0.000 0.000 0.000 0.000 0.000 0.000 0.000 0.000 0.001 0.001 0.001 0.001 0.001 0.001 0.001 0.001 0.001 0.001 0.001 0.001 0.018 0.126 0.223 0.232 0.130 0.052 0.001 0.001 0.001 0.001 0.001 0.001 0.001 0.001 0.001 0.034 0.071 0.041 0.001 0.001 0.001 0.001 0.001 0.001 0.001 0.001 0.001 0.001 0.001 0.001 0.001 0.001 0.197 0.374 0.284 0.224 0.189
0.000 0.000 0.000 0.000 0.000 0.000 0.000 0.000 0.000 0.000 0.000 0.000 0.000 0.000 0.000 0.000 0.000 0.000 0.000 0.000 0.000 0.000 0.000 0.000 0.000 0.000 0.000 0.000 0.001 0.001 0.001 0.001 0.001 0.001 0.001 0.001 0.001 0.001 0.001 0.001 0.101 0.252 0.387 0.446 0.340 0.135 0.001 0.001 0.001 0.001 0.001 0.001 0.001 0.001 0.001 0.030 0.001 0.001 0.001 0.001 0.001 0.001 0.001 0.001 0.001 0.001 0.001 0.001 0.001 0.001 0.001 0.001 0.300 0.405 0.392 0.371 0.276
0.000 0.000 0.000 0.000 0.000 0.000 0.000 0.000 0.000 0.000 0.000 0.000 0.000 0.000 0.000 0.000 0.000 0.000 0.000 0.000 0.000 0.000 0.000 0.000 0.000 0.000 0.000 0.000 0.001 0.001 0.001 0.001 0.001 0.001 0.001 0.001 0.001 0.001 0.001 0.001 0.095 0.301 0.489 0.573 0.418 0.120 0.001 0.001 0.001 0.001 0.001 0.001 0.001 0.001 0.033 0.064 0.001 0.001 0.001 0.001 0.001 0.001 0.001 0.001 0.001 0.001 0.001 0.001 0.001 0.001 0.001 0.222 0.433 0.518 0.542 0.507 0.383
0.000 0.000 0.000 0.000 0.000 0.000 0.000 0.000 0.000 0.000 0.000 0.000 0.000 0.000 0.000 0.000 0.000 0.000 0.000 0.000 0.000 0.000 0.000 0.000 0.000 0.000 0.000 0.000 0.001 0.001 0.001 0.147 0.079 0.001 0.001 0.001 0.001 0.001 0.001 0.001 0.104 0.349 0.452 0.463 0.287 0.001 0.001 0.001 0.001 0.001 0.001 0.001 0.001 0.007 0.027 0.001 0.001 0.001 0.001 0.001 0.001 0.001 0.001 0.001 0.001 0.001 0.001 0.001 0.001 0.001 0.148 0.343 0.503 0.523 0.445 0.412 0.314
0.000 0.000 0.000 0.000 0.000 0.000 0.000 0.000 0.000 0.000 0.000 0.000 0.000 0.000 0.000 0.000 0.000 0.000 0.000 0.000 0.000 0.000 0.000 0.000 0.000 0.000 0.000 0.000 0.001 0.001 0.001 0.256 0.296 0.001 0.001 0.001 0.001 0.001 0.001 0.001 0.097 0.331 0.242 0.153 0.104 0.001 0.001 0.001 0.001 0.001 0.001 0.001 0.001 0.001 0.001 0.001 0.001 0.001 0.001 0.001 0.001 0.001 0.001 0.001 0.001 0.001 0.001 0.001 0.001 0.112 0.270 0.422 0.570 0.437 0.252 0.214 0.132
0.000 0.000 0.000 0.000 0.000 0.000 0.000 0.000 0.000 0.000 0.000 0.000 0.000 0.000 0.000 0.000 0.000 0.000 0.000 0.000 0.000 0.000 0.000 0.000 0.000 0.000 0.000 0.000 0.001 0.001 0.001 0.272 0.301 0.001 0.001 0.001 0.001 0.001 0.001 0.001 0.002 0.128 0.001 0.001 0.001 0.001 0.001 0.001 0.001 0.000 0.003 0.037 0.001 0.001 0.001 0.001 0.001 0.001 0.001 0.001 0.001 0.001 0.001 0.001 0.001 0.001 0.001 0.001 0.105 0.293 0.374 0.490 0.533 0.302 0.164 0.101 0.048
0.000 0.000 0.000 0.000 0.000 0.000 0.000 0.000 0.000 0.000 0.000 0.000 0.000 0.000 0.000 0.000 0.000 0.000 0.000 0.000 0.000 0.000 0.000 0.000 0.000 0.000 0.000 0.000 0.001 0.001 0.001 0.188 0.220 0.016 0.001 0.001 0.001 0.001 0.001 0.001 0.001 0.001 0.001 0.001 0.001 0.001 0.001 0.001 0.001 0.001 0.043 0.001 0.001 0.001 0.001 0.001 0.001 0.001 0.001 0.001 0.001 0.001 0.001 0.001 0.001 0.001 0.001 0.032 0.334 0.563 0.543 0.447 0.211 0.043 0.204 0.389 0.297
0.000 0.000 0.000 0.000 0.000 0.000 0.000 0.000 0.000 0.000 0.000 0.000 0.000 0.000 0.000 0.000 0.000 0.000 0.000 0.000 0.000 0.000 0.000 0.000 0.000 0.000 0.000 0.000 0.001 0.001 0.001 0.168 0.212 0.001 0.001 0.001 0.001 0.001 0.001 0.001 0.001 0.001 0.001 0.001 0.001 0.001 0.001 0.001 0.035 0.137 0.028 0.001 0.001 0.001 0.001 0.001 0.001 0.001 0.001 0.001 0.001 0.001 0.001 0.001 0.001 0.036 0.073 0.136 0.416 0.674 0.588 0.325 0.001 0.001 0.197 0.560 0.488
0.000 0.000 0.000 0.000 0.000 0.000 0.000 0.000 0.000 0.000 0.000 0.000 0.000 0.000 0.000 0.000 0.000 0.000 0.000 0.000 0.000 0.000 0.000 0.000 0.000 0.000 0.000 0.000 0.001 0.001 0.029 0.306 0.257 0.083 0.001 0.001 0.001 0.001 0.001 0.001 0.001 0.001 0.001 0.001 0.093 0.001 0.001 0.020 0.124 0.186 0.013 0.001 0.001 0.001 0.043 0.021 0.001 0.001 0.001 0.001 0.001 0.001 0.001 0.001 0.014 0.095 0.172 0.267 0.472 0.609 0.434 0.084 0.001 0.001 0.192 0.357 0.321
0.000 0.000 0.000 0.000 0.000 0.000 0.000 0.000 0.000 0.000 0.000 0.000 0.000 0.000 0.000 0.000 0.000 0.000 0.000 0.000 0.000 0.000 0.000 0.000 0.000 0.000 0.000 0.000 0.001 0.001 0.055 0.365 0.295 0.048 0.001 0.066 0.001 0.001 0.001 0.001 0.001 0.001 0.001 0.203 0.343 0.174 0.140 0.135 0.017 0.079 0.057 0.035 0.028 0.044 0.051 0.048 0.029 0.001 0.001 0.001 0.001 0.001 0.001 0.001 0.062 0.156 0.246 0.327 0.370 0.368 0.179 0.001 0.008 0.161 0.166 0.144 0.056
0.000 0.000 0.000 0.000 0.000 0.000 0.000 0.000 0.000 0.000 0.000 0.000 0.000 0.000 0.000 0.000 0.000 0.000 0.000 0.000 0.000 0.000 0.000 0.000 0.000 0.000 0.000 0.000 0.001 0.001 0.001 0.079 0.001 0.001 0.000 0.001 0.001 0.001 0.001 0.001 0.001 0.001 0.001 0.187 0.416 0.429 0.353 0.136 0.001 0.001 0.001 0.032 0.026 0.004 0.008 0.037 0.051 0.024 0.001 0.001 0.001 0.001 0.001 0.001 0.087 0.195 0.291 0.314 0.223 0.115 0.012 0.001 0.045 0.018 0.028 0.003 0.001
0.000 0.000 0.000 0.000 0.000 0.000 0.000 0.000 0.000 0.000 0.000 0.000 0.000 0.000 0.000 0.000 0.000 0.000 0.000 0.000 0.000 0.000 0.000 0.000 0.000 0.000 0.000 0.000 0.001 0.001 0.001 0.001 0.001 0.001 0.001 0.001 0.001 0.001 0.001 0.001 0.001 0.001 0.031 0.231 0.441 0.491 0.341 0.054 0.001 0.001 0.001 0.001 0.001 0.001 0.001 0.056 0.075 0.037 0.001 0.001 0.001 0.001 0.001 0.022 0.101 0.212 0.309 0.316 0.216 0.074 0.041 0.102 0.102 0.010 0.001 0.001 0.001
0.000 0.000 0.000 0.000 0.000 0.000 0.000 0.000 0.000 0.000 0.000 0.000 0.000 0.000 0.000 0.000 0.000 0.000 0.000 0.000 0.000 0.000 0.000 0.000 0.000 0.000 0.000 0.000 0.001 0.001 0.001 0.001 0.001 0.001 0.001 0.001 0.001 0.001 0.001 0.001 0.001 0.070 0.231 0.394 0.450 0.351 0.105 0.001 0.001 0.090 0.001 0.001 0.001 0.001 0.011 0.115 0.113 0.060 0.009 0.001 0.001 0.001 0.001 0.005 0.103 0.206 0.291 0.315 0.255 0.189 0.232 0.226 0.150 0.035 0.001 0.001 0.001
0.000 0.000 0.000 0.000 0.000 0.000 0.000 0.000 0.000 0.000 0.000 0.000 0.000 0.000 0.000 0.000 0.000 0.000 0.000 0.000 0.000 0.000 0.000 0.000 0.000 0.000 0.000 0.000 0.001 0.001 0.001 0.001 0.001 0.001 0.001 0.001 0.001 0.001 0.001 0.040 0.163 0.276 0.425 0.434 0.302 0.093 0.001 0.001 0.001 0.001 0.001 0.001 0.001 0.001 0.033 0.154 0.122 0.062 0.062 0.001 0.001 0.001 0.001 0.001 0.058 0.180 0.249 0.259 0.271 0.405 0.366 0.225 0.153 0.073 0.008 0.001 0.001
0.000 0.000 0.000 0.000 0.000 0.000 0.000 0.000 0.000 0.000 0.000 0.000 0.000 0.000 0.000 0.000 0.000 0.000 0.000 0.000 0.000 0.000 0.000 0.000 0.000 0.000 0.000 0.000 0.001 0.001 0.001 0.001 0.001 0.001 0.001 0.001 0.001 0.001 0.001 0.176 0.349 0.408 0.417 0.289 0.128 0.001 0.001 0.001 0.001 0.001 0.001 0.001 0.001 0.001 0.001 0.107 0.062 0.015 0.127 0.097 0.001 0.001 0.001 0.001 0.028 0.135 0.195 0.202 0.315 0.468 0.276 0.139 0.077 0.001 0.001 0.001 0.001
0.000 0.000 0.000 0.000 0.000 0.000 0.000 0.000 0.000 0.000 0.000 0.000 0.000 0.000 0.000 0.000 0.000 0.000 0.000 0.000 0.000 0.000 0.000 0.000 0.000 0.000 0.000 0.000 0.001 0.001 0.069 0.001 0.001 0.001 0.001 0.001 0.001 0.001 0.013 0.206 0.319 0.301 0.253 0.123 0.001 0.001 0.001 0.001 0.001 0.001 0.001 0.001 0.001 0.001 0.001 0.001 0.001 0.001 0.136 0.262 0.132 0.063 0.037 0.025 0.036 0.084 0.125 0.166 0.308 0.301 0.100 0.001 0.001 0.001 0.001 0.001 0.067
0.000 0.000 0.000 0.000 0.000 0.000 0.000 0.000 0.000 0.000 0.000 0.000 0.000 0.000 0.000 0.000 0.000 0.000 0.000 0.000 0.000 0.000 0.000 0.000 0.000 0.000 0.000 0.000 0.001 0.001 0.001 0.001 0.001 0.001 0.001 0.001 0.001 0.001 0.001 0.044 0.001 0.061 0.102 0.036 0.001 0.001 0.001 0.001 0.001 0.001 0.001 0.001 0.001 0.001 0.001 0.001 0.001 0.001 0.074 0.254 0.237 0.145 0.104 0.070 0.042 0.035 0.051 0.101 0.130 0.010 0.001 0.001 0.001 0.001 0.001 0.066 0.042
0.000 0.000 0.000 0.000 0.000 0.000 0.000 0.000 0.000 0.000 0.000 0.000 0.000 0.000 0.000 0.000 0.000 0.000 0.000 0.000 0.000 0.000 0.000 0.000 0.000 0.000 0.000 0.000 0.001 0.001 0.001 0.001 0.001 0.102 0.156 0.001 0.001 0.001 0.001 0.001 0.001 0.001 0.012 0.002 0.001 0.001 0.001 0.001 0.001 0.001 0.001 0.001 0.001 0.001 0.001 0.001 0.001 0.001 0.016 0.083 0.087 0.056 0.039 0.023 0.003 0.001 0.013 0.020 0.001 0.001 0.001 0.001 0.001 0.099 0.120 0.070 0.035
0.000 0.000 0.000 0.000 0.000 0.000 0.000 0.000 0.000 0.000 0.000 0.000 0.000 0.000 0.000 0.000 0.000 0.000 0.000 0.000 0.000 0.000 0.000 0.000 0.000 0.000 0.000 0.000 0.001 0.055 0.148 0.027 0.051 0.316 0.001 0.001 0.001 0.001 0.001 0.001 0.001 0.001 0.008 0.002 0.001 0.001 0.001 0.001 0.001 0.001 0.001 0.001 0.001 0.001 0.001 0.001 0.001 0.001 0.021 0.046 0.036 0.020 0.006 0.007 0.001 0.001 0.014 0.012 0.001 0.001 0.000 0.001 0.001 0.152 0.118 0.055 0.033
0.000 0.000 0.000 0.000 0.000 0.000 0.000 0.000 0.000 0.000 0.000 0.000 0.000 0.000 0.000 0.000 0.000 0.000 0.000 0.000 0.000 0.000 0.000 0.000 0.000 0.000 0.000 0.000 0.001 0.162 0.322 0.309 0.370 0.393 0.097 0.001 0.001 0.001 0.001 0.001 0.001 0.001 0.008 0.002 0.001 0.001 0.001 0.000 0.001 0.001 0.001 0.001 0.001 0.001 0.001 0.001 0.001 0.001 0.027 0.061 0.055 0.027 0.009 0.013 0.001 0.001 0.023 0.015 0.001 0.001 0.001 0.001 0.001 0.073 0.073 0.033 0.016
0.000 0.000 0.000 0.000 0.000 0.000 0.000 0.000 0.000 0.000 0.000 0.000 0.000 0.000 0.000 0.000 0.000 0.000 0.000 0.000 0.000 0.000 0.000 0.000 0.000 0.000 0.000 0.000 0.001 0.194 0.286 0.319 0.306 0.304 0.221 0.001 0.001 0.001 0.001 0.001 0.001 0.001 0.011 0.003 0.001 0.001 0.001 0.001 0.001 0.001 0.001 0.001 0.006 0.001 0.001 0.001 0.001 0.001 0.023 0.068 0.091 0.075 0.122 0.153 0.020 0.001 0.094 0.150 0.121 0.223 0.314 0.197 0.062 0.054 0.038 0.011 0.001
0.000 0.000 0.000 0.000 0.000 0.000 0.000 0.000 0.000 0.000 0.000 0.000 0.000 0.000 0.000 0.000 0.000 0.000 0.000 0.000 0.000 0.000 0.000 0.000 0.000 0.000 0.000 0.000 0.001 0.092 0.142 0.178 0.138 0.103 0.093 0.076 0.001 0.001 0.001 0.001 0.001 0.001 0.065 0.058 0.053 0.039 0.001 0.001 0.001 0.001 0.001 0.037 0.088 0.044 0.001 0.001 0.001 0.001 0.021 0.061 0.091 0.131 0.249 0.241 0.051 0.001 0.148 0.260 0.285 0.279 0.250 0.175 0.069 0.007 0.004 0.004 0.001
0.000 0.000 0.000 0.000 0.000 0.000 0.000 0.000 0.000 0.000 0.000 0.000 0.000 0.000 0.000 0.000 0.000 0.000 0.000 0.000 0.000 0.000 0.000 0.000 0.000 0.000 0.000 0.000 0.001 0.096 0.190 0.195 0.065 0.001 0.001 0.011 0.098 0.001 0.001 0.001 0.001 0.001 0.129 0.119 0.103 0.073 0.010 0.001 0.001 0.001 0.057 0.121 0.141 0.083 0.010 0.001 0.001 0.001 0.028 0.060 0.061 0.092 0.189 0.160 0.001 0.007 0.211 0.320 0.316 0.200 0.092 0.042 0.001 0.001 0.001 0.004 0.002
0.000 0.000 0.000 0.000 0.000 0.000 0.000 0.000 0.000 0.000 0.000 0.000 0.000 0.000 0.000 0.000 0.000 0.000 0.000 0.000 0.000 0.000 0.000 0.000 0.000 0.000 0.000 0.000 0.001 0.079 0.158 0.122 0.001 0.001 0.001 0.001 0.008 0.001 0.001 0.001 0.001 0.001 0.180 0.182 0.151 0.105 0.009 0.001 0.001 0.015 0.132 0.156 0.126 0.061 0.006 0.001 0.011 0.069 0.084 0.093 0.041 0.002 0.046 0.066 0.001 0.001 0.167 0.288 0.226 0.001 0.001 0.001 0.001 0.001 0.001 0.003 0.022
0.000 0.000 0.000 0.000 0.000 0.000 0.000 0.000 0.000 0.000 0.000 0.000 0.000 0.000 0.000 0.000 0.000 0.000 0.000 0.000 0.000 0.000 0.000 0.000 0.000 0.000 0.000 0.000 0.001 0.001 0.001 0.001 0.001 0.001 0.001 0.001 0.007 0.001 0.001 0.001 0.001 0.119 0.227 0.232 0.201 0.137 0.001 0.001 0.001 0.022 0.096 0.126 0.097 0.040 0.001 0.001 0.110 0.214 0.187 0.150 0.038 0.001 0.034 0.092 0.001 0.001 0.012 0.150 0.006 0.001 0.000 0.001 0.001 0.001 0.001 0.001 0.023
