Project1/res/jiangbei.maxtm
ncols         319
nrows         411
xllcorner     657492.000000
yllcorner     3548067.000000
cellsize      10.000000
NODATA_value  -9999.000000
[rows 270 to 299 of 411, columns 0 to 66 of 319]
-9999.000 -9999.000 -9999.000 -9999.000 -9999.000 -9999.000 -9999.000 -9999.000 -9999.000 -9999.000 -9999.000 -9999.000 -9999.000 -9999.000 -9999.000 -9999.000 -9999.000 -9999.000 -9999.000 -9999.000 -9999.000 -9999.000 -9999.000 -9999.000 -9999.000 -9999.000 -9999.000 -9999.000 -9999.000 -9999.000 -9999.000 0.422 0.434 0.441 0.445 0.448 1.112 1.141 1.146 1.146 1.141 1.134 1.125 1.114 1.101 1.076 0.459 0.449 0.442 0.436 0.428 0.412 0.426 0.453 0.462 0.463 0.456 0.443 0.449 0.451 0.441 0.709 0.714 0.426 0.420 0.429 0.450
-9999.000 -9999.000 -9999.000 -9999.000 -9999.000 -9999.000 -9999.000 -9999.000 -9999.000 -9999.000 -9999.000 -9999.000 -9999.000 -9999.000 -9999.000 -9999.000 -9999.000 -9999.000 -9999.000 -9999.000 -9999.000 -9999.000 -9999.000 -9999.000 -9999.000 -9999.000 -9999.000 -9999.000 -9999.000 -9999.000 -9999.000 0.420 0.429 0.437 0.443 0.452 1.100 1.113 1.117 1.116 1.110 1.099 1.087 1.074 1.062 0.692 0.465 0.453 0.445 0.439 0.432 0.422 0.422 0.431 0.458 0.457 0.456 0.497 0.631 0.698 0.702 0.705 0.709 0.420 0.428 0.456 0.457
-9999.000 -9999.000 -9999.000 -9999.000 -9999.000 -9999.000 -9999.000 -9999.000 -9999.000 -9999.000 -9999.000 -9999.000 -9999.000 -9999.000 -9999.000 -9999.000 -9999.000 -9999.000 -9999.000 -9999.000 -9999.000 -9999.000 -9999.000 -9999.000 -9999.000 -9999.000 -9999.000 -9999.000 -9999.000 -9999.000 -9999.000 0.422 0.427 0.434 0.443 0.461 1.071 1.093 1.094 1.091 1.082 1.068 1.052 1.037 1.029 0.632 0.572 0.458 0.448 0.441 0.434 0.425 0.416 0.423 0.454 0.458 0.676 0.679 0.683 0.694 0.699 0.441 0.422 0.431 0.456 0.419 0.426
-9999.000 -9999.000 -9999.000 -9999.000 -9999.000 -9999.000 -9999.000 -9999.000 -9999.000 -9999.000 -9999.000 -9999.000 -9999.000 -9999.000 -9999.000 -9999.000 -9999.000 -9999.000 -9999.000 -9999.000 -9999.000 -9999.000 -9999.000 -9999.000 -9999.000 -9999.000 -9999.000 -9999.000 -9999.000 -9999.000 -9999.000 0.425 0.429 0.436 0.461 0.465 0.469 0.478 1.074 1.073 1.061 1.040 1.019 0.994 0.874 0.633 0.614 0.586 0.449 0.442 0.435 0.429 0.420 0.421 0.430 0.458 0.676 0.678 0.680 0.685 0.441 0.422 0.426 0.427 0.504 0.425 0.432
-9999.000 -9999.000 -9999.000 -9999.000 -9999.000 -9999.000 -9999.000 -9999.000 -9999.000 -9999.000 -9999.000 -9999.000 -9999.000 -9999.000 -9999.000 -9999.000 -9999.000 -9999.000 -9999.000 -9999.000 -9999.000 -9999.000 -9999.000 -9999.000 -9999.000 -9999.000 -9999.000 -9999.000 -9999.000 -9999.000 -9999.000 0.433 0.436 0.456 0.460 0.463 0.463 0.464 0.462 0.466 1.011 1.012 0.989 0.942 0.837 0.641 0.626 0.619 0.456 0.444 0.440 0.436 0.429 0.424 0.431 0.487 0.673 0.676 0.678 0.451 0.438 0.421 0.489 0.500 0.505 0.508 0.508
-9999.000 -9999.000 -9999.000 -9999.000 -9999.000 -9999.000 -9999.000 -9999.000 -9999.000 -9999.000 -9999.000 -9999.000 -9999.000 -9999.000 -9999.000 -9999.000 -9999.000 -9999.000 -9999.000 -9999.000 -9999.000 -9999.000 -9999.000 -9999.000 -9999.000 -9999.000 -9999.000 -9999.000 -9999.000 -9999.000 -9999.000 0.451 0.454 0.455 0.455 0.454 0.455 0.453 0.452 0.452 0.450 0.451 0.461 0.832 0.793 0.639 0.627 0.625 0.621 0.488 0.453 0.444 0.427 0.431 0.443 0.489 0.570 0.503 0.449 0.452 0.467 0.484 0.489 0.493 0.499 0.506 0.509
-9999.000 -9999.000 -9999.000 -9999.000 -9999.000 -9999.000 -9999.000 -9999.000 -9999.000 -9999.000 -9999.000 -9999.000 -9999.000 -9999.000 -9999.000 -9999.000 -9999.000 -9999.000 -9999.000 -9999.000 -9999.000 -9999.000 -9999.000 -9999.000 -9999.000 -9999.000 -9999.000 -9999.000 -9999.000 -9999.000 -9999.000 0.435 0.436 0.437 0.440 0.445 0.448 0.445 0.446 0.444 0.437 0.438 0.444 0.451 0.450 0.423 0.417 0.626 0.623 0.621 0.619 0.601 0.495 0.488 0.484 0.469 0.432 0.457 0.456 0.463 0.472 0.478 0.483 0.474 0.443 0.498 0.509
-9999.000 -9999.000 -9999.000 -9999.000 -9999.000 -9999.000 -9999.000 -9999.000 -9999.000 -9999.000 -9999.000 -9999.000 -9999.000 -9999.000 -9999.000 -9999.000 -9999.000 -9999.000 -9999.000 -9999.000 -9999.000 -9999.000 -9999.000 -9999.000 -9999.000 -9999.000 -9999.000 -9999.000 -9999.000 -9999.000 -9999.000 0.432 0.429 0.429 0.434 0.441 0.440 0.441 0.441 0.424 0.425 0.431 0.438 0.445 0.428 0.418 0.413 0.420 0.623 0.622 0.618 0.606 0.518 0.486 0.473 0.453 0.439 0.452 0.460 0.465 0.469 0.469 0.464 0.451 0.429 0.471 0.563
-9999.000 -9999.000 -9999.000 -9999.000 -9999.000 -9999.000 -9999.000 -9999.000 -9999.000 -9999.000 -9999.000 -9999.000 -9999.000 -9999.000 -9999.000 -9999.000 -9999.000 -9999.000 -9999.000 -9999.000 -9999.000 -9999.000 -9999.000 -9999.000 -9999.000 -9999.000 -9999.000 -9999.000 -9999.000 -9999.000 0.430 0.432 0.422 0.421 0.428 0.435 0.431 0.436 0.432 0.421 0.422 0.426 0.433 0.440 0.423 0.414 0.421 0.437 0.623 0.622 0.618 0.472 0.452 0.441 0.444 0.452 0.451 0.455 0.458 0.459 0.459 0.420 0.420 0.456 0.458 0.459 0.608
-9999.000 -9999.000 -9999.000 -9999.000 -9999.000 -9999.000 -9999.000 -9999.000 -9999.000 -9999.000 -9999.000 -9999.000 -9999.000 -9999.000 -9999.000 -9999.000 -9999.000 -9999.000 -9999.000 -9999.000 -9999.000 -9999.000 -9999.000 -9999.000 -9999.000 -9999.000 -9999.000 -9999.000 -9999.000 -9999.000 0.433 0.441 0.431 0.419 0.420 0.426 0.427 0.428 0.424 0.418 0.419 0.422 0.427 0.432 0.418 0.424 0.431 0.462 0.621 0.621 0.455 0.444 0.438 0.438 0.446 0.451 0.454 0.455 0.452 0.441 0.429 0.426 0.446 0.453 0.450 0.446 0.557
-9999.000 -9999.000 -9999.000 -9999.000 -9999.000 -9999.000 -9999.000 -9999.000 -9999.000 -9999.000 -9999.000 -9999.000 -9999.000 -9999.000 -9999.000 -9999.000 -9999.000 -9999.000 -9999.000 -9999.000 -9999.000 -9999.000 -9999.000 -9999.000 -9999.000 -9999.000 -9999.000 -9999.000 -9999.000 -9999.000 0.434 0.444 0.446 0.425 0.423 0.422 0.419 0.418 0.418 0.415 0.417 0.418 0.422 0.432 0.433 0.436 0.442 0.453 0.587 0.450 0.434 0.435 0.436 0.440 0.452 0.453 0.454 0.453 0.417 0.416 0.427 0.481 0.441 0.412 0.419 0.427 0.599
-9999.000 -9999.000 -9999.000 -9999.000 -9999.000 -9999.000 -9999.000 -9999.000 -9999.000 -9999.000 -9999.000 -9999.000 -9999.000 -9999.000 -9999.000 -9999.000 -9999.000 -9999.000 -9999.000 -9999.000 -9999.000 -9999.000 -9999.000 -9999.000 -9999.000 -9999.000 -9999.000 -9999.000 -9999.000 0.425 0.435 0.448 0.458 0.431 0.427 0.428 0.425 0.424 0.423 0.420 0.423 0.424 0.429 0.436 0.453 1.747 1.747 1.747 0.443 0.430 0.428 0.434 0.440 0.446 0.450 0.450 0.448 0.453 0.446 0.435 0.487 0.485 0.415 0.418 0.424 0.427 0.604
-9999.000 -9999.000 -9999.000 -9999.000 -9999.000 -9999.000 -9999.000 -9999.000 -9999.000 -9999.000 -9999.000 -9999.000 -9999.000 -9999.000 -9999.000 -9999.000 -9999.000 -9999.000 -9999.000 -9999.000 -9999.000 -9999.000 -9999.000 -9999.000 -9999.000 -9999.000 -9999.000 -9999.000 -9999.000 0.419 0.438 0.451 0.463 0.440 0.428 0.436 0.432 0.429 0.426 0.422 0.427 0.429 0.433 1.738 1.742 1.747 1.746 0.431 0.426 0.428 0.428 0.437 0.443 0.446 0.448 0.437 0.426 0.452 0.483 0.488 0.517 0.511 0.423 0.431 0.444 0.585 0.598
-9999.000 -9999.000 -9999.000 -9999.000 -9999.000 -9999.000 -9999.000 -9999.000 -9999.000 -9999.000 -9999.000 -9999.000 -9999.000 -9999.000 -9999.000 -9999.000 -9999.000 -9999.000 -9999.000 -9999.000 -9999.000 -9999.000 -9999.000 -9999.000 -9999.000 -9999.000 -9999.000 -9999.000 -9999.000 0.420 0.433 0.455 0.467 0.468 1.651 1.673 1.679 1.683 0.428 0.424 0.431 0.436 1.730 1.734 1.738 0.434 0.425 0.424 0.425 0.429 0.434 0.439 0.441 0.441 0.432 0.424 0.425 0.464 0.485 0.501 0.576 0.582 0.586 0.589 0.592 0.594 0.595
-9999.000 -9999.000 -9999.000 -9999.000 -9999.000 -9999.000 -9999.000 -9999.000 -9999.000 -9999.000 -9999.000 -9999.000 -9999.000 -9999.000 -9999.000 -9999.000 -9999.000 -9999.000 -9999.000 -9999.000 -9999.000 -9999.000 -9999.000 -9999.000 -9999.000 -9999.000 -9999.000 -9999.000 -9999.000 0.424 0.432 1.623 1.627 1.639 1.653 1.669 1.679 1.689 1.697 1.704 1.708 1.718 1.726 1.729 0.431 0.422 0.423 0.428 0.430 0.432 0.434 0.436 0.433 0.424 0.425 0.428 0.450 0.473 0.479 0.538 0.580 0.582 0.585 0.425 0.429 0.435 0.432
-9999.000 -9999.000 -9999.000 -9999.000 -9999.000 -9999.000 -9999.000 -9999.000 -9999.000 -9999.000 -9999.000 -9999.000 -9999.000 -9999.000 -9999.000 -9999.000 -9999.000 -9999.000 -9999.000 -9999.000 -9999.000 -9999.000 -9999.000 -9999.000 -9999.000 -9999.000 -9999.000 -9999.000 0.422 0.425 0.430 1.620 1.627 1.637 1.649 1.667 1.681 1.688 1.696 1.702 1.708 1.713 0.426 0.426 0.428 0.424 0.428 0.433 0.435 0.432 0.426 0.422 0.426 0.425 0.430 0.480 0.480 0.426 0.458 0.541 0.580 0.582 0.583 0.426 0.420 0.422 0.422
-9999.000 -9999.000 -9999.000 -9999.000 -9999.000 -9999.000 -9999.000 -9999.000 -9999.000 -9999.000 -9999.000 -9999.000 -9999.000 -9999.000 -9999.000 -9999.000 -9999.000 -9999.000 -9999.000 -9999.000 -9999.000 -9999.000 -9999.000 -9999.000 -9999.000 -9999.000 -9999.000 -9999.000 0.417 0.422 0.426 1.614 1.620 1.634 1.643 0.421 1.687 1.690 1.696 1.702 0.433 0.432 0.422 0.422 0.429 0.428 0.432 0.434 0.430 0.430 0.424 0.422 0.426 0.474 0.482 0.481 0.454 0.468 0.474 0.506 0.576 0.578 0.579 0.454 0.424 0.416 0.426
-9999.000 -9999.000 -9999.000 -9999.000 -9999.000 -9999.000 -9999.000 -9999.000 -9999.000 -9999.000 -9999.000 -9999.000 -9999.000 -9999.000 -9999.000 -9999.000 -9999.000 -9999.000 -9999.000 -9999.000 -9999.000 -9999.000 -9999.000 -9999.000 -9999.000 -9999.000 -9999.000 -9999.000 0.417 0.421 0.423 0.463 1.606 0.431 0.424 0.418 0.427 0.438 0.430 0.426 0.422 0.431 0.422 0.424 0.427 0.430 0.428 0.422 0.424 0.429 0.427 0.427 0.454 0.478 0.480 0.431 0.431 0.469 0.477 0.491 0.526 0.534 0.463 0.447 0.431 0.429 0.436
-9999.000 -9999.000 -9999.000 -9999.000 -9999.000 -9999.000 -9999.000 -9999.000 -9999.000 -9999.000 -9999.000 -9999.000 -9999.000 -9999.000 -9999.000 -9999.000 -9999.000 -9999.000 -9999.000 -9999.000 -9999.000 -9999.000 -9999.000 -9999.000 -9999.000 -9999.000 -9999.000 -9999.000 0.417 0.421 0.427 0.460 0.436 0.425 0.424 0.420 0.427 0.431 0.432 0.429 0.428 0.432 0.422 0.426 0.426 0.421 0.422 0.421 0.423 0.429 3.979 3.980 3.985 3.989 0.431 0.427 0.423 0.459 0.477 0.485 0.494 0.489 0.439 0.432 0.430 0.433 0.441
-9999.000 -9999.000 -9999.000 -9999.000 -9999.000 -9999.000 -9999.000 -9999.000 -9999.000 -9999.000 -9999.000 -9999.000 -9999.000 -9999.000 -9999.000 -9999.000 -9999.000 -9999.000 -9999.000 -9999.000 -9999.000 -9999.000 -9999.000 -9999.000 -9999.000 -9999.000 -9999.000 -9999.000 0.412 0.414 0.423 0.458 0.429 0.424 0.426 0.424 0.426 0.432 0.436 0.433 0.434 0.434 0.431 0.423 0.423 0.422 0.422 0.427 0.431 0.436 3.978 3.978 3.983 0.434 0.428 0.426 0.419 0.436 0.472 0.478 0.483 0.452 0.426 0.432 0.435 0.444 0.460
-9999.000 -9999.000 -9999.000 -9999.000 -9999.000 -9999.000 -9999.000 -9999.000 -9999.000 -9999.000 -9999.000 -9999.000 -9999.000 -9999.000 -9999.000 -9999.000 -9999.000 -9999.000 -9999.000 -9999.000 -9999.000 -9999.000 -9999.000 -9999.000 -9999.000 -9999.000 -9999.000 -9999.000 0.414 0.442 0.445 0.447 0.422 0.422 0.428 0.430 0.432 0.434 0.437 0.434 0.427 0.421 0.423 0.420 0.422 0.426 0.432 0.709 0.713 0.716 3.977 3.979 3.983 0.423 0.422 0.423 0.417 0.427 0.467 0.453 0.453 0.453 0.449 0.447 0.456 0.460 0.459
-9999.000 -9999.000 -9999.000 -9999.000 -9999.000 -9999.000 -9999.000 -9999.000 -9999.000 -9999.000 -9999.000 -9999.000 -9999.000 -9999.000 -9999.000 -9999.000 -9999.000 -9999.000 -9999.000 -9999.000 -9999.000 -9999.000 -9999.000 -9999.000 -9999.000 -9999.000 -9999.000 0.567 0.564 0.568 0.421 0.421 0.420 0.418 0.429 0.434 0.431 0.430 0.424 0.426 0.422 0.421 0.422 0.423 0.429 2.077 2.041 0.424 0.411 0.423 3.979 3.981 3.985 0.431 0.423 0.419 0.416 0.424 0.445 0.423 0.426 0.443 0.451 0.459 0.474 0.469 0.448
-9999.000 -9999.000 -9999.000 -9999.000 -9999.000 -9999.000 -9999.000 -9999.000 -9999.000 -9999.000 -9999.000 -9999.000 -9999.000 -9999.000 -9999.000 -9999.000 -9999.000 -9999.000 -9999.000 -9999.000 -9999.000 -9999.000 -9999.000 -9999.000 -9999.000 -9999.000 -9999.000 0.561 0.429 0.422 0.417 0.422 0.422 0.422 0.429 0.432 0.429 0.422 0.421 0.424 0.424 0.423 2.097 2.083 2.077 2.077 0.435 0.424 0.431 0.434 3.986 3.992 4.000 4.000 0.417 0.416 0.414 0.421 0.434 0.419 0.415 0.423 0.445 0.463 4.000 4.000 0.455
-9999.000 -9999.000 -9999.000 -9999.000 -9999.000 -9999.000 -9999.000 -9999.000 -9999.000 -9999.000 -9999.000 -9999.000 -9999.000 -9999.000 -9999.000 -9999.000 -9999.000 -9999.000 -9999.000 -9999.000 -9999.000 -9999.000 -9999.000 -9999.000 -9999.000 -9999.000 -9999.000 0.428 0.427 0.424 0.418 0.424 0.426 0.418 0.415 0.424 0.425 0.421 0.422 2.905 2.905 2.825 2.837 0.433 0.432 0.431 0.430 0.427 0.431 0.433 4.000 4.000 4.000 4.000 0.419 0.417 0.416 0.423 0.441 0.428 0.417 0.420 0.436 4.000 4.000 4.000 0.453
-9999.000 -9999.000 -9999.000 -9999.000 -9999.000 -9999.000 -9999.000 -9999.000 -9999.000 -9999.000 -9999.000 -9999.000 -9999.000 -9999.000 -9999.000 -9999.000 -9999.000 -9999.000 -9999.000 -9999.000 -9999.000 -9999.000 -9999.000 -9999.000 -9999.000 -9999.000 -9999.000 0.423 0.430 0.427 0.423 0.419 0.423 0.421 0.416 0.420 0.424 0.424 0.431 2.919 2.901 0.434 0.432 0.432 0.426 0.424 0.428 0.430 0.433 0.434 0.443 4.000 4.000 4.000 0.426 0.421 0.419 0.426 0.446 0.444 0.422 0.426 0.436 4.000 4.000 4.000 4.000
-9999.000 -9999.000 -9999.000 -9999.000 -9999.000 -9999.000 -9999.000 -9999.000 -9999.000 -9999.000 -9999.000 -9999.000 -9999.000 -9999.000 -9999.000 -9999.000 -9999.000 -9999.000 -9999.000 -9999.000 -9999.000 -9999.000 -9999.000 -9999.000 -9999.000 -9999.000 -9999.000 0.425 0.429 0.427 0.424 0.417 0.421 0.422 0.421 0.426 0.448 0.443 0.438 0.439 0.427 0.425 0.428 0.432 0.427 0.427 0.429 0.431 0.433 0.436 0.437 4.000 4.000 4.000 0.438 0.430 0.432 0.439 0.453 0.453 0.426 0.432 0.439 4.000 4.000 4.000 4.000
-9999.000 -9999.000 -9999.000 -9999.000 -9999.000 -9999.000 -9999.000 -9999.000 -9999.000 -9999.000 -9999.000 -9999.000 -9999.000 -9999.000 -9999.000 -9999.000 -9999.000 -9999.000 -9999.000 -9999.000 -9999.000 -9999.000 -9999.000 -9999.000 -9999.000 -9999.000 -9999.000 0.422 0.414 0.418 0.422 0.420 0.421 0.425 0.460 0.459 0.450 0.437 0.426 0.424 0.421 0.420 0.421 0.431 0.427 0.432 0.432 0.430 0.429 0.431 0.438 4.000 4.000 4.000 0.506 0.458 0.452 0.456 0.458 0.456 0.428 0.435 0.442 4.000 4.000 4.000 4.000
-9999.000 -9999.000 -9999.000 -9999.000 -9999.000 -9999.000 -9999.000 -9999.000 -9999.000 -9999.000 -9999.000 -9999.000 -9999.000 -9999.000 -9999.000 -9999.000 -9999.000 -9999.000 -9999.000 -9999.000 -9999.000 -9999.000 -9999.000 -9999.000 -9999.000 -9999.000 -9999.000 0.417 0.415 0.417 0.424 0.428 0.430 0.434 0.460 0.463 0.435 0.435 0.432 0.425 0.418 0.417 0.421 0.425 0.427 0.431 0.430 0.426 0.422 0.421 0.428 4.000 0.462 0.507 0.505 0.502 0.487 0.466 0.463 0.457 0.429 0.439 4.000 4.000 4.000 4.000 4.000
-9999.000 -9999.000 -9999.000 -9999.000 -9999.000 -9999.000 -9999.000 -9999.000 -9999.000 -9999.000 -9999.000 -9999.000 -9999.000 -9999.000 -9999.000 -9999.000 -9999.000 -9999.000 -9999.000 -9999.000 -9999.000 -9999.000 -9999.000 -9999.000 -9999.000 -9999.000 -9999.000 0.417 0.420 0.426 0.431 0.436 0.439 0.442 0.454 0.463 0.431 0.427 0.424 0.418 0.414 0.412 0.418 0.422 0.426 0.428 0.426 0.425 0.426 0.429 0.429 0.441 0.452 0.436 0.477 0.501 0.496 0.476 0.464 0.456 0.452 4.000 4.000 4.000 4.000 4.000 0.427
-9999.000 -9999.000 -9999.000 -9999.000 -9999.000 -9999.000 -9999.000 -9999.000 -9999.000 -9999.000 -9999.000 -9999.000 -9999.000 -9999.000 -9999.000 -9999.000 -9999.000 -9999.000 -9999.000 -9999.000 -9999.000 -9999.000 -9999.000 -9999.000 -9999.000 -9999.000 -9999.000 2.016 0.434 0.426 0.425 0.427 0.430 0.433 0.458 0.467 0.431 0.421 0.418 0.416 0.418 0.416 0.418 0.420 0.425 0.426 0.426 0.425 0.429 0.438 0.438 0.441 0.446 0.438 0.458 0.496 0.496 0.464 0.454 0.436 0.432 0.443 0.431 0.426 0.420 0.419 0.419
