Project1/res/jiangbei-0001.Vx
ncols         320
nrows         411
xllcorner     657487.000000
yllcorner     3548067.000000
cellsize      10.000000
NODATA_value  -9999.000000
[rows 272 to 305 of 411, columns 75 to 149 of 320]
0.033 0.041 0.036 0.120 0.122 0.042 -0.004 0.026 0.060 0.053 0.005 0.004 0.006 -0.062 -0.061 -0.038 0.013 0.044 0.008 -0.003 -0.004 -0.010 -0.008 -0.053 -0.093 -0.084 -0.083 -0.079 -0.061 -0.032 0.037 0.067 0.085 0.095 0.078 -0.010 -0.011 0.017 0.017 0.005 -0.039 -0.075 -0.081 -0.071 -0.027 0.045 0.068 0.072 0.040 0.045 -0.074 -0.039 0.043 0.075 0.074 -0.045 -0.048 -0.033 -0.038 -0.045 -0.055 -0.048 -0.051 -0.053 -0.096 -0.072 0.000 0.000 0.000 0.000 0.000 0.000 0.000 0.000 0.000
0.042 0.041 0.053 -0.018 0.022 0.018 -0.022 0.027 0.058 0.073 0.032 0.007 0.003 0.012 -0.061 -0.051 -0.019 0.025 0.013 -0.004 -0.005 -0.013 -0.008 -0.024 -0.076 -0.069 -0.067 -0.071 -0.057 -0.029 0.035 0.065 0.085 0.079 0.002 0.036 0.070 0.074 -0.047 -0.061 -0.049 -0.081 -0.080 -0.067 -0.035 0.045 0.062 0.074 0.074 0.075 0.029 -0.075 0.047 0.066 0.034 -0.023 0.027 0.018 -0.041 -0.039 -0.067 -0.072 -0.073 -0.063 -0.068 -0.061 0.000 0.000 0.000 0.000 0.000 0.000 0.000 0.000 0.000
0.041 0.075 -0.028 -0.023 0.033 -0.028 -0.027 0.025 0.049 0.050 0.060 0.061 0.006 0.004 -0.027 -0.052 -0.024 0.015 0.023 -0.052 -0.010 -0.003 -0.012 0.012 0.016 -0.055 -0.071 -0.066 -0.036 0.023 0.035 0.055 0.069 0.062 0.006 0.067 0.108 -0.051 -0.052 -0.043 -0.051 -0.080 -0.066 -0.061 0.000 0.000 0.047 0.066 0.080 0.087 0.065 -0.074 -0.027 -0.005 0.018 0.034 0.044 0.011 -0.007 -0.016 -0.088 -0.113 -0.094 -0.062 -0.042 0.000 0.000 0.000 0.000 0.000 0.000 0.000 0.000 0.000 0.000
0.029 -0.018 -0.034 0.012 0.038 -0.031 -0.028 0.011 0.033 0.044 0.054 0.064 0.066 0.013 0.012 -0.044 -0.029 0.018 0.022 -0.024 0.006 0.054 0.081 0.029 -0.002 -0.001 -0.055 -0.068 -0.026 0.017 0.029 0.045 0.037 0.003 0.021 0.032 0.044 -0.030 -0.060 -0.043 -0.062 -0.075 -0.076 -0.072 -0.058 -0.038 0.019 0.047 0.069 0.087 0.083 0.040 -0.036 -0.020 0.035 0.044 0.045 -0.000 -0.002 -0.004 -0.064 -0.075 -0.067 -0.051 0.000 0.000 0.000 0.000 0.000 0.000 0.000 0.000 0.000 0.000 0.000
0.024 -0.022 -0.042 -0.014 0.019 -0.020 -0.011 0.011 0.020 0.032 0.043 0.044 0.062 0.071 0.025 -0.020 -0.027 0.023 -0.085 -0.040 -0.015 0.022 0.068 0.000 -0.001 -0.001 -0.005 -0.055 -0.036 -0.026 -0.016 0.028 -0.025 -0.019 0.026 0.031 -0.010 0.010 -0.065 -0.071 -0.079 -0.082 -0.082 -0.080 -0.070 -0.059 -0.033 0.021 0.051 0.078 0.086 0.062 -0.042 -0.023 0.053 0.080 0.000 -0.000 -0.001 -0.002 -0.062 -0.076 -0.063 -0.043 0.000 0.000 0.000 0.000 0.000 0.000 0.000 0.000 0.000 0.000 0.000
0.029 -0.026 -0.063 -0.033 -0.011 0.025 0.035 -0.009 -0.020 0.010 0.031 0.039 0.024 0.060 0.068 0.081 0.042 0.046 0.020 -0.036 -0.036 -0.012 0.027 0.012 -0.004 -0.003 -0.010 -0.125 -0.099 -0.067 -0.050 -0.032 -0.050 -0.012 0.027 -0.011 -0.003 0.003 -0.052 -0.072 -0.076 -0.079 -0.080 -0.081 -0.076 -0.073 -0.056 -0.028 0.046 0.071 0.080 0.071 -0.050 -0.029 0.048 0.067 -0.000 0.000 -0.000 -0.003 -0.050 -0.079 -0.054 0.000 0.000 0.000 0.000 0.000 0.000 0.000 0.000 0.000 0.000 0.000 0.000
0.034 -0.047 -0.051 -0.028 0.013 0.036 0.044 -0.022 -0.036 -0.025 -0.003 0.027 0.026 0.043 0.060 0.054 0.039 0.031 0.057 0.178 -0.045 -0.038 -0.018 0.021 0.033 -0.013 -0.016 -0.040 -0.031 -0.014 0.005 -0.017 -0.020 0.034 -0.010 -0.004 -0.003 -0.001 -0.008 -0.071 -0.073 -0.072 -0.071 -0.072 -0.077 -0.080 -0.071 -0.049 0.033 0.066 0.072 0.067 -0.057 -0.041 -0.013 0.056 0.066 0.005 -0.061 -0.051 -0.052 -0.059 0.000 0.000 0.000 0.000 0.000 0.000 0.000 0.000 0.000 0.000 0.000 0.000 0.000
0.032 -0.031 -0.042 -0.026 0.024 0.043 0.042 -0.029 -0.041 -0.034 -0.018 0.014 -0.007 0.024 0.048 0.045 0.028 0.045 0.040 -0.001 -0.085 -0.041 -0.034 -0.012 0.022 0.035 -0.049 -0.024 -0.018 0.009 -0.028 -0.006 0.028 0.027 -0.007 -0.005 -0.004 -0.003 -0.008 -0.057 -0.047 -0.042 -0.060 -0.061 -0.083 -0.084 -0.074 -0.061 -0.006 0.058 0.057 0.060 -0.042 -0.072 -0.034 0.046 0.085 -0.067 -0.061 -0.028 -0.049 -0.048 0.000 0.000 0.000 0.000 0.000 0.000 0.000 0.000 0.000 0.000 0.000 0.000 0.000
0.049 -0.029 -0.038 -0.020 0.030 0.039 0.027 -0.031 -0.050 -0.043 -0.035 -0.032 -0.008 0.027 0.051 0.050 0.037 0.048 0.029 -0.015 0.025 -0.072 -0.092 -0.043 -0.014 0.024 0.038 -0.020 -0.016 -0.031 -0.025 0.021 0.032 -0.015 -0.006 -0.005 -0.005 -0.005 -0.014 -0.025 0.021 -0.009 -0.010 -0.067 -0.084 -0.082 -0.077 -0.072 -0.031 0.055 0.045 0.023 -0.072 -0.080 -0.048 0.038 0.082 -0.048 -0.057 -0.019 -0.047 0.000 0.000 0.000 0.000 0.000 0.000 0.000 0.000 0.000 0.000 0.000 0.000 0.000 0.000
0.033 0.110 -0.033 -0.020 0.028 0.020 -0.038 -0.038 -0.061 -0.038 0.000 -0.026 -0.003 0.041 0.056 0.030 -0.024 0.027 0.028 -0.028 -0.009 0.029 -0.053 -0.071 -0.021 0.023 0.047 -0.009 -0.007 -0.031 -0.024 0.026 0.020 -0.014 -0.009 -0.006 -0.005 -0.007 -0.012 -0.017 -0.013 -0.007 -0.007 -0.028 -0.081 -0.081 -0.086 -0.075 -0.026 0.045 -0.122 -0.141 -0.087 -0.093 -0.065 0.021 0.063 -0.037 -0.035 -0.027 -0.037 0.000 0.000 0.000 0.000 0.000 0.000 0.000 0.000 0.000 0.000 0.000 0.000 0.000 0.000
0.026 0.096 -0.022 -0.027 -0.003 -0.020 0.018 -0.032 -0.032 -0.016 0.028 0.011 -0.008 0.042 0.059 -0.088 -0.056 -0.020 -0.029 -0.019 0.017 0.035 0.036 -0.028 -0.022 0.022 0.051 -0.007 -0.013 -0.089 -0.065 -0.069 -0.060 -0.034 -0.013 -0.007 -0.006 -0.006 -0.008 -0.009 -0.009 -0.009 -0.010 -0.020 -0.087 -0.134 -0.155 -0.180 -0.123 -0.153 -0.092 -0.080 -0.096 -0.113 -0.093 -0.045 0.010 -0.024 -0.028 -0.036 0.000 0.000 0.000 0.000 0.000 0.000 0.000 0.000 0.000 0.000 0.000 0.000 0.000 0.000 0.000
0.033 0.069 0.030 -0.030 0.000 0.036 -0.038 -0.047 -0.039 -0.017 0.031 0.074 0.050 0.055 0.016 -0.067 -0.058 -0.038 -0.025 0.016 0.032 0.040 0.027 0.019 -0.021 0.022 0.051 -0.008 -0.057 -0.051 -0.063 -0.063 -0.053 -0.034 -0.011 -0.006 -0.005 -0.006 -0.008 -0.010 -0.012 -0.012 -0.013 -0.015 -0.117 -0.257 -0.245 -0.220 -0.198 -0.089 -0.071 -0.071 -0.098 -0.101 -0.089 -0.064 -0.019 0.037 -0.016 -0.051 0.000 0.000 0.000 0.000 0.000 0.000 0.000 0.000 0.000 0.000 0.000 0.000 0.000 0.000 0.000
-0.006 -0.006 -0.001 -0.003 -0.004 -0.004 -0.005 -0.040 -0.035 -0.013 0.035 0.075 0.015 -0.003 -0.025 -0.070 -0.057 -0.034 0.012 0.031 0.035 0.034 0.014 -0.004 -0.021 0.024 0.041 0.020 0.025 -0.018 -0.026 -0.018 0.017 -0.022 -0.006 -0.004 -0.004 -0.006 -0.009 -0.018 -0.031 -0.032 -0.027 -0.019 -0.111 -0.184 -0.181 -0.165 -0.107 -0.084 -0.065 -0.078 -0.094 -0.072 -0.064 -0.065 -0.035 0.071 0.002 0.000 0.000 0.000 0.000 0.000 0.000 0.000 0.000 0.000 0.000 0.000 0.000 0.000 0.000 0.000 0.000
-0.002 -0.003 -0.004 -0.006 -0.005 -0.002 -0.005 -0.028 0.009 0.048 0.076 0.088 0.063 -0.015 -0.024 -0.077 -0.058 -0.033 0.012 0.028 0.034 0.035 0.029 -0.013 -0.021 0.030 0.047 0.041 0.027 -0.030 -0.037 -0.025 -0.013 0.035 -0.015 -0.003 -0.004 -0.005 -0.006 -0.014 -0.026 -0.007 0.026 -0.041 -0.089 -0.104 -0.100 -0.092 -0.087 -0.075 -0.065 -0.081 -0.082 -0.046 -0.037 -0.047 -0.044 0.078 0.000 0.000 0.000 0.000 0.000 0.000 0.000 0.000 0.000 0.000 0.000 0.000 0.000 0.000 0.000 0.000 0.000
-0.001 -0.002 -0.016 -0.010 -0.016 -0.004 -0.003 -0.045 -0.020 0.019 0.037 0.036 0.036 -0.036 -0.054 -0.054 -0.041 -0.020 0.020 0.014 0.020 0.030 0.032 -0.037 -0.017 0.041 0.063 0.057 0.049 -0.024 -0.047 -0.040 -0.028 0.035 0.052 -0.003 -0.003 -0.004 -0.005 -0.005 -0.038 -0.067 -0.056 -0.096 -0.079 -0.084 -0.076 -0.078 -0.094 -0.082 -0.077 -0.077 -0.059 -0.012 0.015 0.028 0.018 -0.014 0.000 0.000 0.000 0.000 0.000 0.000 0.000 0.000 0.000 0.000 0.000 0.000 0.000 0.000 0.000 0.000 0.000
-0.000 -0.001 -0.024 -0.032 0.024 0.030 -0.045 -0.038 -0.013 0.025 0.041 0.055 0.039 -0.042 -0.045 -0.031 -0.028 -0.017 0.032 0.027 -0.018 0.024 0.039 -0.033 -0.017 0.029 0.038 0.036 0.063 0.078 -0.048 -0.041 -0.026 0.033 0.062 -0.008 -0.003 -0.004 -0.005 -0.006 -0.023 -0.136 -0.132 -0.145 -0.057 -0.062 -0.062 -0.091 -0.096 -0.095 -0.083 -0.070 0.000 -0.009 0.033 0.034 0.047 0.000 0.000 0.000 0.000 0.000 0.000 0.000 0.000 0.000 0.000 0.000 0.000 0.000 0.000 0.000 0.000 0.000 0.000
0.000 -0.001 -0.040 -0.049 -0.017 0.017 -0.036 -0.018 0.015 0.039 0.061 0.055 -0.004 -0.044 -0.057 -0.035 -0.040 -0.023 0.034 0.051 0.020 -0.011 0.030 -0.049 -0.028 0.031 0.036 0.029 0.083 0.205 -0.082 -0.064 -0.046 -0.022 0.037 0.061 -0.005 -0.005 -0.006 -0.006 -0.010 -0.131 -0.179 -0.172 -0.181 -0.193 -0.156 -0.118 -0.115 -0.114 -0.086 -0.052 -0.025 0.028 0.035 0.043 0.041 0.000 0.000 0.000 0.000 0.000 0.000 0.000 0.000 0.000 0.000 0.000 0.000 0.000 0.000 0.000 0.000 0.000 0.000
0.000 -0.000 -0.050 -0.057 -0.033 -0.017 -0.001 0.023 0.036 0.053 0.069 -0.001 -0.001 -0.004 -0.054 -0.062 -0.053 -0.024 0.031 0.048 0.047 -0.072 -0.087 -0.056 -0.015 0.032 0.032 0.184 0.253 0.148 -0.202 -0.066 -0.049 -0.030 0.013 0.048 0.055 0.047 -0.007 -0.004 -0.046 -0.067 -0.059 -0.029 0.014 0.007 -0.139 -0.137 -0.141 -0.126 -0.088 -0.066 -0.034 -0.013 -0.029 0.020 0.000 0.000 0.000 0.000 0.000 0.000 0.000 0.000 0.000 0.000 0.000 0.000 0.000 0.000 0.000 0.000 0.000 0.000 0.000
0.000 -0.000 -0.057 -0.060 -0.037 -0.018 0.024 0.041 0.055 0.075 0.017 0.001 -0.001 -0.012 -0.080 -0.061 -0.052 -0.021 0.028 0.036 -0.024 -0.039 -0.027 0.017 0.029 0.021 0.027 -0.013 -0.064 -0.048 -0.135 -0.062 -0.079 -0.051 -0.028 -0.020 0.027 0.038 0.041 -0.044 -0.051 -0.045 -0.028 -0.024 -0.015 0.025 -0.070 -0.148 -0.176 -0.143 -0.083 -0.067 -0.032 0.011 -0.028 -0.009 0.000 0.000 0.000 0.000 0.000 0.000 0.000 0.000 0.000 0.000 0.000 0.000 0.000 0.000 0.000 0.000 0.000 0.000 0.000
0.001 0.000 -0.058 -0.058 -0.034 -0.014 0.027 0.045 0.072 0.046 0.007 0.009 0.014 -0.031 -0.051 -0.192 -0.048 -0.018 0.021 -0.079 -0.111 -0.039 -0.023 0.030 -0.015 -0.023 -0.011 -0.055 -0.038 -0.013 0.014 -0.058 -0.063 -0.038 -0.028 -0.034 -0.017 0.021 0.012 -0.021 -0.030 -0.022 0.014 -0.034 -0.053 -0.060 -0.100 -0.142 -0.179 -0.165 -0.115 -0.114 -0.098 -0.050 -0.038 0.000 0.000 0.000 0.000 0.000 0.000 0.000 0.000 0.000 0.000 0.000 0.000 0.000 0.000 0.000 0.000 0.000 0.000 0.000 0.000
0.001 -0.034 -0.058 -0.037 -0.017 0.010 0.040 0.069 0.066 0.008 0.011 -0.042 -0.049 -0.022 0.023 0.031 -0.125 -0.124 -0.134 -0.038 -0.039 -0.023 0.017 0.014 -0.050 -0.031 -0.026 -0.084 -0.045 -0.003 -0.001 -0.030 -0.036 0.016 -0.008 -0.047 -0.034 0.012 -0.027 -0.066 -0.102 -0.115 -0.086 -0.095 -0.114 -0.090 -0.104 -0.096 -0.071 -0.059 -0.043 -0.054 -0.059 -0.036 0.000 0.000 0.000 0.000 0.000 0.000 0.000 0.000 0.000 0.000 0.000 0.000 0.000 0.000 0.000 0.000 0.000 0.000 0.000 0.000 0.000
-0.029 -0.046 -0.034 0.004 0.024 0.032 0.041 0.071 0.075 -0.001 -0.027 -0.054 0.025 -0.038 -0.012 0.043 0.049 -0.045 -0.040 -0.028 0.005 0.027 -0.091 -0.048 -0.030 -0.095 -0.100 -0.131 -0.371 -0.115 -0.046 -0.073 -0.123 -0.106 -0.150 -0.215 -0.212 -0.165 -0.136 -0.157 -0.182 -0.164 -0.096 -0.081 -0.077 -0.102 -0.120 -0.098 -0.056 -0.058 -0.047 -0.041 -0.035 0.042 0.000 0.000 0.000 0.000 0.000 0.000 0.000 0.000 0.000 0.000 0.000 0.000 0.000 0.000 0.000 0.000 0.000 0.000 0.000 0.000 0.000
-0.027 -0.019 0.019 0.033 0.048 0.043 -0.023 0.040 0.051 -0.029 0.000 -0.056 0.000 -0.037 -0.033 0.050 0.048 0.032 -0.026 -0.017 0.021 0.028 -0.151 -0.058 -0.038 -0.045 0.022 0.033 -0.149 -0.213 -0.122 -0.114 -0.094 -0.091 -0.159 -0.185 -0.179 -0.105 -0.072 -0.083 -0.112 -0.122 -0.116 -0.079 -0.077 -0.107 -0.124 -0.097 -0.071 -0.058 -0.034 -0.015 0.027 0.000 0.000 0.000 0.000 0.000 0.000 0.000 0.000 0.000 0.000 0.000 0.000 0.000 0.000 0.000 0.000 0.000 0.000 0.000 0.000 0.000 0.000
-0.009 0.027 0.041 0.055 0.069 0.034 -0.060 -0.017 0.032 0.033 -0.049 0.000 0.000 -0.045 -0.039 0.050 0.054 0.034 0.021 0.040 0.036 -0.097 -0.153 -0.061 -0.054 -0.026 0.032 0.042 0.049 -0.068 -0.172 -0.151 -0.094 -0.130 -0.147 -0.160 -0.086 -0.060 -0.046 -0.045 -0.094 -0.125 -0.127 -0.073 -0.085 -0.107 -0.106 -0.086 -0.074 -0.052 0.000 0.000 0.036 0.000 0.000 0.000 0.000 0.000 0.000 0.000 0.000 0.000 0.000 0.000 0.000 0.000 0.000 0.000 0.000 0.000 0.000 0.000 0.000 0.000 0.000
0.021 0.044 0.065 0.049 -0.011 -0.084 -0.060 -0.030 0.024 0.039 -0.179 -0.051 -0.057 -0.064 -0.035 0.043 0.049 0.027 0.032 0.047 -0.015 -0.128 -0.070 -0.077 -0.057 -0.021 0.035 0.048 0.052 0.084 0.000 -0.087 -0.136 -0.152 -0.162 -0.117 -0.078 -0.060 -0.047 -0.042 -0.044 -0.033 0.018 -0.054 -0.090 -0.115 -0.102 -0.086 -0.072 -0.040 0.030 0.056 0.000 0.000 0.000 0.000 0.000 0.000 0.000 0.000 0.000 0.000 0.000 0.000 0.000 0.000 0.000 0.000 0.000 0.000 0.000 0.000 0.000 0.000 0.000
0.051 0.067 0.067 -0.008 -0.013 -0.062 -0.063 -0.042 -0.018 0.025 0.029 -0.047 -0.014 -0.059 -0.042 0.031 0.043 0.044 0.048 0.017 -0.158 -0.051 -0.085 -0.069 -0.052 -0.025 0.028 0.045 0.048 0.038 0.072 0.063 -0.092 -0.124 -0.056 -0.077 -0.073 -0.061 -0.046 -0.045 -0.028 0.029 0.028 -0.076 -0.092 -0.110 -0.097 -0.083 -0.064 -0.017 0.047 0.087 0.000 0.000 0.000 0.000 0.000 0.000 0.000 0.000 0.000 0.000 0.000 0.000 0.000 0.000 0.000 0.000 0.000 0.000 0.000 0.000 0.000 0.000 0.000
0.065 0.053 -0.026 -0.020 -0.041 -0.075 -0.073 -0.054 -0.028 0.014 0.029 -0.042 -0.010 -0.049 -0.049 -0.021 0.036 0.047 -0.081 -0.082 -0.128 -0.085 -0.085 -0.060 -0.050 -0.014 0.034 0.046 0.032 0.053 0.072 0.070 0.031 -0.118 -0.125 -0.092 -0.077 -0.066 -0.044 -0.030 0.025 0.042 0.034 -0.095 -0.100 -0.093 -0.085 -0.075 -0.046 0.022 0.054 0.000 0.000 0.000 0.000 0.000 0.000 0.000 0.000 0.000 0.000 0.000 0.000 0.000 0.000 0.000 0.000 0.000 0.000 0.000 0.000 0.000 0.000 0.000 0.000
0.043 -0.098 -0.045 -0.045 -0.048 -0.045 -0.026 0.014 0.019 0.042 0.028 -0.021 -0.018 -0.021 -0.043 -0.053 -0.035 -0.104 -0.070 -0.124 -0.078 -0.089 -0.068 -0.056 0.000 0.000 0.049 0.010 0.055 -0.017 0.024 0.045 0.052 0.005 -0.109 -0.069 -0.061 -0.056 0.000 0.000 0.043 0.039 -0.081 -0.102 -0.098 -0.086 -0.080 -0.066 -0.027 0.040 0.000 0.000 0.000 0.000 0.000 0.000 0.000 0.000 0.000 0.000 0.000 0.000 0.000 0.000 0.000 0.000 0.000 0.000 0.000 0.000 0.000 0.000 0.000 0.000 0.000
-0.108 -0.029 -0.037 -0.046 -0.044 -0.038 -0.017 0.036 0.043 0.048 0.012 -0.014 -0.019 -0.019 -0.036 -0.113 -0.194 -0.191 -0.114 -0.072 -0.081 -0.059 -0.020 -0.037 -0.023 0.041 0.003 0.003 -0.018 -0.035 -0.008 0.048 0.060 -0.081 -0.122 -0.159 -0.064 -0.061 -0.022 0.027 0.028 -0.060 -0.109 -0.101 -0.083 -0.075 -0.071 0.000 0.000 0.041 0.000 0.000 0.000 0.000 0.000 0.000 0.000 0.000 0.000 0.000 0.000 0.000 0.000 0.000 0.000 0.000 0.000 0.000 0.000 0.000 0.000 0.000 0.000 0.000 0.000
-0.149 -0.029 -0.043 -0.043 -0.044 -0.030 0.015 0.041 0.050 0.052 -0.012 -0.014 -0.024 -0.034 -0.045 -0.121 -0.136 -0.103 -0.061 -0.087 -0.074 -0.045 -0.024 -0.012 0.036 0.031 -0.003 -0.024 -0.043 -0.033 0.016 0.053 0.061 -0.066 -0.106 -0.170 -0.065 -0.075 -0.047 -0.007 -0.104 -0.112 -0.120 -0.107 -0.071 -0.061 -0.063 -0.027 0.056 0.000 0.000 0.000 0.000 0.000 0.000 0.000 0.000 0.000 0.000 0.000 0.000 0.000 0.000 0.000 0.000 0.000 0.000 0.000 0.000 0.000 0.000 0.000 0.000 0.000 0.000
-0.040 -0.025 -0.034 -0.052 -0.050 -0.031 0.010 0.034 0.040 0.049 0.043 -0.014 0.016 0.037 -0.018 0.016 -0.061 -0.056 -0.078 -0.080 -0.061 -0.038 -0.016 0.039 0.059 -0.009 -0.032 -0.045 -0.046 -0.032 0.022 0.049 0.058 -0.035 -0.030 0.001 -0.139 -0.173 -0.200 -0.153 -0.102 -0.125 -0.128 -0.114 -0.076 -0.065 0.000 0.000 0.051 0.000 0.000 0.000 0.000 0.000 0.000 0.000 0.000 0.000 0.000 0.000 0.000 0.000 0.000 0.000 0.000 0.000 0.000 0.000 0.000 0.000 0.000 0.000 0.000 0.000 0.000
-0.021 -0.009 -0.046 -0.089 -0.079 -0.067 -0.047 -0.019 0.019 0.039 0.031 0.010 0.031 0.069 0.001 0.003 -0.023 -0.066 -0.076 -0.071 -0.054 -0.031 0.007 0.044 0.049 -0.028 0.009 0.012 -0.054 -0.042 -0.009 0.041 0.055 0.023 -0.027 0.028 0.059 -0.210 -0.193 -0.103 -0.116 -0.123 -0.121 -0.101 -0.064 -0.062 -0.058 -0.024 0.000 0.000 0.000 0.000 0.000 0.000 0.000 0.000 0.000 0.000 0.000 0.000 0.000 0.000 0.000 0.000 0.000 0.000 0.000 0.000 0.000 0.000 0.000 0.000 0.000 0.000 0.000
0.015 0.000 -0.049 -0.078 -0.102 -0.086 -0.051 -0.022 0.020 0.035 0.042 0.039 0.089 0.125 0.019 0.001 0.002 -0.077 -0.068 -0.064 -0.049 -0.023 0.021 0.057 0.037 -0.039 -0.018 0.012 -0.047 -0.049 -0.025 0.028 0.045 0.041 -0.021 0.040 -0.064 -0.118 -0.117 -0.106 -0.116 -0.113 -0.103 -0.075 -0.034 -0.089 -0.086 -0.054 0.000 0.000 0.000 0.000 0.000 0.000 0.000 0.000 0.000 0.000 0.000 0.000 0.000 0.000 0.000 0.000 0.000 0.000 0.000 0.000 0.000 0.000 0.000 0.000 0.000 0.000 0.000
0.018 0.008 -0.052 -0.062 -0.058 -0.034 -0.029 0.007 0.026 0.045 0.050 0.133 0.115 0.150 0.005 0.001 0.000 -0.057 -0.050 -0.050 -0.037 0.025 0.055 0.065 -0.090 -0.046 -0.032 -0.043 -0.108 -0.086 -0.044 -0.021 0.031 0.046 -0.022 0.044 -0.097 -0.106 -0.110 -0.116 -0.117 -0.110 -0.091 -0.059 -0.037 -0.040 -0.035 0.000 0.000 0.000 0.000 0.000 0.000 0.000 0.000 0.000 0.000 0.000 0.000 0.000 0.000 0.000 0.000 0.000 0.000 0.000 0.000 0.000 0.000 0.000 0.000 0.000 0.000 0.000 0.000
