Project1/res/jiangbei-0001.wd
ncols         319
nrows         411
xllcorner     657492.000000
yllcorner     3548067.000000
cellsize      10.000000
NODATA_value  -9999.000000
[rows 68 to 101 of 411, columns 77 to 153 of 319]
0.098 0.063 0.044 0.031 0.017 0.026 0.062 0.107 0.146 0.123 0.012 0.006 0.005 0.003 0.003 0.002 0.001 0.001 0.004 0.010 0.015 0.004 0.002 0.002 0.005 0.018 0.107 0.157 0.192 0.199 0.157 0.102 0.077 0.048 0.011 0.009 0.008 0.006 0.005 0.006 0.007 0.007 0.012 0.017 0.018 0.006 0.002 0.002 0.003 0.007 0.028 0.015 0.017 0.042 0.050 0.003 0.001 0.001 0.002 0.002 0.003 0.004 0.081 0.173 0.175 0.117 0.056 0.011 0.005 0.004 0.003 0.002 0.002 0.002 0.003 0.003 0.003
0.100 0.065 0.025 0.007 0.004 0.008 0.046 0.103 0.156 0.157 0.018 0.006 0.003 0.003 0.002 0.001 0.002 0.003 0.004 0.009 0.008 0.003 0.003 0.003 0.008 0.107 0.164 0.183 0.199 0.206 0.162 0.090 0.040 0.015 0.006 0.005 0.005 0.005 0.005 0.005 0.004 0.007 0.011 0.019 0.018 0.006 0.003 0.002 0.003 0.004 0.013 0.014 0.016 0.011 0.058 0.091 0.003 0.002 0.001 0.001 0.002 0.002 0.005 0.300 0.418 0.340 0.112 0.005 0.004 0.003 0.003 0.002 0.002 0.003 0.002 0.003 0.003
0.161 0.119 0.050 0.008 0.004 0.003 0.009 0.060 0.121 0.125 0.006 0.003 0.003 0.002 0.002 0.001 0.002 0.002 0.003 0.005 0.004 0.004 0.004 0.009 0.148 0.209 0.227 0.234 0.242 0.214 0.159 0.086 0.022 0.009 0.005 0.004 0.003 0.004 0.004 0.004 0.004 0.006 0.010 0.017 0.015 0.007 0.003 0.003 0.002 0.002 0.003 0.017 0.033 0.008 0.005 0.073 0.090 0.004 0.002 0.001 0.001 0.002 0.002 0.007 0.436 0.346 0.006 0.003 0.003 0.003 0.002 0.001 0.002 0.003 0.003 0.003 0.004
0.159 0.122 0.052 0.006 0.003 0.003 0.004 0.014 0.072 0.110 0.003 0.002 0.002 0.001 0.001 0.001 0.002 0.002 0.002 0.003 0.004 0.004 0.011 0.165 0.260 0.276 0.280 0.279 0.259 0.207 0.148 0.080 0.019 0.009 0.005 0.003 0.003 0.003 0.004 0.003 0.004 0.006 0.008 0.012 0.013 0.008 0.008 0.006 0.002 0.002 0.002 0.016 0.120 0.154 0.002 0.002 0.057 0.071 0.003 0.002 0.001 0.001 0.001 0.002 0.027 0.131 0.004 0.003 0.003 0.002 0.003 0.004 0.004 0.003 0.003 0.004 0.099
0.144 0.092 0.009 0.003 0.003 0.002 0.003 0.003 0.005 0.035 0.004 0.003 0.002 0.002 0.002 0.002 0.002 0.001 0.001 0.002 0.005 0.015 0.170 0.278 0.308 0.308 0.307 0.299 0.254 0.195 0.136 0.059 0.014 0.009 0.006 0.004 0.003 0.003 0.004 0.003 0.005 0.007 0.008 0.008 0.010 0.019 0.022 0.021 0.003 0.003 0.003 0.030 0.024 0.090 0.084 0.001 0.003 0.063 0.007 0.002 0.002 0.001 0.001 0.001 0.002 0.012 0.005 0.003 0.002 0.003 0.005 0.005 0.003 0.003 0.004 0.045 0.337
0.109 0.050 0.002 0.002 0.002 0.001 0.002 0.002 0.002 0.022 0.005 0.003 0.003 0.002 0.001 0.002 0.002 0.002 0.002 0.002 0.004 0.151 0.285 0.301 0.304 0.311 0.312 0.301 0.251 0.190 0.137 0.031 0.010 0.008 0.007 0.006 0.007 0.013 0.013 0.010 0.005 0.006 0.005 0.006 0.007 0.013 0.036 0.035 0.009 0.005 0.009 0.111 0.026 0.002 0.005 0.009 0.005 0.074 0.067 0.011 0.003 0.002 0.001 0.001 0.002 0.006 0.004 0.002 0.002 0.003 0.002 0.002 0.003 0.003 0.012 0.313 0.507
0.006 0.051 0.004 0.003 0.003 0.002 0.002 0.003 0.003 0.021 0.010 0.004 0.003 0.003 0.002 0.002 0.002 0.001 0.002 0.002 0.003 0.084 0.298 0.290 0.286 0.303 0.312 0.299 0.251 0.212 0.193 0.064 0.009 0.007 0.007 0.008 0.012 0.012 0.008 0.006 0.004 0.003 0.004 0.005 0.006 0.007 0.018 0.041 0.025 0.020 0.044 0.141 0.014 0.002 0.002 0.004 0.026 0.064 0.042 0.043 0.046 0.031 0.002 0.001 0.001 0.003 0.003 0.002 0.004 0.004 0.002 0.003 0.003 0.005 0.239 0.511 0.424
0.003 0.019 0.030 0.005 0.003 0.002 0.003 0.004 0.006 0.040 0.029 0.006 0.004 0.003 0.003 0.003 0.002 0.001 0.001 0.001 0.002 0.007 0.285 0.278 0.264 0.284 0.306 0.299 0.269 0.267 0.265 0.119 0.008 0.005 0.005 0.004 0.005 0.005 0.005 0.004 0.003 0.003 0.004 0.005 0.005 0.005 0.006 0.009 0.004 0.006 0.006 0.008 0.003 0.002 0.001 0.002 0.003 0.031 0.005 0.002 0.007 0.072 0.026 0.003 0.003 0.002 0.002 0.009 0.005 0.003 0.003 0.003 0.004 0.076 0.368 0.399 0.018
0.003 0.063 0.082 0.053 0.005 0.002 0.003 0.014 0.039 0.028 0.056 0.047 0.032 0.004 0.003 0.003 0.003 0.002 0.002 0.002 0.003 0.004 0.210 0.256 0.242 0.257 0.285 0.301 0.304 0.308 0.273 0.051 0.006 0.005 0.004 0.003 0.004 0.004 0.004 0.003 0.003 0.002 0.003 0.004 0.004 0.004 0.003 0.003 0.004 0.011 0.003 0.002 0.004 0.005 0.003 0.002 0.002 0.003 0.005 0.003 0.002 0.014 0.102 0.063 0.018 0.002 0.006 0.005 0.002 0.003 0.003 0.004 0.006 0.242 0.390 0.146 0.004
0.024 0.084 0.125 0.147 0.116 0.021 0.023 0.021 0.011 0.012 0.018 0.025 0.037 0.007 0.004 0.004 0.003 0.002 0.001 0.002 0.002 0.003 0.008 0.181 0.201 0.215 0.239 0.280 0.307 0.317 0.238 0.010 0.006 0.006 0.005 0.003 0.002 0.002 0.002 0.002 0.002 0.002 0.002 0.003 0.003 0.002 0.002 0.003 0.023 0.043 0.004 0.004 0.006 0.008 0.007 0.007 0.003 0.001 0.002 0.091 0.027 0.001 0.003 0.013 0.011 0.005 0.003 0.003 0.002 0.003 0.004 0.005 0.108 0.283 0.291 0.021 0.010
0.059 0.072 0.117 0.120 0.030 0.006 0.006 0.005 0.004 0.004 0.005 0.010 0.052 0.057 0.005 0.004 0.004 0.003 0.002 0.001 0.002 0.002 0.003 0.117 0.148 0.151 0.178 0.236 0.292 0.302 0.151 0.007 0.007 0.007 0.008 0.009 0.006 0.004 0.004 0.004 0.003 0.003 0.002 0.003 0.003 0.003 0.004 0.068 0.142 0.085 0.006 0.005 0.006 0.008 0.007 0.006 0.010 0.020 0.018 0.062 0.103 0.015 0.002 0.002 0.009 0.004 0.001 0.002 0.004 0.007 0.007 0.052 0.192 0.108 0.016 0.013 0.017
0.029 0.029 0.018 0.007 0.006 0.005 0.005 0.004 0.004 0.003 0.002 0.003 0.042 0.112 0.006 0.004 0.004 0.003 0.002 0.001 0.001 0.001 0.002 0.084 0.091 0.084 0.123 0.193 0.261 0.267 0.053 0.005 0.005 0.006 0.008 0.016 0.045 0.041 0.011 0.006 0.004 0.003 0.002 0.003 0.004 0.005 0.055 0.180 0.198 0.116 0.012 0.005 0.006 0.007 0.006 0.008 0.062 0.139 0.018 0.001 0.024 0.060 0.004 0.003 0.007 0.006 0.003 0.002 0.004 0.005 0.011 0.027 0.003 0.002 0.003 0.007 0.004
0.017 0.024 0.016 0.005 0.005 0.005 0.005 0.004 0.003 0.002 0.002 0.002 0.038 0.150 0.011 0.006 0.005 0.004 0.003 0.001 0.002 0.002 0.004 0.074 0.043 0.019 0.072 0.141 0.218 0.246 0.028 0.003 0.003 0.003 0.003 0.003 0.038 0.067 0.080 0.052 0.012 0.004 0.002 0.004 0.007 0.010 0.013 0.139 0.178 0.129 0.037 0.005 0.004 0.005 0.007 0.057 0.152 0.259 0.162 0.002 0.007 0.014 0.008 0.007 0.002 0.007 0.004 0.002 0.003 0.003 0.006 0.002 0.002 0.002 0.003 0.006 0.005
0.005 0.023 0.025 0.006 0.006 0.006 0.006 0.005 0.004 0.002 0.003 0.004 0.087 0.234 0.111 0.004 0.003 0.004 0.003 0.001 0.003 0.004 0.009 0.023 0.007 0.004 0.026 0.094 0.155 0.191 0.032 0.004 0.003 0.003 0.003 0.003 0.007 0.032 0.073 0.105 0.087 0.050 0.006 0.004 0.004 0.004 0.008 0.091 0.143 0.116 0.053 0.006 0.003 0.006 0.054 0.142 0.232 0.318 0.279 0.027 0.003 0.006 0.005 0.004 0.005 0.007 0.004 0.002 0.002 0.002 0.001 0.001 0.001 0.002 0.003 0.005 0.004
0.004 0.013 0.038 0.007 0.005 0.005 0.007 0.006 0.004 0.002 0.004 0.020 0.144 0.267 0.179 0.004 0.003 0.003 0.003 0.002 0.002 0.003 0.004 0.006 0.006 0.005 0.011 0.078 0.108 0.142 0.020 0.005 0.003 0.003 0.002 0.003 0.005 0.005 0.009 0.049 0.096 0.118 0.022 0.001 0.002 0.003 0.008 0.037 0.103 0.088 0.042 0.007 0.005 0.018 0.071 0.109 0.158 0.198 0.181 0.026 0.005 0.003 0.002 0.002 0.002 0.006 0.005 0.002 0.003 0.004 0.007 0.002 0.001 0.001 0.002 0.004 0.003
0.004 0.011 0.037 0.005 0.004 0.004 0.005 0.005 0.003 0.006 0.010 0.017 0.113 0.215 0.164 0.005 0.003 0.003 0.003 0.002 0.002 0.002 0.003 0.004 0.005 0.004 0.007 0.076 0.099 0.118 0.019 0.003 0.003 0.003 0.003 0.003 0.007 0.005 0.004 0.005 0.065 0.241 0.222 0.036 0.002 0.002 0.011 0.016 0.063 0.057 0.016 0.005 0.002 0.002 0.002 0.002 0.003 0.017 0.045 0.006 0.003 0.002 0.001 0.002 0.001 0.002 0.004 0.005 0.007 0.010 0.019 0.024 0.003 0.002 0.002 0.002 0.002
0.003 0.005 0.029 0.005 0.003 0.003 0.004 0.003 0.004 0.005 0.006 0.006 0.009 0.038 0.025 0.009 0.004 0.004 0.003 0.002 0.001 0.002 0.002 0.003 0.004 0.004 0.005 0.064 0.114 0.124 0.075 0.004 0.003 0.003 0.003 0.003 0.004 0.004 0.003 0.007 0.119 0.279 0.293 0.191 0.092 0.043 0.024 0.016 0.022 0.026 0.016 0.012 0.002 0.001 0.002 0.003 0.003 0.021 0.036 0.007 0.003 0.001 0.003 0.003 0.002 0.002 0.002 0.004 0.001 0.004 0.005 0.021 0.038 0.003 0.002 0.001 0.001
0.002 0.004 0.024 0.004 0.003 0.002 0.003 0.003 0.005 0.006 0.006 0.005 0.007 0.014 0.009 0.007 0.005 0.004 0.004 0.003 0.003 0.002 0.002 0.003 0.003 0.004 0.005 0.045 0.130 0.125 0.093 0.032 0.021 0.015 0.008 0.003 0.002 0.002 0.003 0.009 0.075 0.132 0.122 0.050 0.003 0.028 0.044 0.031 0.019 0.020 0.020 0.025 0.003 0.002 0.002 0.004 0.024 0.048 0.044 0.003 0.001 0.002 0.004 0.005 0.002 0.003 0.002 0.001 0.002 0.003 0.003 0.004 0.048 0.089 0.004 0.002 0.001
0.004 0.004 0.025 0.004 0.002 0.002 0.003 0.005 0.008 0.005 0.005 0.005 0.006 0.014 0.009 0.005 0.007 0.008 0.009 0.009 0.006 0.003 0.002 0.002 0.003 0.003 0.004 0.005 0.013 0.008 0.007 0.007 0.010 0.014 0.017 0.022 0.004 0.003 0.007 0.011 0.009 0.012 0.009 0.004 0.002 0.002 0.003 0.029 0.033 0.035 0.038 0.140 0.221 0.001 0.002 0.021 0.079 0.048 0.004 0.002 0.002 0.002 0.004 0.008 0.003 0.003 0.003 0.002 0.001 0.002 0.003 0.005 0.008 0.038 0.046 0.001 0.002
0.012 0.021 0.028 0.003 0.002 0.003 0.006 0.009 0.012 0.008 0.003 0.003 0.003 0.010 0.013 0.009 0.008 0.008 0.008 0.004 0.004 0.003 0.002 0.002 0.002 0.002 0.003 0.003 0.003 0.005 0.003 0.002 0.001 0.001 0.002 0.031 0.007 0.004 0.005 0.008 0.004 0.009 0.006 0.004 0.003 0.004 0.017 0.027 0.019 0.014 0.042 0.278 0.469 0.241 0.031 0.038 0.044 0.003 0.002 0.001 0.002 0.003 0.006 0.047 0.007 0.007 0.006 0.003 0.002 0.002 0.004 0.006 0.006 0.004 0.024 0.035 0.004
0.005 0.011 0.009 0.003 0.003 0.005 0.008 0.010 0.013 0.014 0.012 0.005 0.004 0.004 0.007 0.012 0.008 0.006 0.003 0.002 0.003 0.002 0.002 0.002 0.001 0.002 0.002 0.002 0.003 0.004 0.002 0.001 0.001 0.001 0.002 0.030 0.004 0.002 0.002 0.002 0.003 0.004 0.005 0.005 0.007 0.012 0.028 0.013 0.002 0.002 0.003 0.235 0.435 0.235 0.047 0.022 0.002 0.002 0.001 0.002 0.003 0.005 0.081 0.205 0.071 0.006 0.003 0.004 0.003 0.003 0.002 0.001 0.003 0.001 0.012 0.026 0.057
0.003 0.006 0.004 0.002 0.003 0.006 0.006 0.009 0.011 0.013 0.016 0.015 0.009 0.007 0.007 0.009 0.008 0.005 0.003 0.003 0.003 0.003 0.003 0.003 0.002 0.001 0.001 0.002 0.002 0.002 0.002 0.001 0.002 0.002 0.004 0.039 0.003 0.002 0.002 0.001 0.002 0.002 0.003 0.004 0.005 0.006 0.011 0.006 0.002 0.001 0.002 0.114 0.314 0.145 0.025 0.016 0.002 0.001 0.002 0.005 0.007 0.011 0.095 0.236 0.109 0.002 0.001 0.003 0.006 0.003 0.003 0.002 0.001 0.003 0.013 0.022 0.044
0.001 0.003 0.003 0.005 0.005 0.006 0.006 0.007 0.009 0.009 0.012 0.014 0.018 0.013 0.010 0.009 0.008 0.006 0.004 0.004 0.004 0.004 0.006 0.005 0.004 0.002 0.002 0.002 0.001 0.001 0.001 0.002 0.004 0.007 0.016 0.037 0.003 0.001 0.001 0.001 0.002 0.002 0.002 0.003 0.003 0.004 0.005 0.006 0.003 0.002 0.003 0.092 0.248 0.138 0.055 0.040 0.004 0.002 0.002 0.003 0.004 0.006 0.075 0.216 0.145 0.002 0.002 0.006 0.009 0.004 0.004 0.003 0.002 0.001 0.003 0.007 0.012
0.002 0.001 0.003 0.008 0.007 0.007 0.007 0.008 0.009 0.008 0.010 0.009 0.013 0.015 0.014 0.012 0.009 0.007 0.006 0.005 0.004 0.005 0.007 0.011 0.006 0.003 0.003 0.003 0.002 0.002 0.002 0.002 0.002 0.003 0.005 0.014 0.009 0.002 0.002 0.002 0.001 0.001 0.002 0.002 0.003 0.003 0.003 0.003 0.003 0.003 0.007 0.176 0.243 0.221 0.173 0.119 0.030 0.003 0.002 0.002 0.003 0.004 0.055 0.186 0.165 0.004 0.026 0.123 0.100 0.051 0.091 0.132 0.004 0.002 0.001 0.002 0.003
0.002 0.002 0.003 0.011 0.009 0.008 0.008 0.009 0.009 0.010 0.010 0.010 0.012 0.012 0.011 0.012 0.011 0.008 0.006 0.004 0.004 0.003 0.006 0.013 0.015 0.006 0.004 0.004 0.004 0.003 0.003 0.002 0.002 0.002 0.003 0.004 0.008 0.004 0.003 0.002 0.002 0.002 0.001 0.002 0.002 0.002 0.002 0.003 0.003 0.006 0.159 0.219 0.234 0.268 0.239 0.174 0.089 0.005 0.002 0.002 0.002 0.004 0.036 0.155 0.160 0.100 0.189 0.268 0.264 0.222 0.245 0.250 0.180 0.007 0.002 0.001 0.002
0.002 0.002 0.004 0.015 0.010 0.009 0.010 0.010 0.010 0.011 0.011 0.012 0.013 0.013 0.013 0.013 0.013 0.009 0.005 0.004 0.004 0.003 0.004 0.012 0.020 0.021 0.022 0.014 0.013 0.010 0.004 0.003 0.002 0.002 0.002 0.002 0.007 0.009 0.004 0.003 0.003 0.002 0.002 0.001 0.002 0.002 0.002 0.003 0.004 0.099 0.233 0.275 0.291 0.293 0.241 0.193 0.131 0.048 0.003 0.002 0.003 0.003 0.018 0.123 0.149 0.183 0.256 0.318 0.300 0.232 0.181 0.144 0.112 0.087 0.014 0.002 0.001
0.003 0.002 0.004 0.018 0.011 0.010 0.011 0.011 0.011 0.012 0.013 0.014 0.015 0.016 0.015 0.014 0.013 0.009 0.006 0.004 0.004 0.003 0.003 0.016 0.025 0.020 0.016 0.018 0.015 0.015 0.015 0.005 0.003 0.002 0.002 0.003 0.006 0.008 0.011 0.005 0.003 0.003 0.002 0.002 0.001 0.001 0.002 0.003 0.011 0.167 0.246 0.324 0.332 0.284 0.222 0.172 0.140 0.089 0.006 0.002 0.002 0.003 0.007 0.103 0.146 0.209 0.268 0.287 0.236 0.155 0.097 0.074 0.088 0.098 0.121 0.127 0.021
0.003 0.002 0.004 0.021 0.013 0.012 0.012 0.013 0.014 0.015 0.016 0.017 0.018 0.017 0.016 0.015 0.013 0.010 0.007 0.005 0.005 0.004 0.006 0.020 0.022 0.013 0.006 0.007 0.008 0.012 0.022 0.006 0.004 0.002 0.003 0.004 0.007 0.010 0.015 0.021 0.007 0.003 0.003 0.002 0.001 0.001 0.002 0.004 0.116 0.201 0.281 0.324 0.309 0.263 0.207 0.147 0.108 0.086 0.050 0.004 0.002 0.004 0.016 0.097 0.162 0.224 0.232 0.198 0.137 0.074 0.052 0.074 0.119 0.148 0.180 0.258 0.255
0.005 0.003 0.006 0.033 0.022 0.018 0.018 0.018 0.018 0.019 0.019 0.018 0.018 0.017 0.015 0.014 0.014 0.014 0.012 0.009 0.007 0.006 0.007 0.013 0.012 0.008 0.003 0.004 0.005 0.009 0.022 0.013 0.003 0.003 0.005 0.010 0.011 0.015 0.019 0.025 0.032 0.006 0.003 0.002 0.001 0.002 0.003 0.064 0.170 0.245 0.293 0.284 0.258 0.226 0.182 0.131 0.075 0.048 0.036 0.013 0.002 0.005 0.045 0.110 0.169 0.192 0.152 0.100 0.046 0.019 0.039 0.089 0.141 0.190 0.224 0.251 0.217
0.160 0.094 0.084 0.104 0.100 0.094 0.076 0.053 0.034 0.024 0.021 0.018 0.017 0.016 0.015 0.015 0.016 0.016 0.012 0.007 0.007 0.006 0.006 0.008 0.008 0.009 0.004 0.003 0.004 0.006 0.019 0.022 0.003 0.014 0.016 0.003 0.003 0.005 0.013 0.024 0.029 0.023 0.020 0.002 0.002 0.003 0.052 0.128 0.211 0.285 0.265 0.230 0.204 0.174 0.140 0.102 0.053 0.012 0.009 0.010 0.009 0.017 0.064 0.117 0.138 0.110 0.022 0.008 0.004 0.009 0.040 0.089 0.143 0.194 0.226 0.213 0.167
0.260 0.233 0.201 0.201 0.192 0.171 0.146 0.121 0.095 0.070 0.046 0.029 0.022 0.018 0.017 0.016 0.015 0.011 0.004 0.003 0.004 0.005 0.006 0.007 0.009 0.010 0.005 0.001 0.003 0.005 0.018 0.049 0.041 0.028 0.003 0.002 0.003 0.003 0.009 0.011 0.023 0.023 0.023 0.017 0.015 0.027 0.077 0.157 0.255 0.327 0.259 0.184 0.151 0.120 0.088 0.055 0.021 0.007 0.005 0.006 0.012 0.032 0.075 0.094 0.074 0.029 0.004 0.001 0.005 0.010 0.040 0.083 0.132 0.177 0.209 0.201 0.165
0.272 0.254 0.213 0.205 0.218 0.212 0.200 0.190 0.167 0.146 0.124 0.099 0.074 0.049 0.030 0.021 0.017 0.010 0.004 0.004 0.005 0.007 0.007 0.007 0.009 0.009 0.005 0.002 0.003 0.005 0.026 0.108 0.032 0.003 0.002 0.002 0.003 0.006 0.012 0.007 0.006 0.015 0.020 0.044 0.040 0.030 0.084 0.218 0.311 0.377 0.307 0.157 0.098 0.067 0.034 0.010 0.007 0.006 0.004 0.007 0.018 0.038 0.057 0.034 0.008 0.005 0.004 0.006 0.007 0.009 0.029 0.071 0.114 0.151 0.188 0.193 0.167
0.262 0.218 0.126 0.117 0.155 0.173 0.174 0.175 0.174 0.166 0.163 0.151 0.134 0.120 0.100 0.079 0.061 0.016 0.005 0.005 0.008 0.008 0.008 0.007 0.007 0.007 0.004 0.003 0.002 0.004 0.028 0.138 0.002 0.002 0.001 0.002 0.004 0.016 0.012 0.003 0.003 0.008 0.033 0.082 0.034 0.034 0.165 0.359 0.408 0.433 0.367 0.162 0.054 0.014 0.007 0.006 0.005 0.005 0.005 0.012 0.025 0.033 0.023 0.007 0.005 0.005 0.006 0.008 0.007 0.007 0.013 0.053 0.091 0.127 0.160 0.180 0.170
0.241 0.141 0.012 0.011 0.059 0.095 0.110 0.112 0.113 0.113 0.112 0.112 0.112 0.110 0.110 0.104 0.097 0.090 0.015 0.012 0.013 0.011 0.009 0.007 0.007 0.006 0.004 0.003 0.002 0.003 0.014 0.183 0.019 0.002 0.001 0.003 0.005 0.011 0.002 0.001 0.002 0.006 0.035 0.027 0.018 0.062 0.306 0.523 0.553 0.519 0.433 0.222 0.026 0.005 0.005 0.004 0.004 0.004 0.008 0.018 0.026 0.019 0.008 0.005 0.005 0.005 0.007 0.007 0.005 0.004 0.006 0.033 0.070 0.102 0.136 0.164 0.166
