Project1/res/jiangbei-0004.wd
ncols         319
nrows         411
xllcorner     657492.000000
yllcorner     3548067.000000
cellsize      10.000000
NODATA_value  -9999.000000
[rows 238 to 271 of 411, columns 0 to 76 of 319]
0.000 0.000 0.000 0.000 0.000 0.000 0.000 0.000 0.000 0.000 0.000 0.000 0.000 0.000 0.000 0.000 0.000 0.000 0.000 0.000 0.000 0.000 0.000 0.000 0.000 0.000 0.000 0.000 0.001 0.001 0.001 0.001 0.001 0.001 0.001 0.001 0.005 0.009 0.059 0.122 0.135 0.211 0.236 0.252 0.207 0.107 0.001 0.001 0.001 0.004 0.018 0.055 0.065 0.036 0.007 0.007 0.104 0.231 0.230 0.165 0.001 0.001 0.001 0.028 0.001 0.001 0.001 0.115 0.001 0.001 0.001 0.001 0.049 0.058 0.029 0.006 0.013
0.000 0.000 0.000 0.000 0.000 0.000 0.000 0.000 0.000 0.000 0.000 0.000 0.000 0.000 0.000 0.000 0.000 0.000 0.000 0.000 0.000 0.000 0.000 0.000 0.000 0.000 0.000 0.000 0.001 0.001 0.001 0.001 0.001 0.001 0.001 0.001 0.003 0.012 0.083 0.150 0.180 0.187 0.217 0.237 0.163 0.007 0.001 0.001 0.001 0.001 0.001 0.001 0.001 0.001 0.004 0.054 0.124 0.179 0.256 0.135 0.001 0.001 0.001 0.001 0.001 0.001 0.001 0.179 0.172 0.040 0.001 0.001 0.050 0.080 0.057 0.027 0.022
0.000 0.000 0.000 0.000 0.000 0.000 0.000 0.000 0.000 0.000 0.000 0.000 0.000 0.000 0.000 0.000 0.000 0.000 0.000 0.000 0.000 0.000 0.000 0.000 0.000 0.000 0.000 0.000 0.001 0.001 0.057 0.001 0.001 0.001 0.001 0.001 0.002 0.027 0.096 0.155 0.168 0.163 0.193 0.212 0.126 0.001 0.001 0.001 0.001 0.001 0.001 0.001 0.001 0.001 0.001 0.131 0.266 0.250 0.364 0.267 0.001 0.001 0.001 0.001 0.001 0.001 0.001 0.204 0.275 0.108 0.001 0.001 0.001 0.052 0.056 0.043 0.036
0.000 0.000 0.000 0.000 0.000 0.000 0.000 0.000 0.000 0.000 0.000 0.000 0.000 0.000 0.000 0.000 0.000 0.000 0.000 0.000 0.000 0.000 0.000 0.000 0.000 0.000 0.000 0.000 0.001 0.001 0.098 0.012 0.001 0.001 0.001 0.001 0.001 0.039 0.109 0.158 0.156 0.141 0.167 0.187 0.097 0.001 0.001 0.001 0.001 0.001 0.001 0.001 0.001 0.001 0.001 0.098 0.229 0.241 0.286 0.261 0.001 0.001 0.001 0.001 0.001 0.001 0.001 0.139 0.293 0.221 0.001 0.001 0.001 0.008 0.023 0.024 0.009
0.000 0.000 0.000 0.000 0.000 0.000 0.000 0.000 0.000 0.000 0.000 0.000 0.000 0.000 0.000 0.000 0.000 0.000 0.000 0.000 0.000 0.000 0.000 0.000 0.000 0.000 0.000 0.000 0.001 0.001 0.128 0.063 0.001 0.001 0.001 0.001 0.001 0.047 0.119 0.155 0.142 0.121 0.138 0.161 0.070 0.001 0.001 0.001 0.001 0.001 0.001 0.001 0.006 0.015 0.041 0.074 0.115 0.132 0.138 0.124 0.001 0.001 0.001 0.001 0.001 0.001 0.001 0.001 0.197 0.292 0.190 0.001 0.001 0.001 0.001 0.001 0.001
0.000 0.000 0.000 0.000 0.000 0.000 0.000 0.000 0.000 0.000 0.000 0.000 0.000 0.000 0.000 0.000 0.000 0.000 0.000 0.000 0.000 0.000 0.000 0.000 0.000 0.000 0.000 0.000 0.001 0.001 0.125 0.094 0.035 0.001 0.001 0.001 0.001 0.050 0.125 0.149 0.129 0.103 0.114 0.139 0.059 0.001 0.001 0.001 0.001 0.001 0.001 0.052 0.080 0.076 0.078 0.071 0.069 0.087 0.115 0.089 0.001 0.001 0.001 0.001 0.001 0.075 0.001 0.001 0.001 0.238 0.295 0.001 0.001 0.000 0.001 0.001 0.001
0.000 0.000 0.000 0.000 0.000 0.000 0.000 0.000 0.000 0.000 0.000 0.000 0.000 0.000 0.000 0.000 0.000 0.000 0.000 0.000 0.000 0.000 0.000 0.000 0.000 0.000 0.000 0.000 0.001 0.001 0.093 0.111 0.059 0.007 0.001 0.001 0.001 0.052 0.116 0.117 0.088 0.077 0.101 0.107 0.027 0.001 0.001 0.001 0.001 0.001 0.001 0.010 0.064 0.064 0.036 0.025 0.045 0.080 0.113 0.103 0.001 0.001 0.001 0.001 0.001 0.119 0.000 0.001 0.001 0.062 0.188 0.001 0.001 0.000 0.001 0.001 0.001
0.000 0.000 0.000 0.000 0.000 0.000 0.000 0.000 0.000 0.000 0.000 0.000 0.000 0.000 0.000 0.000 0.000 0.000 0.000 0.000 0.000 0.000 0.000 0.000 0.000 0.000 0.000 0.000 0.001 0.001 0.001 0.074 0.053 0.023 0.001 0.001 0.001 0.055 0.071 0.033 0.027 0.057 0.098 0.073 0.001 0.001 0.001 0.001 0.001 0.001 0.001 0.003 0.021 0.001 0.001 0.002 0.042 0.084 0.110 0.108 0.001 0.001 0.001 0.001 0.001 0.103 0.001 0.001 0.001 0.001 0.001 0.001 0.001 0.001 0.001 0.001 0.026
0.000 0.000 0.000 0.000 0.000 0.000 0.000 0.000 0.000 0.000 0.000 0.000 0.000 0.000 0.000 0.000 0.000 0.000 0.000 0.000 0.000 0.000 0.000 0.000 0.000 0.000 0.000 0.000 0.001 0.001 0.001 0.001 0.008 0.006 0.001 0.001 0.014 0.051 0.018 0.001 0.009 0.059 0.102 0.074 0.001 0.001 0.001 0.001 0.000 0.001 0.001 0.018 0.010 0.001 0.001 0.003 0.052 0.092 0.114 0.121 0.001 0.001 0.001 0.001 0.001 0.004 0.137 0.001 0.001 0.001 0.001 0.001 0.001 0.001 0.001 0.001 0.001
0.000 0.000 0.000 0.000 0.000 0.000 0.000 0.000 0.000 0.000 0.000 0.000 0.000 0.000 0.000 0.000 0.000 0.000 0.000 0.000 0.000 0.000 0.000 0.000 0.000 0.000 0.000 0.000 0.001 0.001 0.001 0.001 0.001 0.005 0.004 0.043 0.065 0.046 0.003 0.001 0.021 0.066 0.108 0.100 0.002 0.001 0.001 0.001 0.001 0.001 0.032 0.040 0.005 0.001 0.001 0.014 0.058 0.095 0.120 0.137 0.064 0.001 0.001 0.001 0.001 0.001 0.224 0.205 0.001 0.001 0.001 0.001 0.001 0.023 0.219 0.007 0.073
0.000 0.000 0.000 0.000 0.000 0.000 0.000 0.000 0.000 0.000 0.000 0.000 0.000 0.000 0.000 0.000 0.000 0.000 0.000 0.000 0.000 0.000 0.000 0.000 0.000 0.000 0.000 0.000 0.001 0.001 0.001 0.001 0.001 0.001 0.005 0.093 0.085 0.041 0.005 0.008 0.038 0.073 0.109 0.124 0.075 0.023 0.003 0.001 0.001 0.016 0.072 0.046 0.003 0.001 0.003 0.031 0.064 0.098 0.124 0.144 0.160 0.006 0.001 0.001 0.001 0.001 0.025 0.313 0.159 0.001 0.001 0.001 0.001 0.001 0.132 0.016 0.089
0.000 0.000 0.000 0.000 0.000 0.000 0.000 0.000 0.000 0.000 0.000 0.000 0.000 0.000 0.000 0.000 0.000 0.000 0.000 0.000 0.000 0.000 0.000 0.000 0.000 0.000 0.000 0.000 0.000 0.001 0.001 0.001 0.001 0.001 0.001 0.077 0.079 0.036 0.013 0.031 0.059 0.089 0.120 0.143 0.129 0.089 0.055 0.012 0.001 0.011 0.057 0.036 0.004 0.004 0.026 0.054 0.081 0.109 0.131 0.150 0.169 0.168 0.001 0.001 0.001 0.001 0.001 0.134 0.299 0.120 0.001 0.001 0.001 0.001 0.001 0.001 0.001
0.000 0.000 0.000 0.000 0.000 0.000 0.000 0.000 0.000 0.000 0.000 0.000 0.000 0.000 0.000 0.000 0.000 0.000 0.000 0.000 0.000 0.000 0.000 0.000 0.000 0.000 0.000 0.000 0.000 0.005 0.001 0.001 0.001 0.001 0.001 0.040 0.066 0.035 0.029 0.055 0.082 0.110 0.138 0.157 0.150 0.114 0.074 0.035 0.002 0.001 0.014 0.011 0.010 0.025 0.051 0.076 0.101 0.123 0.140 0.156 0.169 0.189 0.156 0.001 0.001 0.001 0.001 0.001 0.082 0.103 0.004 0.001 0.001 0.001 0.001 0.001 0.040
0.000 0.000 0.000 0.000 0.000 0.000 0.000 0.000 0.000 0.000 0.000 0.000 0.000 0.000 0.000 0.000 0.000 0.000 0.000 0.000 0.000 0.000 0.000 0.000 0.000 0.000 0.000 0.000 0.000 0.001 0.001 0.001 0.001 0.001 0.001 0.001 0.051 0.039 0.047 0.074 0.100 0.125 0.150 0.171 0.167 0.133 0.095 0.055 0.018 0.001 0.002 0.005 0.021 0.044 0.070 0.094 0.117 0.140 0.158 0.163 0.163 0.172 0.153 0.001 0.001 0.001 0.001 0.001 0.001 0.001 0.012 0.004 0.001 0.001 0.025 0.098 0.179
0.000 0.000 0.000 0.000 0.000 0.000 0.000 0.000 0.000 0.000 0.000 0.000 0.000 0.000 0.000 0.000 0.000 0.000 0.000 0.000 0.000 0.000 0.000 0.000 0.000 0.000 0.000 0.000 0.000 0.001 0.001 0.001 0.001 0.001 0.001 0.001 0.030 0.048 0.066 0.090 0.113 0.134 0.160 0.183 0.185 0.157 0.117 0.080 0.043 0.013 0.013 0.024 0.041 0.061 0.085 0.107 0.128 0.151 0.168 0.168 0.156 0.155 0.092 0.001 0.001 0.001 0.001 0.001 0.001 0.000 0.001 0.054 0.071 0.130 0.164 0.218 0.278
0.000 0.000 0.000 0.000 0.000 0.000 0.000 0.000 0.000 0.000 0.000 0.000 0.000 0.000 0.000 0.000 0.000 0.000 0.000 0.000 0.000 0.000 0.000 0.000 0.000 0.000 0.000 0.000 0.000 0.001 0.001 0.001 0.001 0.001 0.001 0.001 0.014 0.062 0.079 0.100 0.122 0.143 0.165 0.185 0.199 0.193 0.154 0.112 0.073 0.039 0.032 0.041 0.055 0.073 0.094 0.116 0.133 0.145 0.149 0.142 0.136 0.130 0.001 0.001 0.001 0.001 0.001 0.001 0.001 0.001 0.001 0.001 0.104 0.207 0.180 0.197 0.200
0.000 0.000 0.000 0.000 0.000 0.000 0.000 0.000 0.000 0.000 0.000 0.000 0.000 0.000 0.000 0.000 0.000 0.000 0.000 0.000 0.000 0.000 0.000 0.000 0.000 0.000 0.000 0.000 0.000 0.001 0.001 0.001 0.001 0.001 0.001 0.001 0.041 0.073 0.086 0.105 0.126 0.145 0.160 0.177 0.198 0.216 0.202 0.162 0.112 0.069 0.052 0.057 0.065 0.079 0.099 0.118 0.130 0.128 0.118 0.107 0.101 0.068 0.001 0.001 0.001 0.001 0.001 0.001 0.001 0.001 0.001 0.001 0.107 0.203 0.149 0.112 0.016
0.000 0.000 0.000 0.000 0.000 0.000 0.000 0.000 0.000 0.000 0.000 0.000 0.000 0.000 0.000 0.000 0.000 0.000 0.000 0.000 0.000 0.000 0.000 0.000 0.000 0.000 0.000 0.000 0.000 0.026 0.001 0.001 0.001 0.001 0.001 0.001 0.065 0.081 0.093 0.107 0.122 0.137 0.149 0.168 0.189 0.213 0.228 0.220 0.177 0.118 0.074 0.067 0.074 0.083 0.096 0.111 0.120 0.115 0.102 0.089 0.078 0.035 0.001 0.001 0.001 0.001 0.001 0.001 0.001 0.001 0.001 0.001 0.003 0.213 0.221 0.089 0.001
0.000 0.000 0.000 0.000 0.000 0.000 0.000 0.000 0.000 0.000 0.000 0.000 0.000 0.000 0.000 0.000 0.000 0.000 0.000 0.000 0.000 0.000 0.000 0.000 0.000 0.000 0.000 0.000 0.000 0.001 0.001 0.001 0.001 0.001 0.001 0.001 0.048 0.074 0.085 0.089 0.102 0.121 0.136 0.158 0.181 0.203 0.226 0.245 0.233 0.181 0.114 0.069 0.064 0.068 0.074 0.091 0.106 0.105 0.096 0.086 0.074 0.057 0.001 0.001 0.001 0.001 0.001 0.000 0.001 0.001 0.001 0.001 0.001 0.126 0.229 0.099 0.001
0.000 0.000 0.000 0.000 0.000 0.000 0.000 0.000 0.000 0.000 0.000 0.000 0.000 0.000 0.000 0.000 0.000 0.000 0.000 0.000 0.000 0.000 0.000 0.000 0.000 0.000 0.000 0.000 0.000 0.001 0.001 0.001 0.001 0.001 0.001 0.001 0.009 0.051 0.062 0.053 0.067 0.094 0.120 0.142 0.162 0.185 0.205 0.224 0.211 0.170 0.110 0.052 0.033 0.031 0.036 0.054 0.078 0.096 0.096 0.087 0.072 0.056 0.001 0.001 0.001 0.001 0.001 0.001 0.001 0.001 0.001 0.001 0.001 0.001 0.053 0.149 0.005
0.000 0.000 0.000 0.000 0.000 0.000 0.000 0.000 0.000 0.000 0.000 0.000 0.000 0.000 0.000 0.000 0.000 0.000 0.000 0.000 0.000 0.000 0.000 0.000 0.000 0.000 0.000 0.000 0.000 0.001 0.001 0.001 0.001 0.001 0.001 0.001 0.001 0.032 0.059 0.040 0.043 0.069 0.104 0.129 0.140 0.153 0.150 0.144 0.112 0.067 0.007 0.001 0.001 0.001 0.001 0.011 0.036 0.066 0.089 0.092 0.082 0.080 0.094 0.048 0.001 0.001 0.001 0.001 0.001 0.001 0.001 0.001 0.001 0.001 0.001 0.033 0.001
0.000 0.000 0.000 0.000 0.000 0.000 0.000 0.000 0.000 0.000 0.000 0.000 0.000 0.000 0.000 0.000 0.000 0.000 0.000 0.000 0.000 0.000 0.000 0.000 0.000 0.000 0.000 0.000 0.000 0.000 0.001 0.001 0.001 0.001 0.001 0.001 0.001 0.017 0.077 0.083 0.069 0.070 0.090 0.127 0.122 0.083 0.046 0.015 0.001 0.001 0.001 0.001 0.001 0.001 0.001 0.001 0.001 0.029 0.068 0.103 0.130 0.151 0.192 0.234 0.210 0.001 0.001 0.001 0.001 0.001 0.001 0.001 0.001 0.001 0.001 0.001 0.001
0.000 0.000 0.000 0.000 0.000 0.000 0.000 0.000 0.000 0.000 0.000 0.000 0.000 0.000 0.000 0.000 0.000 0.000 0.000 0.000 0.000 0.000 0.000 0.000 0.000 0.000 0.000 0.000 0.000 0.000 0.001 0.001 0.000 0.001 0.001 0.001 0.001 0.006 0.092 0.118 0.086 0.068 0.084 0.117 0.083 0.001 0.001 0.001 0.001 0.001 0.001 0.001 0.001 0.001 0.001 0.001 0.001 0.001 0.039 0.089 0.133 0.162 0.194 0.243 0.295 0.003 0.001 0.001 0.001 0.001 0.014 0.024 0.002 0.016 0.013 0.001 0.001
0.000 0.000 0.000 0.000 0.000 0.000 0.000 0.000 0.000 0.000 0.000 0.000 0.000 0.000 0.000 0.000 0.000 0.000 0.000 0.000 0.000 0.000 0.000 0.000 0.000 0.000 0.000 0.000 0.000 0.000 0.001 0.001 0.001 0.001 0.001 0.001 0.001 0.014 0.083 0.062 0.028 0.039 0.077 0.095 0.016 0.001 0.001 0.001 0.001 0.001 0.001 0.001 0.001 0.001 0.001 0.001 0.001 0.001 0.001 0.038 0.083 0.120 0.112 0.143 0.215 0.214 0.001 0.001 0.001 0.001 0.005 0.057 0.059 0.001 0.001 0.001 0.001
0.000 0.000 0.000 0.000 0.000 0.000 0.000 0.000 0.000 0.000 0.000 0.000 0.000 0.000 0.000 0.000 0.000 0.000 0.000 0.000 0.000 0.000 0.000 0.000 0.000 0.000 0.000 0.000 0.000 0.000 0.001 0.001 0.001 0.001 0.001 0.001 0.001 0.044 0.044 0.002 0.001 0.034 0.087 0.092 0.001 0.001 0.001 0.001 0.001 0.001 0.001 0.001 0.001 0.001 0.001 0.001 0.001 0.001 0.001 0.001 0.027 0.074 0.080 0.038 0.070 0.137 0.001 0.001 0.001 0.001 0.001 0.052 0.001 0.001 0.001 0.001 0.001
0.000 0.000 0.000 0.000 0.000 0.000 0.000 0.000 0.000 0.000 0.000 0.000 0.000 0.000 0.000 0.000 0.000 0.000 0.000 0.000 0.000 0.000 0.000 0.000 0.000 0.000 0.000 0.000 0.000 0.000 0.001 0.001 0.001 0.001 0.001 0.001 0.055 0.070 0.028 0.001 0.005 0.046 0.093 0.111 0.039 0.001 0.001 0.001 0.001 0.001 0.001 0.001 0.001 0.001 0.001 0.001 0.001 0.001 0.001 0.001 0.001 0.018 0.054 0.012 0.001 0.001 0.001 0.001 0.001 0.001 0.001 0.001 0.001 0.001 0.007 0.004 0.003
0.000 0.000 0.000 0.000 0.000 0.000 0.000 0.000 0.000 0.000 0.000 0.000 0.000 0.000 0.000 0.000 0.000 0.000 0.000 0.000 0.000 0.000 0.000 0.000 0.000 0.000 0.000 0.000 0.000 0.000 0.001 0.001 0.001 0.001 0.001 0.001 0.091 0.071 0.024 0.004 0.025 0.059 0.097 0.123 0.067 0.001 0.001 0.001 0.001 0.001 0.001 0.001 0.001 0.001 0.001 0.001 0.001 0.001 0.001 0.001 0.001 0.001 0.009 0.008 0.001 0.001 0.001 0.001 0.001 0.014 0.001 0.001 0.001 0.002 0.039 0.001 0.001
0.000 0.000 0.000 0.000 0.000 0.000 0.000 0.000 0.000 0.000 0.000 0.000 0.000 0.000 0.000 0.000 0.000 0.000 0.000 0.000 0.000 0.000 0.000 0.000 0.000 0.000 0.000 0.000 0.000 0.000 0.001 0.001 0.001 0.001 0.001 0.001 0.066 0.063 0.024 0.022 0.048 0.077 0.109 0.134 0.071 0.001 0.001 0.001 0.001 0.001 0.001 0.001 0.001 0.001 0.001 0.001 0.001 0.001 0.001 0.001 0.001 0.001 0.001 0.004 0.001 0.001 0.001 0.001 0.001 0.001 0.001 0.001 0.001 0.001 0.025 0.001 0.001
0.000 0.000 0.000 0.000 0.000 0.000 0.000 0.000 0.000 0.000 0.000 0.000 0.000 0.000 0.000 0.000 0.000 0.000 0.000 0.000 0.000 0.000 0.000 0.000 0.000 0.000 0.000 0.000 0.000 0.000 0.001 0.001 0.001 0.001 0.001 0.001 0.017 0.054 0.027 0.045 0.072 0.101 0.129 0.153 0.097 0.001 0.001 0.001 0.001 0.001 0.001 0.001 0.001 0.001 0.001 0.001 0.001 0.001 0.001 0.001 0.001 0.001 0.002 0.002 0.001 0.001 0.001 0.001 0.001 0.001 0.001 0.001 0.001 0.001 0.002 0.001 0.001
0.000 0.000 0.000 0.000 0.000 0.000 0.000 0.000 0.000 0.000 0.000 0.000 0.000 0.000 0.000 0.000 0.000 0.000 0.000 0.000 0.000 0.000 0.000 0.000 0.000 0.000 0.000 0.000 0.000 0.000 0.001 0.001 0.001 0.001 0.001 0.001 0.001 0.043 0.039 0.065 0.092 0.118 0.143 0.167 0.131 0.001 0.001 0.001 0.001 0.001 0.001 0.001 0.001 0.001 0.001 0.001 0.001 0.001 0.001 0.001 0.001 0.001 0.002 0.001 0.001 0.001 0.001 0.001 0.000 0.001 0.001 0.001 0.001 0.002 0.001 0.001 0.001
0.000 0.000 0.000 0.000 0.000 0.000 0.000 0.000 0.000 0.000 0.000 0.000 0.000 0.000 0.000 0.000 0.000 0.000 0.000 0.000 0.000 0.000 0.000 0.000 0.000 0.000 0.000 0.000 0.000 0.000 0.001 0.001 0.001 0.001 0.001 0.001 0.001 0.034 0.058 0.082 0.107 0.130 0.153 0.180 0.158 0.001 0.001 0.001 0.001 0.001 0.001 0.001 0.001 0.001 0.001 0.001 0.001 0.001 0.001 0.001 0.001 0.001 0.002 0.001 0.001 0.001 0.001 0.001 0.001 0.001 0.001 0.001 0.004 0.003 0.001 0.000 0.001
0.000 0.000 0.000 0.000 0.000 0.000 0.000 0.000 0.000 0.000 0.000 0.000 0.000 0.000 0.000 0.000 0.000 0.000 0.000 0.000 0.000 0.000 0.000 0.000 0.000 0.000 0.000 0.000 0.000 0.000 0.000 0.001 0.001 0.001 0.001 0.001 0.001 0.044 0.075 0.095 0.116 0.138 0.162 0.183 0.157 0.001 0.001 0.001 0.001 0.001 0.001 0.001 0.001 0.001 0.001 0.001 0.001 0.001 0.001 0.001 0.001 0.001 0.001 0.001 0.001 0.001 0.001 0.001 0.001 0.054 0.085 0.114 0.003 0.001 0.001 0.001 0.001
0.000 0.000 0.000 0.000 0.000 0.000 0.000 0.000 0.000 0.000 0.000 0.000 0.000 0.000 0.000 0.000 0.000 0.000 0.000 0.000 0.000 0.000 0.000 0.000 0.000 0.000 0.000 0.000 0.000 0.000 0.000 0.001 0.001 0.001 0.001 0.001 0.001 0.073 0.084 0.101 0.122 0.144 0.163 0.170 0.123 0.001 0.001 0.001 0.001 0.001 0.001 0.000 0.001 0.001 0.001 0.001 0.001 0.001 0.001 0.001 0.001 0.002 0.001 0.001 0.001 0.001 0.000 0.001 0.001 0.105 0.147 0.054 0.001 0.001 0.001 0.001 0.001
0.000 0.000 0.000 0.000 0.000 0.000 0.000 0.000 0.000 0.000 0.000 0.000 0.000 0.000 0.000 0.000 0.000 0.000 0.000 0.000 0.000 0.000 0.000 0.000 0.000 0.000 0.000 0.000 0.000 0.000 0.000 0.001 0.001 0.001 0.001 0.001 0.032 0.082 0.095 0.107 0.123 0.139 0.152 0.140 0.066 0.001 0.001 0.001 0.001 0.001 0.001 0.001 0.001 0.001 0.016 0.001 0.001 0.001 0.001 0.001 0.003 0.003 0.001 0.001 0.001 0.001 0.001 0.001 0.001 0.009 0.001 0.001 0.001 0.001 0.001 0.001 0.001
