Project1/res/jiangbei-0001.Vy
ncols         319
nrows         412
xllcorner     657492.000000
yllcorner     3548062.000000
cellsize      10.000000
NODATA_value  -9999.000000
[rows 198 to 230 of 412, columns 0 to 74 of 319]
0.000 0.000 0.000 0.000 0.000 0.000 0.000 0.000 0.000 0.000 0.000 0.000 0.000 0.000 0.000 0.000 0.000 0.000 0.000 0.000 0.000 0.000 0.000 0.000 0.000 0.000 0.000 0.000 -0.030 -0.034 -0.022 0.003 -0.026 -0.034 -0.036 -0.037 -0.038 -0.039 -0.040 -0.040 -0.040 -0.039 -0.034 -0.026 -0.005 0.059 0.106 0.061 0.029 0.006 0.000 -0.001 -0.002 0.030 0.041 0.026 0.039 0.045 0.021 -0.101 -0.047 -0.059 0.014 -0.034 -0.044 -0.042 -0.032 -0.015 0.029 0.042 0.045 0.140 0.192 0.056 -0.043
0.000 0.000 0.000 0.000 0.000 0.000 0.000 0.000 0.000 0.000 0.000 0.000 0.000 0.000 0.000 0.000 0.000 0.000 0.000 0.000 0.000 0.000 0.000 0.000 0.000 0.000 0.000 0.000 -0.033 -0.034 -0.030 -0.023 -0.016 -0.026 -0.032 -0.034 -0.036 -0.038 -0.039 -0.040 -0.041 -0.039 -0.036 -0.025 0.023 0.042 0.207 0.094 -0.024 -0.022 -0.012 -0.003 -0.001 -0.001 0.001 0.022 -0.027 -0.057 -0.062 -0.074 -0.082 -0.082 -0.058 -0.048 -0.039 -0.025 0.001 0.029 0.041 0.035 0.106 0.093 -0.013 -0.039 -0.037
0.000 0.000 0.000 0.000 0.000 0.000 0.000 0.000 0.000 0.000 0.000 0.000 0.000 0.000 0.000 0.000 0.000 0.000 0.000 0.000 0.000 0.000 0.000 0.000 0.000 0.000 0.000 0.000 -0.028 -0.025 -0.013 -0.027 -0.026 -0.022 -0.027 -0.032 -0.034 -0.036 -0.037 -0.039 -0.038 -0.035 -0.025 0.022 0.037 -0.118 -0.224 -0.048 -0.039 -0.035 -0.040 -0.004 -0.002 -0.002 -0.003 0.005 -0.030 -0.088 -0.121 -0.094 -0.088 -0.071 -0.027 -0.037 -0.025 0.004 0.031 0.040 0.068 0.150 -0.029 -0.040 -0.052 -0.031 -0.027
0.000 0.000 0.000 0.000 0.000 0.000 0.000 0.000 0.000 0.000 0.000 0.000 0.000 0.000 0.000 0.000 0.000 0.000 0.000 0.000 0.000 0.000 0.000 0.000 0.000 0.000 0.000 0.000 -0.017 -0.014 -0.015 -0.023 -0.027 -0.025 -0.023 -0.028 -0.032 -0.033 -0.035 -0.035 -0.032 -0.022 0.022 0.045 -0.068 -0.164 -0.058 -0.059 -0.033 -0.024 -0.028 -0.018 -0.003 -0.004 -0.024 -0.014 -0.025 -0.079 -0.089 -0.079 -0.082 -0.052 -0.027 -0.011 0.014 0.030 0.039 -0.026 -0.125 -0.011 -0.035 -0.018 0.014 -0.013 -0.011
0.000 0.000 0.000 0.000 0.000 0.000 0.000 0.000 0.000 0.000 0.000 0.000 0.000 0.000 0.000 0.000 0.000 0.000 0.000 0.000 0.000 0.000 0.000 0.000 0.000 0.000 0.000 0.000 0.007 0.017 0.010 -0.008 -0.012 -0.018 -0.023 -0.024 -0.028 -0.031 -0.032 -0.030 -0.019 0.024 0.048 -0.021 -0.122 -0.069 -0.051 -0.059 -0.028 0.006 0.014 -0.002 -0.002 -0.004 -0.007 0.004 0.007 -0.060 -0.064 -0.059 -0.063 -0.040 -0.013 0.019 0.034 0.041 -0.007 -0.033 -0.040 -0.048 -0.015 0.019 0.003 0.018 0.029
0.000 0.000 0.000 0.000 0.000 0.000 0.000 0.000 0.000 0.000 0.000 0.000 0.000 0.000 0.000 0.000 0.000 0.000 0.000 0.000 0.000 0.000 0.000 0.000 0.000 0.000 0.000 0.000 0.018 0.030 0.026 0.012 0.003 0.009 -0.013 -0.019 -0.025 -0.028 -0.027 -0.020 0.025 0.048 0.035 -0.101 -0.086 -0.047 -0.036 -0.057 -0.033 0.013 0.022 0.019 -0.002 -0.003 0.022 -0.008 0.009 -0.029 -0.045 -0.049 -0.054 -0.021 -0.013 0.041 0.045 0.012 -0.024 -0.033 -0.088 -0.152 0.008 0.040 -0.025 -0.021 0.033
0.000 0.000 0.000 0.000 0.000 0.000 0.000 0.000 0.000 0.000 0.000 0.000 0.000 0.000 0.000 0.000 0.000 0.000 0.000 0.000 0.000 0.000 0.000 0.000 0.000 0.000 0.000 0.000 0.020 0.031 0.031 0.020 -0.006 0.012 0.027 0.017 -0.016 -0.023 -0.019 0.024 0.046 0.046 -0.095 -0.087 -0.049 -0.046 -0.041 -0.044 -0.040 0.014 0.018 -0.002 -0.001 -0.001 -0.000 0.012 -0.021 -0.055 -0.047 -0.040 -0.032 0.006 0.023 0.040 0.029 -0.005 -0.010 -0.023 -0.027 -0.025 -0.032 -0.034 0.000 0.012 0.051
0.000 0.000 0.000 0.000 0.000 0.000 0.000 0.000 0.000 0.000 0.000 0.000 0.000 0.000 0.000 0.000 0.000 0.000 0.000 0.000 0.000 0.000 0.000 0.000 0.000 0.000 0.000 0.000 -0.025 -0.034 -0.008 0.006 0.018 -0.014 0.030 0.051 0.033 0.012 0.018 0.033 0.051 -0.080 -0.083 -0.048 -0.047 -0.041 -0.040 -0.033 -0.034 -0.011 -0.007 -0.031 -0.001 -0.001 -0.000 0.017 0.007 -0.062 -0.042 -0.029 -0.014 0.035 0.046 0.045 0.012 -0.030 -0.046 0.016 0.026 0.022 -0.028 -0.051 0.000 0.033 0.033
0.000 0.000 0.000 0.000 0.000 0.000 0.000 0.000 0.000 0.000 0.000 0.000 0.000 0.000 0.000 0.000 0.000 0.000 0.000 0.000 0.000 0.000 0.000 0.000 0.000 0.000 0.000 0.000 -0.033 -0.045 -0.033 0.003 -0.009 -0.023 -0.015 0.061 0.063 0.050 0.046 0.021 0.017 -0.094 -0.041 -0.044 -0.035 -0.028 -0.028 -0.021 -0.018 0.019 0.024 -0.027 -0.024 -0.007 -0.020 -0.009 -0.002 -0.025 -0.015 0.012 0.028 0.046 0.034 -0.109 -0.045 -0.039 -0.051 -0.077 -0.039 -0.033 -0.045 -0.036 0.028 -0.033 -0.033
0.000 0.000 0.000 0.000 0.000 0.000 0.000 0.000 0.000 0.000 0.000 0.000 0.000 0.000 0.000 0.000 0.000 0.000 0.000 0.000 0.000 0.000 0.000 0.000 0.000 0.000 0.000 0.000 -0.011 -0.019 0.025 0.033 -0.015 -0.023 -0.025 0.029 0.059 0.034 0.067 0.084 -0.033 -0.081 -0.038 -0.029 -0.019 -0.012 -0.007 0.010 0.016 0.035 0.049 0.028 -0.019 -0.029 -0.016 -0.015 -0.007 0.023 0.026 0.039 0.045 0.041 -0.043 -0.046 -0.056 -0.046 -0.037 -0.063 -0.027 -0.027 -0.028 -0.020 -0.033 -0.053 -0.049
0.000 0.000 0.000 0.000 0.000 0.000 0.000 0.000 0.000 0.000 0.000 0.000 0.000 0.000 0.000 0.000 0.000 0.000 0.000 0.000 0.000 0.000 0.000 0.000 0.000 0.000 0.000 0.000 0.034 0.037 0.048 0.049 -0.013 -0.020 -0.027 -0.026 0.028 -0.015 -0.028 0.029 -0.044 -0.033 -0.032 -0.020 -0.012 0.019 0.033 0.038 0.038 0.039 0.043 0.028 0.020 0.021 0.014 -0.019 -0.023 0.040 0.048 0.052 0.047 -0.047 -0.041 -0.058 -0.071 -0.054 -0.034 -0.049 0.020 0.023 0.018 0.021 -0.022 -0.039 -0.044
0.000 0.000 0.000 0.000 0.000 0.000 0.000 0.000 0.000 0.000 0.000 0.000 0.000 0.000 0.000 0.000 0.000 0.000 0.000 0.000 0.000 0.000 0.000 0.000 0.000 0.000 0.000 0.000 0.042 0.051 0.065 0.028 -0.007 -0.017 -0.026 -0.032 0.005 0.051 0.030 -0.078 -0.027 -0.029 -0.021 -0.011 -0.006 0.022 0.040 0.067 0.042 0.040 0.002 0.008 0.022 0.031 0.024 -0.017 -0.018 0.044 0.060 0.038 -0.218 -0.050 -0.049 -0.042 -0.052 -0.052 -0.012 -0.017 0.023 -0.004 0.035 0.051 0.024 0.006 0.024
0.000 0.000 0.000 0.000 0.000 0.000 0.000 0.000 0.000 0.000 0.000 0.000 0.000 0.000 0.000 0.000 0.000 0.000 0.000 0.000 0.000 0.000 0.000 0.000 0.000 0.000 0.000 0.000 0.031 0.032 0.022 0.021 0.007 -0.013 -0.024 -0.032 -0.041 -0.033 -0.011 -0.015 0.006 0.017 0.015 0.016 0.019 0.020 -0.022 -0.029 0.003 0.002 0.000 -0.001 0.000 0.064 0.031 0.014 0.021 0.039 -0.020 -0.191 -0.049 -0.051 -0.030 -0.024 -0.036 -0.036 0.022 0.024 0.033 0.005 0.035 0.010 0.014 0.026 0.036
0.000 0.000 0.000 0.000 0.000 0.000 0.000 0.000 0.000 0.000 0.000 0.000 0.000 0.000 0.000 0.000 0.000 0.000 0.000 0.000 0.000 0.000 0.000 0.000 0.000 0.000 0.000 0.000 -0.025 0.016 0.017 0.001 0.007 0.000 -0.021 -0.034 -0.056 -0.037 -0.034 0.032 0.043 0.043 0.042 0.034 0.040 0.046 0.016 -0.027 -0.005 0.002 -0.001 0.008 -0.017 0.043 0.155 0.035 0.043 0.034 -0.185 -0.042 -0.047 -0.046 -0.042 -0.027 -0.022 -0.020 0.025 0.031 0.032 0.018 -0.009 0.018 0.037 0.047 0.047
0.000 0.000 0.000 0.000 0.000 0.000 0.000 0.000 0.000 0.000 0.000 0.000 0.000 0.000 0.000 0.000 0.000 0.000 0.000 0.000 0.000 0.000 0.000 0.000 0.000 0.000 0.000 0.000 -0.018 0.051 0.054 -0.021 -0.014 -0.012 -0.018 -0.035 -0.026 -0.030 -0.026 0.006 0.049 0.072 0.047 0.040 0.044 0.058 0.000 -0.015 -0.038 -0.032 -0.014 0.048 -0.010 0.017 0.140 0.128 0.066 -0.078 -0.083 -0.025 0.000 0.000 -0.026 -0.019 0.016 0.022 0.023 -0.004 -0.011 -0.021 -0.036 0.028 0.152 0.047 0.000
0.000 0.000 0.000 0.000 0.000 0.000 0.000 0.000 0.000 0.000 0.000 0.000 0.000 0.000 0.000 0.000 0.000 0.000 0.000 0.000 0.000 0.000 0.000 0.000 0.000 0.000 0.000 0.000 0.022 0.098 0.089 0.011 0.011 0.006 -0.013 -0.031 -0.041 -0.026 -0.022 -0.002 0.050 0.053 0.033 0.029 0.034 0.057 0.018 0.001 -0.020 -0.016 0.020 0.101 0.027 0.043 0.112 0.045 -0.020 -0.038 -0.041 0.006 -0.018 -0.017 0.009 0.019 0.027 0.030 0.034 -0.008 -0.023 -0.026 -0.027 -0.028 0.013 -0.000 -0.008
0.000 0.000 0.000 0.000 0.000 0.000 0.000 0.000 0.000 0.000 0.000 0.000 0.000 0.000 0.000 0.000 0.000 0.000 0.000 0.000 0.000 0.000 0.000 0.000 0.000 0.000 0.000 0.000 0.032 0.121 0.111 0.045 0.038 0.020 0.004 -0.016 -0.023 -0.017 -0.014 0.002 0.049 0.009 0.003 0.002 0.004 0.033 0.019 0.015 0.013 0.016 0.021 0.061 0.076 0.065 0.077 -0.038 -0.030 -0.047 -0.062 -0.058 0.018 0.021 0.028 0.031 0.031 0.032 0.034 0.019 0.009 0.019 0.019 0.027 -0.002 -0.003 -0.008
0.000 0.000 0.000 0.000 0.000 0.000 0.000 0.000 0.000 0.000 0.000 0.000 0.000 0.000 0.000 0.000 0.000 0.000 0.000 0.000 0.000 0.000 0.000 0.000 0.000 0.000 0.000 0.000 -0.013 -0.029 0.157 0.073 0.069 0.040 0.016 0.017 0.011 0.016 0.018 -0.023 0.005 0.002 0.001 0.001 0.001 0.003 -0.008 0.019 0.024 0.036 0.044 0.069 0.073 0.069 0.004 -0.021 -0.028 -0.043 -0.044 -0.043 -0.031 0.026 0.035 0.041 0.042 0.040 0.045 0.026 0.026 0.035 0.035 0.034 -0.006 -0.005 -0.007
0.000 0.000 0.000 0.000 0.000 0.000 0.000 0.000 0.000 0.000 0.000 0.000 0.000 0.000 0.000 0.000 0.000 0.000 0.000 0.000 0.000 0.000 0.000 0.000 0.000 0.000 0.000 0.000 -0.021 -0.028 0.053 0.189 0.072 0.045 0.025 0.031 0.023 0.025 0.015 -0.034 0.003 0.001 0.001 0.000 0.001 -0.027 -0.018 0.020 0.033 0.042 0.061 0.077 0.071 0.024 -0.004 -0.018 -0.042 -0.019 -0.019 -0.019 -0.006 0.032 0.040 0.045 0.046 0.044 0.064 0.039 0.029 0.041 0.041 -0.007 -0.004 -0.004 -0.007
0.000 0.000 0.000 0.000 0.000 0.000 0.000 0.000 0.000 0.000 0.000 0.000 0.000 0.000 0.000 0.000 0.000 0.000 0.000 0.000 0.000 0.000 0.000 0.000 0.000 0.000 0.000 0.000 0.000 0.013 0.066 0.019 0.019 0.053 0.041 0.046 0.021 -0.018 -0.029 -0.029 0.001 -0.000 0.000 0.001 0.001 -0.023 0.006 0.033 0.045 0.048 0.058 0.059 0.042 0.022 -0.020 -0.045 -0.042 -0.011 0.024 0.028 0.030 0.036 0.038 0.039 0.040 0.046 0.076 0.043 0.044 0.050 -0.014 -0.004 -0.003 -0.005 -0.013
0.000 0.000 0.000 0.000 0.000 0.000 0.000 0.000 0.000 0.000 0.000 0.000 0.000 0.000 0.000 0.000 0.000 0.000 0.000 0.000 0.000 0.000 0.000 0.000 0.000 0.000 0.000 0.000 0.020 0.037 0.070 0.012 0.011 0.061 0.058 0.048 0.028 0.009 0.011 -0.024 -0.041 -0.005 -0.027 -0.026 -0.034 0.005 0.025 0.040 0.044 0.046 0.046 0.045 0.037 -0.033 -0.043 -0.034 -0.012 0.017 0.030 0.037 0.037 0.039 0.040 0.039 0.042 0.054 0.072 0.053 0.068 -0.010 -0.008 -0.004 -0.002 -0.005 -0.022
0.000 0.000 0.000 0.000 0.000 0.000 0.000 0.000 0.000 0.000 0.000 0.000 0.000 0.000 0.000 0.000 0.000 0.000 0.000 0.000 0.000 0.000 0.000 0.000 0.000 0.000 0.000 0.000 0.024 0.034 0.042 0.015 0.019 0.056 -0.024 -0.029 0.026 0.030 0.033 -0.035 -0.048 -0.053 -0.019 0.006 0.016 0.030 0.042 0.046 0.055 0.029 0.068 0.042 -0.032 -0.031 -0.022 0.010 0.022 0.024 0.030 0.033 0.035 0.036 0.039 0.041 0.048 0.067 0.076 0.066 0.007 -0.008 -0.005 -0.003 -0.004 -0.016 -0.041
0.000 0.000 0.000 0.000 0.000 0.000 0.000 0.000 0.000 0.000 0.000 0.000 0.000 0.000 0.000 0.000 0.000 0.000 0.000 0.000 0.000 0.000 0.000 0.000 0.000 0.000 0.000 0.000 -0.006 -0.025 -0.022 0.013 0.012 0.108 -0.015 0.021 0.041 0.043 0.033 -0.016 -0.028 -0.013 0.026 0.035 0.049 0.047 0.047 0.046 0.052 0.028 0.086 -0.031 -0.025 0.007 0.028 0.044 0.035 0.028 0.035 0.039 0.038 0.037 0.036 0.040 0.048 0.075 0.079 0.064 -0.007 -0.004 -0.004 -0.005 -0.033 -0.025 -0.016
0.000 0.000 0.000 0.000 0.000 0.000 0.000 0.000 0.000 0.000 0.000 0.000 0.000 0.000 0.000 0.000 0.000 0.000 0.000 0.000 0.000 0.000 0.000 0.000 0.000 0.000 0.000 0.000 0.017 0.008 0.024 0.002 -0.001 -0.114 0.042 0.046 0.052 0.047 0.054 0.018 -0.008 -0.008 0.050 0.066 0.066 0.053 0.048 0.051 -0.001 0.002 0.119 -0.010 0.012 0.027 0.042 0.040 0.037 0.030 0.039 0.046 0.046 0.041 0.038 0.042 0.051 0.069 0.054 -0.018 -0.006 -0.004 -0.006 -0.011 -0.007 0.022 -0.008
0.000 0.000 0.000 0.000 0.000 0.000 0.000 0.000 0.000 0.000 0.000 0.000 0.000 0.000 0.000 0.000 0.000 0.000 0.000 0.000 0.000 0.000 0.000 0.000 0.000 0.000 0.000 0.000 0.025 0.022 -0.004 -0.001 -0.003 -0.026 0.022 0.047 0.044 0.042 0.060 0.021 0.020 0.024 0.043 0.032 0.004 0.038 0.037 -0.016 -0.024 -0.049 -0.151 0.023 0.025 0.046 0.027 -0.035 0.025 0.029 0.037 0.044 0.048 0.045 0.039 0.040 0.050 0.032 -0.016 -0.009 -0.008 -0.005 -0.013 -0.023 0.022 0.028 -0.004
0.000 0.000 0.000 0.000 0.000 0.000 0.000 0.000 0.000 0.000 0.000 0.000 0.000 0.000 0.000 0.000 0.000 0.000 0.000 0.000 0.000 0.000 0.000 0.000 0.000 0.000 0.000 0.000 0.008 0.017 -0.049 -0.008 -0.043 -0.055 0.000 -0.049 0.014 0.044 0.057 0.027 0.044 0.049 0.045 -0.001 -0.000 -0.001 -0.002 -0.004 -0.025 -0.028 -0.104 -0.086 0.074 -0.025 -0.040 -0.080 -0.050 -0.007 0.004 0.001 0.041 0.048 0.041 0.033 0.036 -0.019 -0.012 -0.010 -0.024 -0.019 -0.023 0.011 0.020 -0.007 -0.040
0.000 0.000 0.000 0.000 0.000 0.000 0.000 0.000 0.000 0.000 0.000 0.000 0.000 0.000 0.000 0.000 0.000 0.000 0.000 0.000 0.000 0.000 0.000 0.000 0.000 0.000 0.000 0.000 -0.020 0.021 -0.099 -0.068 -0.069 -0.056 -0.048 -0.038 0.066 0.074 0.066 0.037 0.053 0.053 0.047 -0.004 -0.001 -0.001 -0.001 -0.005 0.013 0.014 -0.058 -0.034 -0.034 -0.029 -0.020 -0.063 -0.052 -0.028 -0.011 -0.018 -0.022 0.021 0.048 0.037 0.014 -0.022 -0.012 -0.012 -0.024 -0.014 0.013 0.025 0.020 -0.029 -0.044
0.000 0.000 0.000 0.000 0.000 0.000 0.000 0.000 0.000 0.000 0.000 0.000 0.000 0.000 0.000 0.000 0.000 0.000 0.000 0.000 0.000 0.000 0.000 0.000 0.000 0.000 0.000 0.000 -0.023 -0.045 -0.051 -0.054 -0.037 -0.026 0.005 0.027 0.071 0.071 0.065 0.060 0.057 0.044 -0.008 -0.005 -0.002 -0.002 -0.006 -0.034 -0.008 -0.013 -0.054 -0.043 -0.035 -0.026 0.008 -0.042 -0.033 -0.038 -0.009 -0.012 -0.024 -0.031 -0.028 -0.010 0.013 -0.022 -0.013 -0.012 -0.019 0.010 0.018 -0.019 -0.016 0.015 -0.013
0.000 0.000 0.000 0.000 0.000 0.000 0.000 0.000 0.000 0.000 0.000 0.000 0.000 0.000 0.000 0.000 0.000 0.000 0.000 0.000 0.000 0.000 0.000 0.000 0.000 0.000 0.000 0.000 -0.008 0.020 0.005 -0.013 0.020 0.028 0.039 0.045 0.022 0.088 0.082 0.070 0.041 -0.012 -0.003 -0.002 -0.003 -0.010 -0.049 -0.039 -0.051 -0.070 -0.052 -0.040 -0.026 -0.009 -0.010 -0.016 -0.017 -0.034 -0.024 0.018 -0.009 -0.019 -0.029 -0.031 -0.064 -0.034 -0.019 -0.015 -0.012 -0.009 -0.003 -0.003 -0.008 0.027 0.023
0.000 0.000 0.000 0.000 0.000 0.000 0.000 0.000 0.000 0.000 0.000 0.000 0.000 0.000 0.000 0.000 0.000 0.000 0.000 0.000 0.000 0.000 0.000 0.000 0.000 0.000 0.000 0.000 0.016 0.058 0.050 0.043 0.047 0.043 0.048 0.050 0.058 0.076 0.070 -0.005 -0.004 -0.003 -0.002 -0.004 -0.009 -0.043 -0.040 -0.030 -0.044 -0.057 -0.040 -0.028 -0.003 -0.015 -0.023 -0.010 -0.012 -0.022 -0.053 0.012 0.021 0.016 -0.007 -0.022 -0.100 -0.077 -0.036 -0.023 -0.011 -0.004 -0.003 -0.008 -0.021 -0.035 -0.037
0.000 0.000 0.000 0.000 0.000 0.000 0.000 0.000 0.000 0.000 0.000 0.000 0.000 0.000 0.000 0.000 0.000 0.000 0.000 0.000 0.000 0.000 0.000 0.000 0.000 0.000 0.000 0.000 0.020 0.037 0.025 0.041 0.032 0.040 0.049 0.048 0.054 0.050 0.029 -0.007 -0.002 -0.002 -0.004 -0.011 -0.038 -0.049 -0.035 -0.025 -0.027 -0.026 -0.020 -0.015 -0.029 -0.040 -0.051 -0.048 -0.032 -0.024 -0.026 -0.018 0.018 0.020 0.019 0.005 -0.124 -0.136 -0.076 -0.029 -0.009 -0.007 -0.006 -0.040 -0.048 -0.045 -0.027
0.000 0.000 0.000 0.000 0.000 0.000 0.000 0.000 0.000 0.000 0.000 0.000 0.000 0.000 0.000 0.000 0.000 0.000 0.000 0.000 0.000 0.000 0.000 0.000 0.000 0.000 0.000 0.000 0.022 0.066 -0.020 -0.016 0.030 0.049 0.054 0.033 0.026 -0.028 -0.064 -0.020 -0.013 -0.006 -0.013 -0.020 -0.051 -0.041 -0.033 -0.025 -0.013 0.003 0.008 -0.017 -0.034 -0.041 -0.045 -0.049 -0.041 -0.031 -0.035 -0.015 -0.018 -0.005 -0.006 -0.021 -0.138 -0.140 -0.103 -0.062 -0.035 -0.037 -0.048 -0.047 -0.041 -0.023 0.015
0.000 0.000 0.000 0.000 0.000 0.000 0.000 0.000 0.000 0.000 0.000 0.000 0.000 0.000 0.000 0.000 0.000 0.000 0.000 0.000 0.000 0.000 0.000 0.000 0.000 0.000 0.000 0.000 0.018 0.111 0.029 0.032 0.042 0.057 0.029 -0.042 -0.054 -0.055 -0.091 -0.054 -0.046 -0.060 -0.095 -0.067 -0.043 -0.020 -0.007 -0.010 -0.008 0.007 0.016 0.014 -0.015 -0.022 -0.026 -0.027 -0.019 -0.014 -0.074 -0.077 -0.061 -0.066 -0.059 -0.071 -0.051 -0.048 -0.088 -0.113 -0.050 -0.052 -0.052 -0.043 -0.030 0.024 0.009
