Project1/res/jiangbei-0001.Qx
ncols         320
nrows         411
xllcorner     657487.000000
yllcorner     3548067.000000
cellsize      10.000000
NODATA_value  -9999.000000
[rows 204 to 237 of 411, columns 75 to 149 of 320]
-0.001 0.001 0.001 0.003 0.004 0.000 -0.004 -0.008 -0.012 -0.016 -0.010 -0.002 -0.001 -0.001 -0.000 0.000 0.001 0.001 0.001 -0.009 -0.002 -0.003 -0.001 0.000 -0.000 -0.000 0.000 0.001 0.012 0.018 0.019 -0.001 -0.000 0.000 0.001 0.002 0.007 0.011 0.011 0.024 0.024 0.024 0.024 0.022 0.018 0.014 0.006 -0.002 -0.011 -0.005 -0.003 0.004 0.013 0.002 -0.000 0.001 0.000 -0.005 -0.010 -0.018 -0.032 -0.055 -0.054 -0.049 -0.039 -0.039 -0.022 -0.002 -0.001 -0.000 0.001 0.001 0.002 0.021 -0.002
0.013 0.017 0.013 0.010 0.004 0.000 -0.005 -0.014 -0.025 -0.015 -0.014 -0.012 -0.003 -0.002 -0.002 -0.000 0.000 0.001 0.001 0.001 -0.002 -0.001 -0.001 -0.000 -0.001 -0.000 0.000 0.001 0.017 0.030 0.045 0.018 0.005 0.002 0.002 0.002 0.004 0.008 0.038 0.038 0.032 0.027 0.024 0.020 0.016 0.013 0.006 -0.002 -0.002 -0.003 0.002 0.010 -0.000 0.003 0.007 0.003 0.004 -0.006 -0.009 -0.006 -0.008 -0.005 -0.002 -0.000 -0.018 -0.027 -0.035 -0.024 -0.002 -0.001 0.000 0.002 0.008 0.023 -0.002
0.001 0.002 0.009 0.004 0.003 0.001 -0.002 -0.005 -0.005 -0.005 -0.005 -0.009 -0.010 -0.006 -0.001 -0.000 0.000 0.001 0.003 0.014 0.009 0.017 -0.006 -0.006 -0.002 -0.000 0.000 0.001 0.025 0.014 0.012 0.079 0.039 0.018 0.011 0.007 0.008 0.050 0.076 0.058 0.038 0.029 0.024 0.018 0.013 -0.001 -0.002 -0.001 -0.000 0.000 0.006 0.006 0.005 0.005 0.013 0.001 -0.010 -0.017 -0.014 -0.005 -0.006 -0.007 -0.003 0.000 -0.011 -0.016 -0.021 -0.025 -0.021 -0.001 0.001 0.010 0.016 0.001 -0.002
0.000 0.001 0.001 0.001 0.003 0.003 0.002 -0.001 -0.002 -0.001 -0.000 0.000 -0.001 -0.001 -0.001 -0.000 0.000 0.001 0.001 0.011 0.014 0.004 -0.012 -0.002 -0.000 0.000 0.001 0.020 -0.000 0.000 0.001 0.002 0.009 0.046 0.091 0.129 0.150 0.127 0.071 0.048 0.033 0.027 0.026 0.014 -0.002 -0.001 -0.001 -0.002 0.001 0.002 0.016 0.007 0.004 0.006 0.025 0.013 -0.005 -0.008 0.007 -0.006 -0.007 -0.010 -0.010 -0.008 -0.008 -0.011 -0.014 -0.017 -0.017 -0.006 0.006 0.006 0.005 -0.002 -0.001
0.000 0.000 0.001 0.001 0.004 0.006 0.006 0.003 -0.002 -0.001 -0.000 0.000 -0.001 -0.000 -0.000 0.000 0.001 0.001 0.001 0.016 -0.000 0.000 0.001 -0.003 -0.002 0.001 0.018 0.015 -0.000 0.000 0.001 0.001 0.002 0.062 0.058 0.033 0.020 0.012 0.008 0.008 0.020 0.019 -0.002 -0.001 -0.001 -0.001 -0.000 0.000 0.007 0.019 0.001 0.002 0.001 0.010 0.000 0.001 -0.001 -0.000 0.028 -0.004 -0.004 -0.004 -0.005 -0.006 -0.005 -0.007 -0.010 -0.014 -0.013 -0.004 -0.001 0.001 0.001 -0.001 -0.001
0.001 0.001 0.001 0.002 0.007 0.010 0.014 -0.002 -0.002 -0.001 -0.001 -0.000 -0.001 -0.000 0.000 0.001 0.001 0.002 0.010 -0.000 -0.000 0.000 0.000 0.001 0.001 0.002 -0.002 0.003 -0.000 0.000 0.001 0.000 0.001 0.004 0.003 0.002 0.003 0.003 0.003 0.007 0.019 -0.002 -0.002 -0.001 -0.001 -0.000 0.000 0.017 0.013 0.005 0.004 0.003 0.003 0.020 -0.000 0.000 0.000 0.001 0.071 -0.002 -0.002 -0.001 -0.001 -0.001 -0.003 -0.004 -0.006 -0.009 0.000 -0.003 -0.003 -0.001 -0.000 -0.000 -0.000
0.001 0.001 0.001 0.002 0.013 0.013 0.003 -0.001 -0.001 -0.001 -0.001 0.000 0.000 0.001 -0.000 -0.001 0.001 0.002 0.002 -0.011 -0.001 -0.000 0.000 0.000 0.001 0.001 -0.006 -0.002 -0.001 -0.000 -0.000 0.000 0.001 -0.008 0.002 0.002 0.002 0.002 0.002 0.012 -0.003 -0.002 -0.001 -0.001 -0.000 0.000 0.014 0.001 -0.000 0.001 0.002 0.002 0.026 -0.001 -0.000 0.000 0.001 0.053 0.032 -0.002 -0.002 -0.001 -0.000 0.000 -0.001 -0.001 -0.001 0.002 0.006 -0.005 -0.004 -0.002 -0.000 0.001 0.001
0.000 0.001 0.009 0.017 0.030 0.024 0.004 -0.005 -0.002 -0.001 -0.001 0.000 0.002 -0.007 -0.003 -0.001 0.000 0.003 -0.003 -0.008 -0.011 -0.001 -0.001 -0.001 -0.000 0.000 0.001 -0.002 -0.002 -0.001 -0.000 0.000 0.001 0.030 -0.000 0.001 0.001 0.001 0.001 0.019 -0.002 -0.002 -0.001 -0.000 0.000 0.005 -0.001 -0.001 0.000 0.001 0.005 0.018 -0.001 -0.000 0.000 0.001 0.030 0.032 -0.002 -0.003 -0.003 -0.002 -0.001 -0.000 -0.000 0.000 0.001 0.003 -0.005 -0.007 -0.005 -0.001 0.002 0.002 0.006
0.028 0.038 0.061 0.103 0.066 0.019 -0.002 -0.004 -0.003 -0.002 -0.001 0.000 -0.010 -0.019 -0.022 -0.001 -0.001 0.002 0.001 -0.008 -0.012 -0.019 -0.015 -0.001 -0.000 0.000 0.003 -0.004 -0.006 0.003 0.007 0.009 0.011 -0.000 -0.000 0.000 0.001 0.003 0.009 -0.003 -0.002 -0.002 -0.001 -0.000 0.000 0.003 -0.000 0.000 0.001 0.001 0.008 -0.001 0.000 0.000 0.001 0.012 0.015 0.010 -0.001 -0.001 -0.001 -0.002 -0.001 -0.000 0.000 0.001 0.001 -0.000 -0.007 -0.005 -0.004 -0.002 0.001 0.002 0.003
0.023 0.035 0.046 0.052 -0.001 -0.001 -0.000 0.000 -0.002 -0.002 -0.001 0.000 -0.025 -0.037 -0.023 -0.025 -0.004 -0.000 0.000 0.001 -0.002 -0.003 -0.004 -0.012 -0.001 0.003 0.002 -0.000 0.001 -0.001 -0.000 0.001 0.001 -0.000 -0.000 0.000 0.001 0.004 0.003 -0.005 -0.002 -0.001 -0.000 0.000 0.003 -0.000 -0.000 0.000 0.001 0.003 -0.000 -0.000 0.000 0.001 0.001 0.004 -0.000 -0.007 -0.029 -0.002 -0.001 -0.001 -0.000 -0.000 0.000 0.000 0.001 0.000 -0.002 -0.005 -0.001 0.001 0.001 0.002 0.003
0.011 0.012 0.007 -0.001 -0.001 -0.000 0.000 0.001 -0.011 -0.010 -0.013 -0.029 -0.033 -0.009 -0.013 -0.023 -0.015 -0.000 -0.000 0.000 -0.000 -0.000 0.000 0.002 -0.001 -0.001 -0.000 0.000 0.001 -0.000 0.000 0.001 0.001 -0.026 -0.000 0.000 0.001 0.001 0.001 -0.005 -0.003 -0.003 -0.002 -0.001 -0.000 -0.000 0.000 0.001 0.003 0.005 -0.000 0.000 0.001 0.003 0.008 0.002 0.000 -0.008 -0.017 -0.019 -0.002 -0.001 -0.001 -0.001 -0.000 0.001 0.001 0.002 0.001 0.004 0.002 -0.000 -0.000 0.002 0.002
-0.001 -0.004 -0.006 -0.001 -0.000 0.000 -0.012 -0.072 -0.058 -0.050 -0.061 -0.058 -0.020 -0.002 -0.001 -0.001 -0.023 -0.001 -0.000 0.000 -0.002 -0.003 -0.001 0.001 -0.001 -0.001 0.000 0.000 0.000 -0.000 0.000 0.001 0.006 -0.011 -0.012 -0.000 0.000 0.000 0.001 -0.002 -0.002 -0.001 -0.002 -0.001 -0.000 0.000 0.001 -0.000 0.001 0.001 0.001 0.000 0.001 0.001 0.001 0.002 -0.001 -0.008 -0.013 -0.013 -0.005 -0.004 -0.005 -0.004 -0.002 0.001 0.000 0.002 0.004 0.004 0.001 -0.001 -0.001 -0.000 0.001
-0.012 -0.021 -0.026 -0.000 0.000 -0.021 -0.057 -0.035 -0.025 -0.033 -0.031 -0.013 -0.001 -0.001 -0.000 0.000 0.000 -0.024 -0.016 -0.016 -0.012 -0.007 -0.005 -0.001 -0.001 -0.000 0.001 0.001 -0.000 -0.000 0.000 0.001 0.002 -0.013 -0.009 -0.001 -0.000 -0.000 0.000 0.000 -0.001 -0.001 -0.001 -0.000 0.000 0.001 0.001 -0.001 0.000 0.001 0.001 -0.001 -0.000 0.000 0.001 0.001 0.000 -0.009 -0.015 -0.013 -0.021 -0.015 -0.008 -0.003 -0.001 0.000 0.002 0.003 0.001 -0.002 -0.002 -0.001 -0.001 -0.000 0.001
-0.020 -0.049 -0.099 -0.191 -0.136 -0.093 -0.049 -0.008 -0.009 -0.009 -0.001 -0.001 -0.000 -0.000 -0.000 0.000 0.000 -0.009 -0.009 -0.004 -0.001 -0.000 0.000 -0.002 -0.001 -0.000 0.001 0.002 0.002 -0.000 -0.000 0.001 0.001 0.001 -0.016 -0.002 -0.001 -0.001 -0.000 0.000 -0.001 -0.001 -0.000 0.000 0.000 0.001 -0.008 -0.000 0.000 0.001 0.002 -0.001 -0.001 -0.000 0.000 0.001 -0.003 0.003 0.001 -0.006 -0.006 -0.005 -0.004 -0.003 -0.001 0.000 0.001 0.002 0.001 -0.002 -0.001 -0.001 -0.000 0.000 0.001
-0.008 -0.006 -0.015 -0.041 -0.110 -0.081 -0.036 -0.008 -0.005 -0.001 -0.001 -0.001 -0.001 -0.000 0.000 -0.001 0.000 0.000 -0.002 -0.000 -0.000 0.000 0.000 -0.001 -0.001 0.000 0.002 0.004 0.005 -0.000 -0.001 -0.000 0.000 0.001 0.001 -0.014 -0.008 -0.004 -0.002 -0.002 -0.001 -0.001 -0.000 0.000 0.001 -0.016 -0.001 -0.000 0.000 0.002 0.007 -0.002 -0.001 -0.000 0.001 0.003 0.001 -0.003 -0.000 -0.004 -0.005 -0.004 -0.003 -0.002 -0.001 -0.000 0.000 0.001 0.001 0.001 -0.000 -0.000 -0.000 0.000 0.001
-0.022 -0.024 -0.002 -0.057 -0.056 -0.087 -0.023 -0.027 -0.025 -0.014 -0.010 -0.004 -0.003 -0.004 -0.004 -0.002 -0.000 0.000 -0.000 -0.001 -0.000 -0.001 -0.002 -0.001 -0.000 0.000 0.001 0.002 0.005 0.006 -0.002 -0.001 -0.000 0.000 0.001 -0.002 -0.002 -0.002 -0.002 -0.001 -0.001 -0.000 0.000 0.001 -0.004 -0.001 -0.000 -0.000 0.001 0.001 0.002 0.009 -0.001 -0.001 -0.001 -0.000 0.000 0.000 -0.002 -0.002 -0.003 -0.003 -0.002 -0.002 -0.001 -0.000 -0.000 0.000 0.001 0.001 0.001 0.001 0.001 0.002 0.002
-0.015 -0.028 -0.050 -0.073 -0.054 -0.057 -0.018 -0.015 -0.017 -0.020 -0.017 -0.016 -0.011 -0.006 -0.002 -0.000 -0.000 0.000 0.001 0.001 0.001 -0.002 -0.001 -0.001 -0.000 0.000 0.001 0.001 0.003 0.011 -0.001 -0.000 -0.000 0.000 0.001 -0.001 -0.002 -0.002 -0.001 -0.001 -0.000 0.001 0.000 -0.003 -0.001 -0.000 -0.000 0.000 0.000 0.001 0.001 0.019 -0.001 -0.002 -0.001 -0.000 0.000 0.001 -0.002 -0.002 -0.002 -0.002 -0.002 -0.001 -0.001 -0.000 0.000 0.001 0.001 0.001 0.001 0.002 0.004 0.006 0.005
-0.011 -0.024 -0.030 -0.015 -0.016 -0.015 -0.021 -0.007 -0.005 -0.003 -0.002 -0.002 -0.002 -0.002 -0.001 -0.000 0.000 0.001 0.001 0.001 -0.003 -0.006 -0.001 -0.001 -0.000 0.000 0.001 0.003 0.007 0.016 -0.001 -0.001 -0.000 0.000 0.001 -0.000 -0.000 -0.001 -0.001 0.000 0.001 0.001 0.001 -0.003 -0.001 -0.000 0.001 0.001 -0.000 0.000 0.001 0.001 0.006 -0.002 -0.001 -0.000 0.000 0.000 -0.005 -0.002 -0.002 -0.001 -0.001 -0.000 0.000 0.000 0.001 0.001 0.001 0.001 0.001 0.001 0.001 0.000 0.003
-0.007 -0.004 -0.003 -0.001 0.000 0.004 -0.010 -0.003 -0.002 -0.002 -0.001 -0.001 -0.001 -0.000 0.000 0.001 0.000 0.001 -0.001 -0.008 -0.013 -0.001 -0.001 -0.001 -0.000 0.000 0.001 0.002 0.002 0.003 0.009 -0.001 -0.000 0.000 0.000 -0.001 -0.001 -0.002 -0.001 0.001 0.003 0.003 0.002 -0.001 -0.001 0.000 0.001 0.002 -0.001 -0.001 0.000 0.000 0.035 0.001 -0.001 -0.001 -0.001 -0.003 -0.001 -0.001 -0.001 -0.001 -0.000 0.000 0.000 0.000 0.001 0.001 0.002 0.002 0.001 0.001 0.001 0.001 0.002
-0.006 -0.004 -0.003 -0.002 0.002 0.000 -0.029 -0.002 -0.001 -0.001 -0.001 -0.001 -0.000 0.000 0.001 -0.001 -0.002 -0.002 -0.008 -0.008 -0.001 -0.001 -0.001 -0.001 -0.000 0.000 0.001 0.001 0.001 0.001 0.003 0.000 0.001 0.001 -0.001 -0.002 -0.002 -0.002 -0.001 -0.000 0.000 0.003 0.003 0.006 -0.000 0.001 0.001 0.003 0.019 -0.001 -0.000 0.000 0.001 0.022 0.007 -0.003 -0.004 -0.004 -0.001 -0.001 -0.000 0.000 0.000 0.001 0.001 0.001 0.001 0.002 0.003 0.003 0.003 0.002 0.002 0.002 0.004
-0.002 -0.007 -0.007 -0.006 -0.004 -0.001 -0.042 -0.002 -0.000 0.000 -0.001 -0.001 -0.000 0.000 0.001 -0.006 -0.010 -0.017 -0.017 -0.011 -0.005 -0.005 -0.002 -0.001 -0.000 0.000 0.001 0.001 0.002 0.002 0.015 0.013 0.007 0.004 -0.003 -0.003 -0.002 -0.002 -0.001 -0.000 0.000 0.003 0.005 0.008 0.015 0.011 0.008 0.009 0.040 0.073 0.018 -0.005 -0.008 0.008 0.013 -0.004 -0.005 -0.004 -0.002 -0.001 -0.000 0.000 0.001 0.001 -0.001 0.001 0.002 0.003 0.004 0.005 0.006 0.006 0.005 0.004 0.076
-0.003 -0.005 -0.007 -0.008 -0.011 0.002 0.005 -0.006 -0.002 -0.001 -0.001 -0.001 -0.000 0.000 0.001 -0.006 -0.002 -0.031 -0.025 -0.016 -0.010 -0.005 -0.003 -0.001 -0.001 0.000 0.001 0.002 0.002 0.003 0.017 0.019 0.015 -0.033 -0.006 -0.005 -0.005 -0.006 -0.002 -0.001 0.001 0.003 0.012 0.024 0.028 0.038 0.056 0.061 0.053 0.045 0.102 0.059 -0.008 -0.006 0.006 -0.017 -0.020 -0.011 -0.005 -0.001 -0.001 0.000 -0.002 -0.002 -0.001 0.001 0.002 0.003 0.004 0.005 0.006 0.007 0.008 0.047 0.027
-0.001 -0.001 -0.001 -0.001 -0.000 0.013 0.018 -0.022 -0.015 -0.011 -0.006 -0.002 -0.001 -0.001 -0.010 -0.012 -0.013 -0.017 -0.006 -0.002 -0.001 -0.001 -0.001 -0.001 -0.001 -0.000 0.001 0.001 0.002 0.003 0.012 0.017 0.020 -0.007 -0.015 -0.011 -0.010 -0.002 -0.000 -0.001 0.000 0.001 0.002 0.008 0.018 0.025 0.018 0.021 0.004 0.003 0.003 0.066 0.057 0.020 -0.019 -0.019 -0.007 -0.006 -0.004 -0.003 -0.002 -0.004 -0.003 -0.003 -0.001 0.000 0.002 0.003 0.004 0.005 0.006 0.007 0.036 0.032 0.020
-0.000 -0.000 0.000 0.000 -0.003 -0.012 -0.025 -0.033 -0.028 -0.022 -0.017 -0.015 -0.014 -0.021 -0.022 -0.010 -0.004 -0.002 -0.001 -0.001 -0.001 -0.001 -0.001 0.000 -0.001 -0.000 0.001 0.001 0.002 0.003 0.007 0.002 0.003 -0.005 -0.009 -0.008 -0.002 -0.001 -0.001 -0.000 0.000 0.001 0.001 0.002 0.003 0.000 0.001 0.002 -0.001 -0.000 0.000 0.001 0.025 0.019 0.008 -0.001 -0.004 -0.005 -0.006 -0.006 -0.006 -0.005 -0.003 -0.002 -0.001 -0.000 0.001 0.002 0.003 0.004 0.005 0.029 0.029 0.027 0.021
0.000 0.001 -0.011 -0.010 -0.007 -0.034 -0.035 -0.043 -0.039 -0.033 -0.028 -0.021 -0.017 -0.015 -0.011 -0.005 -0.002 -0.002 -0.002 -0.002 -0.001 -0.001 0.000 0.001 0.002 0.002 0.002 0.003 0.003 0.004 -0.034 -0.009 -0.004 -0.008 -0.007 -0.005 -0.001 -0.001 -0.001 -0.000 0.000 0.000 0.001 0.001 -0.001 -0.000 0.001 0.002 0.001 0.002 0.002 0.001 0.021 0.023 0.016 -0.002 -0.003 -0.004 -0.007 -0.010 -0.006 -0.002 0.001 -0.002 -0.001 -0.000 0.001 0.002 0.003 0.004 0.022 0.023 0.024 0.025 0.024
-0.004 -0.009 -0.001 -0.000 0.000 0.001 -0.019 -0.029 -0.031 -0.030 -0.029 -0.028 -0.020 -0.012 -0.007 -0.004 -0.003 -0.003 -0.002 -0.002 -0.001 -0.000 0.001 0.002 0.008 0.007 0.006 0.005 0.005 0.005 -0.006 -0.001 -0.001 -0.014 -0.007 -0.000 -0.000 -0.001 -0.001 -0.001 0.000 0.000 0.000 0.000 0.001 -0.000 0.000 0.002 0.002 0.003 0.007 0.011 0.036 0.035 0.033 -0.002 -0.002 -0.003 -0.002 -0.001 -0.000 0.000 0.003 0.002 -0.001 -0.000 0.000 0.001 0.003 0.014 0.016 0.017 0.019 0.026 -0.001
-0.018 -0.014 -0.001 -0.000 -0.000 0.000 -0.014 -0.022 -0.026 -0.027 -0.028 -0.029 -0.032 -0.026 -0.015 -0.008 -0.008 -0.007 -0.005 -0.003 -0.001 -0.000 -0.004 -0.000 0.001 0.006 0.007 0.009 0.017 0.023 0.013 0.013 0.014 -0.000 0.000 -0.000 -0.000 -0.003 -0.004 -0.002 -0.000 -0.000 -0.000 -0.000 0.000 0.001 0.003 0.003 0.002 0.002 0.002 0.002 0.002 0.039 0.084 0.093 -0.003 -0.003 -0.002 -0.001 -0.001 0.000 0.002 0.009 -0.001 -0.000 0.000 0.001 0.002 0.011 0.012 0.011 0.008 -0.001 -0.001
-0.025 -0.027 -0.027 -0.002 -0.002 -0.001 -0.015 -0.020 -0.023 -0.025 -0.026 -0.027 -0.029 -0.029 -0.030 -0.028 -0.032 -0.034 -0.033 -0.023 -0.015 -0.008 -0.000 -0.000 0.000 0.001 0.003 0.001 0.006 0.015 0.020 0.027 0.042 0.035 0.011 0.003 0.001 -0.002 -0.001 -0.000 0.000 0.001 -0.001 -0.000 0.000 0.001 0.001 0.002 0.001 0.001 0.001 0.001 0.001 0.003 0.003 0.088 0.098 0.050 -0.002 -0.002 -0.001 -0.001 0.001 0.007 0.019 -0.000 0.001 0.001 0.018 0.013 0.010 0.006 0.002 -0.006 -0.001
-0.037 -0.030 -0.037 -0.056 -0.049 -0.039 -0.023 -0.020 -0.022 -0.023 -0.025 -0.026 -0.026 -0.027 -0.030 -0.033 -0.035 -0.026 -0.020 -0.025 -0.027 -0.012 -0.001 -0.000 0.001 0.000 0.002 0.002 0.007 0.007 0.004 -0.000 0.001 0.047 0.007 0.005 -0.002 -0.002 -0.001 -0.000 0.000 0.001 -0.001 -0.001 -0.001 0.000 0.001 0.001 0.001 0.001 0.001 -0.001 0.001 0.001 0.002 0.005 0.070 0.052 0.044 -0.002 -0.001 -0.000 0.000 0.001 0.006 0.032 0.035 0.039 0.020 0.012 0.008 0.003 -0.002 -0.010 -0.006
-0.029 -0.014 -0.011 -0.015 -0.019 -0.014 -0.017 -0.017 -0.019 -0.022 -0.024 -0.024 -0.024 -0.024 -0.030 -0.023 -0.005 -0.001 -0.000 0.000 0.001 0.010 0.010 0.013 0.014 0.014 0.024 0.030 0.013 0.004 -0.001 -0.000 0.001 0.008 0.005 0.003 0.002 0.002 -0.001 -0.000 0.000 -0.004 -0.002 -0.001 -0.001 -0.000 0.000 0.001 0.001 -0.002 -0.002 -0.002 -0.001 -0.001 0.002 0.008 0.005 0.046 0.040 0.040 -0.001 -0.001 -0.000 0.000 0.002 0.002 0.002 0.003 0.012 0.009 0.005 0.001 -0.002 -0.005 -0.006
-0.028 -0.012 -0.003 -0.002 -0.003 -0.009 -0.012 -0.014 -0.016 -0.023 -0.024 -0.024 -0.020 -0.015 -0.001 -0.000 0.001 -0.000 -0.000 0.000 0.000 0.004 -0.000 0.001 0.000 0.008 0.012 0.014 0.027 -0.000 -0.000 -0.000 0.000 0.001 0.001 -0.000 -0.001 -0.000 -0.002 -0.004 -0.005 -0.005 -0.002 -0.001 -0.001 -0.000 0.000 0.001 -0.005 -0.007 -0.002 -0.001 -0.000 0.001 0.003 -0.001 0.001 0.004 0.031 0.047 0.033 -0.002 -0.003 -0.004 -0.000 0.000 0.001 0.002 0.001 0.001 0.000 -0.001 -0.002 -0.003 -0.002
-0.007 -0.013 -0.003 -0.001 -0.000 -0.003 -0.008 -0.009 -0.008 -0.000 -0.000 0.000 -0.001 -0.001 -0.000 0.000 0.001 0.001 0.001 0.001 0.022 -0.001 -0.000 0.001 0.002 0.007 0.007 0.005 0.005 0.020 0.000 -0.000 0.000 0.001 -0.001 -0.001 -0.002 -0.004 -0.008 -0.005 -0.006 -0.003 -0.002 -0.001 -0.001 0.000 0.001 0.001 -0.008 -0.002 -0.001 -0.001 -0.000 0.001 0.005 0.005 0.007 0.008 0.005 0.003 0.024 0.021 0.009 -0.002 0.000 0.000 0.002 0.001 0.000 0.000 0.001 -0.002 -0.000 -0.003 -0.003
0.001 -0.015 -0.019 -0.013 -0.008 -0.008 -0.008 -0.007 -0.003 -0.001 -0.001 -0.001 -0.001 -0.000 0.000 0.000 0.000 0.001 0.005 0.014 -0.001 -0.000 0.000 0.000 0.001 0.008 0.003 0.003 0.002 0.013 -0.000 0.000 0.003 0.001 -0.001 -0.002 -0.007 -0.012 -0.019 -0.032 -0.038 -0.044 -0.038 -0.006 -0.001 -0.000 0.001 -0.006 -0.001 -0.000 -0.000 0.000 -0.000 0.001 0.004 0.004 0.003 -0.001 -0.000 0.001 0.002 0.009 0.009 -0.003 -0.001 0.000 0.001 0.001 0.000 -0.000 0.000 0.001 -0.004 -0.004 -0.003
0.003 -0.002 -0.013 -0.013 -0.011 -0.009 -0.009 -0.007 -0.003 -0.001 -0.001 -0.001 -0.001 -0.000 0.000 0.001 0.001 0.001 0.001 -0.001 -0.001 0.000 0.000 0.002 0.007 -0.000 0.000 0.001 0.003 0.018 0.019 0.015 0.007 0.004 0.000 -0.003 -0.007 -0.012 -0.019 -0.029 -0.036 -0.055 -0.070 -0.106 -0.109 -0.060 -0.048 -0.014 -0.003 -0.001 -0.001 -0.000 0.000 0.001 -0.002 0.001 0.001 0.001 0.001 0.003 0.004 0.008 -0.002 -0.001 -0.001 0.001 0.001 0.001 -0.002 -0.002 -0.003 -0.002 -0.003 -0.004 -0.003
