Project1/res/jiangbei-0002.wd
ncols         319
nrows         411
xllcorner     657492.000000
yllcorner     3548067.000000
cellsize      10.000000
NODATA_value  -9999.000000
[rows 238 to 271 of 411, columns 77 to 153 of 319]
0.071 0.099 0.119 0.100 0.044 0.044 0.103 0.144 0.004 0.002 0.001 0.001 0.001 0.003 0.001 0.002 0.001 0.001 0.001 0.001 0.001 0.003 0.004 0.001 0.001 0.002 0.003 0.205 0.285 0.248 0.491 0.673 0.611 0.571 0.542 0.519 0.406 0.255 0.286 0.168 0.001 0.001 0.120 0.185 0.059 0.001 0.001 0.001 0.001 0.001 0.001 0.003 0.004 0.001 0.001 0.001 0.002 0.002 0.004 0.005 0.001 0.001 0.001 0.001 0.066 0.294 0.234 0.004 0.001 0.001 0.001 0.003 0.004 0.001 0.001 0.002 0.002
0.070 0.093 0.082 0.008 0.002 0.082 0.204 0.286 0.007 0.001 0.001 0.003 0.064 0.097 0.025 0.017 0.005 0.003 0.025 0.002 0.001 0.002 0.002 0.001 0.001 0.001 0.001 0.001 0.002 0.002 0.075 0.463 0.613 0.667 0.602 0.509 0.278 0.063 0.001 0.001 0.001 0.001 0.002 0.050 0.066 0.079 0.071 0.003 0.001 0.001 0.001 0.001 0.007 0.006 0.001 0.001 0.001 0.002 0.004 0.004 0.001 0.001 0.001 0.002 0.307 0.506 0.227 0.001 0.001 0.001 0.001 0.001 0.005 0.002 0.001 0.002 0.002
0.068 0.059 0.003 0.001 0.001 0.006 0.092 0.257 0.002 0.001 0.001 0.001 0.136 0.160 0.088 0.025 0.004 0.046 0.128 0.115 0.035 0.002 0.001 0.001 0.001 0.001 0.001 0.001 0.001 0.001 0.001 0.002 0.246 0.590 0.524 0.317 0.002 0.001 0.001 0.001 0.001 0.001 0.001 0.008 0.129 0.258 0.361 0.357 0.007 0.001 0.001 0.001 0.002 0.005 0.002 0.001 0.001 0.001 0.002 0.007 0.007 0.001 0.002 0.140 0.566 0.735 0.487 0.002 0.001 0.001 0.001 0.001 0.002 0.002 0.001 0.002 0.003
0.007 0.002 0.001 0.001 0.001 0.002 0.001 0.002 0.001 0.001 0.001 0.003 0.122 0.101 0.002 0.001 0.001 0.058 0.137 0.070 0.002 0.001 0.001 0.000 0.001 0.002 0.004 0.003 0.001 0.001 0.001 0.001 0.001 0.163 0.279 0.248 0.002 0.001 0.001 0.001 0.001 0.002 0.002 0.002 0.030 0.115 0.209 0.311 0.238 0.001 0.001 0.001 0.001 0.002 0.001 0.001 0.001 0.001 0.001 0.002 0.007 0.002 0.002 0.002 0.164 0.631 0.731 0.318 0.001 0.001 0.001 0.001 0.001 0.001 0.001 0.001 0.001
0.002 0.002 0.001 0.001 0.001 0.001 0.001 0.001 0.001 0.001 0.001 0.001 0.059 0.047 0.001 0.001 0.001 0.001 0.068 0.003 0.002 0.001 0.001 0.001 0.003 0.050 0.020 0.001 0.001 0.001 0.001 0.001 0.001 0.001 0.001 0.033 0.002 0.001 0.001 0.001 0.000 0.001 0.002 0.004 0.064 0.122 0.163 0.207 0.141 0.002 0.002 0.001 0.001 0.001 0.001 0.003 0.003 0.001 0.001 0.001 0.003 0.002 0.002 0.001 0.001 0.002 0.439 0.340 0.263 0.006 0.001 0.001 0.001 0.001 0.001 0.001 0.001
0.002 0.001 0.001 0.001 0.001 0.003 0.001 0.001 0.001 0.001 0.001 0.002 0.003 0.032 0.001 0.002 0.002 0.055 0.018 0.001 0.002 0.001 0.001 0.001 0.001 0.008 0.001 0.001 0.001 0.001 0.002 0.005 0.001 0.001 0.001 0.002 0.002 0.001 0.001 0.001 0.001 0.001 0.001 0.002 0.083 0.182 0.255 0.301 0.195 0.003 0.002 0.001 0.001 0.001 0.001 0.001 0.002 0.001 0.002 0.002 0.001 0.001 0.002 0.002 0.001 0.001 0.003 0.392 0.647 0.419 0.146 0.002 0.001 0.001 0.001 0.002 0.002
0.003 0.002 0.001 0.001 0.001 0.002 0.002 0.001 0.001 0.001 0.001 0.019 0.001 0.002 0.005 0.001 0.079 0.084 0.001 0.002 0.000 0.001 0.001 0.001 0.001 0.012 0.002 0.001 0.001 0.002 0.071 0.193 0.001 0.001 0.001 0.001 0.001 0.002 0.002 0.002 0.002 0.002 0.002 0.016 0.108 0.208 0.305 0.388 0.304 0.001 0.001 0.002 0.001 0.001 0.001 0.001 0.002 0.008 0.007 0.003 0.002 0.001 0.001 0.003 0.002 0.002 0.002 0.020 0.263 0.247 0.264 0.208 0.002 0.001 0.001 0.002 0.024
0.105 0.001 0.001 0.001 0.001 0.002 0.005 0.222 0.213 0.005 0.003 0.003 0.001 0.001 0.004 0.061 0.046 0.023 0.031 0.002 0.001 0.001 0.001 0.023 0.128 0.104 0.027 0.001 0.001 0.001 0.009 0.244 0.098 0.001 0.001 0.001 0.001 0.001 0.001 0.002 0.002 0.002 0.017 0.103 0.189 0.276 0.361 0.435 0.307 0.001 0.001 0.002 0.004 0.002 0.001 0.001 0.009 0.029 0.002 0.002 0.002 0.001 0.001 0.001 0.002 0.002 0.002 0.001 0.002 0.003 0.007 0.059 0.002 0.001 0.001 0.001 0.001
0.199 0.002 0.001 0.001 0.002 0.234 0.415 0.340 0.106 0.002 0.002 0.001 0.001 0.001 0.023 0.055 0.048 0.087 0.091 0.024 0.001 0.001 0.013 0.051 0.043 0.052 0.057 0.057 0.002 0.001 0.007 0.119 0.134 0.001 0.001 0.001 0.001 0.001 0.002 0.003 0.003 0.024 0.111 0.192 0.270 0.339 0.407 0.399 0.148 0.001 0.001 0.002 0.116 0.002 0.001 0.001 0.008 0.001 0.001 0.001 0.001 0.001 0.001 0.001 0.001 0.003 0.002 0.001 0.001 0.002 0.002 0.002 0.008 0.010 0.006 0.009 0.015
0.277 0.010 0.001 0.025 0.367 0.550 0.327 0.007 0.001 0.001 0.002 0.006 0.001 0.002 0.037 0.016 0.016 0.004 0.000 0.001 0.003 0.008 0.018 0.001 0.001 0.001 0.033 0.086 0.048 0.026 0.015 0.013 0.030 0.001 0.001 0.002 0.008 0.001 0.001 0.002 0.022 0.103 0.169 0.231 0.286 0.344 0.347 0.154 0.001 0.002 0.001 0.009 0.076 0.001 0.001 0.001 0.010 0.001 0.001 0.001 0.001 0.001 0.001 0.001 0.001 0.001 0.003 0.001 0.001 0.001 0.002 0.002 0.002 0.014 0.095 0.011 0.011
0.158 0.001 0.002 0.297 0.569 0.399 0.002 0.001 0.001 0.001 0.050 0.121 0.072 0.027 0.023 0.002 0.002 0.001 0.001 0.001 0.002 0.002 0.006 0.001 0.001 0.016 0.044 0.066 0.013 0.011 0.014 0.012 0.019 0.009 0.034 0.271 0.197 0.002 0.001 0.001 0.001 0.080 0.164 0.221 0.274 0.282 0.166 0.041 0.057 0.153 0.178 0.042 0.001 0.001 0.001 0.006 0.039 0.002 0.001 0.001 0.001 0.001 0.001 0.001 0.001 0.001 0.001 0.001 0.001 0.001 0.002 0.002 0.001 0.002 0.002 0.013 0.025
0.059 0.001 0.001 0.104 0.194 0.003 0.001 0.001 0.000 0.002 0.151 0.122 0.011 0.004 0.002 0.001 0.001 0.001 0.001 0.001 0.001 0.001 0.004 0.018 0.019 0.048 0.002 0.001 0.001 0.001 0.008 0.009 0.013 0.016 0.250 0.440 0.285 0.013 0.001 0.001 0.001 0.001 0.130 0.214 0.237 0.183 0.132 0.180 0.260 0.339 0.318 0.100 0.001 0.001 0.030 0.162 0.151 0.006 0.002 0.001 0.001 0.001 0.001 0.001 0.001 0.001 0.001 0.001 0.001 0.001 0.001 0.001 0.001 0.002 0.002 0.002 0.007
0.126 0.001 0.001 0.001 0.001 0.001 0.002 0.001 0.001 0.080 0.161 0.052 0.004 0.004 0.003 0.001 0.001 0.001 0.001 0.001 0.001 0.001 0.008 0.013 0.003 0.001 0.001 0.001 0.001 0.001 0.005 0.008 0.016 0.046 0.216 0.410 0.400 0.251 0.049 0.001 0.001 0.001 0.001 0.112 0.201 0.241 0.313 0.388 0.444 0.422 0.188 0.016 0.103 0.055 0.032 0.116 0.085 0.007 0.007 0.008 0.002 0.002 0.002 0.002 0.002 0.001 0.001 0.001 0.001 0.001 0.001 0.001 0.001 0.002 0.002 0.001 0.002
0.172 0.003 0.001 0.001 0.001 0.001 0.003 0.001 0.001 0.078 0.094 0.004 0.004 0.005 0.005 0.002 0.001 0.001 0.001 0.002 0.026 0.092 0.011 0.001 0.001 0.001 0.001 0.001 0.001 0.001 0.003 0.055 0.127 0.146 0.043 0.079 0.246 0.350 0.325 0.255 0.142 0.002 0.001 0.001 0.152 0.326 0.483 0.598 0.497 0.206 0.001 0.001 0.064 0.002 0.001 0.002 0.003 0.002 0.002 0.009 0.141 0.002 0.001 0.001 0.001 0.001 0.001 0.001 0.001 0.001 0.002 0.002 0.001 0.002 0.002 0.001 0.001
0.190 0.023 0.004 0.001 0.002 0.002 0.002 0.032 0.041 0.042 0.003 0.002 0.002 0.004 0.006 0.003 0.002 0.001 0.007 0.007 0.028 0.070 0.001 0.001 0.001 0.001 0.001 0.001 0.001 0.001 0.031 0.219 0.280 0.286 0.082 0.001 0.001 0.046 0.264 0.400 0.361 0.240 0.097 0.001 0.001 0.002 0.281 0.608 0.425 0.007 0.001 0.001 0.024 0.001 0.001 0.002 0.002 0.002 0.001 0.001 0.119 0.104 0.001 0.001 0.001 0.001 0.002 0.002 0.002 0.001 0.001 0.002 0.002 0.003 0.002 0.002 0.001
0.093 0.001 0.005 0.008 0.005 0.007 0.035 0.076 0.034 0.002 0.002 0.001 0.000 0.003 0.005 0.002 0.001 0.010 0.028 0.002 0.002 0.002 0.001 0.001 0.001 0.001 0.001 0.001 0.001 0.098 0.274 0.319 0.367 0.393 0.213 0.001 0.001 0.001 0.256 0.425 0.455 0.378 0.229 0.065 0.001 0.001 0.001 0.125 0.096 0.014 0.008 0.040 0.039 0.006 0.003 0.002 0.002 0.002 0.001 0.001 0.001 0.002 0.004 0.001 0.001 0.001 0.002 0.002 0.001 0.001 0.001 0.001 0.001 0.003 0.003 0.002 0.001
0.001 0.001 0.005 0.001 0.001 0.002 0.042 0.045 0.003 0.002 0.002 0.001 0.001 0.003 0.003 0.002 0.001 0.004 0.001 0.001 0.001 0.001 0.001 0.001 0.001 0.001 0.001 0.001 0.072 0.236 0.168 0.098 0.247 0.425 0.292 0.002 0.001 0.031 0.312 0.402 0.462 0.455 0.356 0.229 0.165 0.090 0.001 0.001 0.001 0.018 0.013 0.004 0.012 0.003 0.001 0.001 0.002 0.001 0.001 0.001 0.001 0.001 0.030 0.197 0.210 0.210 0.003 0.002 0.001 0.001 0.001 0.001 0.001 0.002 0.003 0.002 0.001
0.001 0.002 0.011 0.028 0.001 0.001 0.043 0.058 0.001 0.002 0.002 0.002 0.001 0.002 0.002 0.001 0.002 0.001 0.001 0.001 0.001 0.001 0.002 0.001 0.001 0.001 0.001 0.003 0.196 0.004 0.001 0.001 0.200 0.420 0.290 0.001 0.001 0.007 0.231 0.340 0.402 0.468 0.476 0.412 0.368 0.185 0.001 0.001 0.001 0.018 0.006 0.009 0.004 0.002 0.001 0.001 0.001 0.001 0.001 0.001 0.001 0.001 0.143 0.276 0.285 0.228 0.003 0.002 0.001 0.002 0.002 0.001 0.001 0.001 0.002 0.002 0.001
0.006 0.009 0.061 0.079 0.002 0.002 0.021 0.216 0.098 0.001 0.001 0.001 0.001 0.001 0.003 0.002 0.001 0.001 0.001 0.001 0.001 0.001 0.001 0.001 0.001 0.001 0.003 0.194 0.036 0.001 0.001 0.001 0.148 0.407 0.237 0.001 0.001 0.002 0.089 0.089 0.056 0.268 0.491 0.517 0.430 0.046 0.001 0.001 0.001 0.068 0.193 0.114 0.003 0.004 0.002 0.001 0.001 0.001 0.001 0.001 0.001 0.038 0.329 0.431 0.314 0.005 0.002 0.001 0.001 0.002 0.002 0.002 0.001 0.002 0.002 0.001 0.000
0.009 0.020 0.015 0.024 0.032 0.014 0.037 0.404 0.365 0.001 0.001 0.001 0.002 0.005 0.004 0.003 0.002 0.002 0.002 0.002 0.003 0.001 0.001 0.001 0.001 0.003 0.198 0.028 0.001 0.001 0.001 0.001 0.085 0.391 0.188 0.001 0.001 0.001 0.004 0.001 0.001 0.001 0.344 0.494 0.328 0.001 0.001 0.005 0.010 0.095 0.161 0.002 0.002 0.003 0.005 0.002 0.001 0.001 0.001 0.001 0.101 0.326 0.512 0.580 0.380 0.004 0.002 0.001 0.001 0.002 0.003 0.002 0.002 0.001 0.001 0.000 0.000
0.000 0.001 0.001 0.001 0.001 0.003 0.048 0.341 0.404 0.103 0.001 0.001 0.002 0.002 0.002 0.002 0.002 0.002 0.002 0.005 0.005 0.001 0.001 0.001 0.003 0.221 0.030 0.001 0.001 0.001 0.002 0.002 0.005 0.253 0.261 0.003 0.001 0.001 0.002 0.001 0.001 0.001 0.149 0.248 0.001 0.001 0.001 0.009 0.003 0.008 0.004 0.001 0.001 0.001 0.003 0.002 0.002 0.001 0.001 0.024 0.398 0.623 0.657 0.561 0.004 0.002 0.003 0.003 0.002 0.002 0.002 0.002 0.002 0.001 0.001 0.000 0.000
0.001 0.001 0.002 0.001 0.001 0.004 0.003 0.191 0.472 0.533 0.006 0.001 0.001 0.002 0.002 0.001 0.001 0.001 0.002 0.003 0.001 0.001 0.001 0.002 0.247 0.268 0.001 0.001 0.001 0.001 0.001 0.002 0.006 0.007 0.162 0.153 0.001 0.001 0.001 0.001 0.001 0.002 0.058 0.001 0.001 0.001 0.059 0.008 0.002 0.003 0.002 0.001 0.001 0.001 0.001 0.001 0.002 0.035 0.002 0.135 0.663 0.807 0.703 0.356 0.002 0.002 0.002 0.002 0.002 0.002 0.002 0.002 0.001 0.001 0.000 0.000 0.000
0.004 0.003 0.003 0.001 0.001 0.002 0.001 0.018 0.207 0.345 0.268 0.003 0.002 0.001 0.001 0.001 0.001 0.001 0.002 0.002 0.001 0.001 0.001 0.172 0.375 0.259 0.004 0.001 0.001 0.001 0.001 0.008 0.066 0.001 0.001 0.002 0.001 0.001 0.001 0.001 0.002 0.275 0.001 0.001 0.001 0.002 0.005 0.002 0.002 0.002 0.002 0.001 0.001 0.001 0.001 0.001 0.001 0.180 0.499 0.602 0.824 0.815 0.657 0.003 0.002 0.002 0.002 0.002 0.001 0.002 0.002 0.001 0.001 0.000 0.000 0.000 0.000
0.004 0.004 0.006 0.002 0.001 0.001 0.001 0.001 0.002 0.128 0.292 0.348 0.503 0.002 0.001 0.001 0.001 0.001 0.003 0.003 0.001 0.003 0.071 0.307 0.350 0.142 0.005 0.005 0.005 0.002 0.006 0.080 0.069 0.001 0.001 0.001 0.001 0.001 0.001 0.001 0.001 0.157 0.001 0.001 0.001 0.012 0.002 0.001 0.001 0.001 0.001 0.001 0.001 0.001 0.001 0.001 0.001 0.002 0.487 0.566 0.658 0.716 0.152 0.002 0.002 0.003 0.003 0.003 0.003 0.003 0.001 0.001 0.000 0.000 0.000 0.000 0.000
0.006 0.007 0.006 0.002 0.001 0.001 0.001 0.001 0.001 0.002 0.096 0.231 0.369 0.291 0.001 0.002 0.004 0.071 0.044 0.215 0.106 0.016 0.013 0.013 0.003 0.002 0.002 0.002 0.003 0.002 0.005 0.002 0.001 0.001 0.001 0.004 0.005 0.001 0.001 0.001 0.005 0.006 0.001 0.001 0.002 0.029 0.001 0.001 0.001 0.001 0.001 0.001 0.001 0.001 0.001 0.001 0.001 0.001 0.001 0.001 0.003 0.153 0.001 0.001 0.002 0.002 0.002 0.002 0.001 0.001 0.001 0.001 0.000 0.000 0.000 0.000 0.000
0.015 0.006 0.011 0.002 0.002 0.013 0.001 0.001 0.001 0.001 0.002 0.005 0.022 0.053 0.059 0.047 0.017 0.001 0.001 0.014 0.002 0.001 0.004 0.002 0.002 0.002 0.002 0.001 0.004 0.001 0.003 0.001 0.001 0.002 0.002 0.002 0.005 0.008 0.155 0.146 0.006 0.001 0.001 0.034 0.021 0.017 0.010 0.002 0.002 0.002 0.001 0.001 0.001 0.004 0.001 0.001 0.001 0.001 0.001 0.001 0.001 0.007 0.001 0.001 0.002 0.002 0.002 0.001 0.001 0.001 0.001 0.000 0.000 0.000 0.000 0.000 0.000
0.001 0.002 0.001 0.000 0.001 0.001 0.013 0.001 0.001 0.001 0.001 0.003 0.002 0.001 0.002 0.001 0.001 0.001 0.001 0.008 0.002 0.001 0.003 0.002 0.002 0.002 0.002 0.002 0.004 0.001 0.002 0.001 0.001 0.004 0.002 0.001 0.001 0.001 0.002 0.004 0.001 0.001 0.001 0.025 0.012 0.011 0.012 0.011 0.005 0.002 0.002 0.001 0.001 0.045 0.001 0.001 0.001 0.001 0.001 0.001 0.001 0.006 0.008 0.003 0.001 0.002 0.002 0.001 0.001 0.001 0.000 0.000 0.000 0.000 0.000 0.000 0.000
0.001 0.002 0.004 0.001 0.001 0.001 0.005 0.056 0.061 0.008 0.006 0.003 0.002 0.001 0.001 0.001 0.001 0.001 0.006 0.010 0.002 0.002 0.002 0.001 0.001 0.001 0.001 0.001 0.001 0.001 0.001 0.001 0.001 0.001 0.001 0.001 0.001 0.001 0.001 0.001 0.001 0.014 0.018 0.012 0.010 0.010 0.012 0.012 0.011 0.007 0.002 0.001 0.001 0.084 0.091 0.001 0.001 0.001 0.001 0.001 0.001 0.001 0.005 0.003 0.001 0.001 0.002 0.001 0.001 0.000 0.000 0.000 0.000 0.000 0.000 0.000 0.000
0.002 0.001 0.002 0.059 0.000 0.001 0.001 0.010 0.017 0.001 0.005 0.002 0.001 0.001 0.001 0.001 0.001 0.002 0.072 0.003 0.001 0.001 0.001 0.001 0.001 0.001 0.001 0.001 0.001 0.001 0.001 0.001 0.001 0.001 0.001 0.002 0.002 0.001 0.001 0.001 0.012 0.070 0.073 0.063 0.014 0.008 0.012 0.012 0.010 0.008 0.008 0.006 0.010 0.064 0.008 0.001 0.001 0.001 0.001 0.001 0.001 0.001 0.002 0.004 0.001 0.001 0.001 0.001 0.001 0.000 0.000 0.000 0.000 0.000 0.000 0.000 0.000
0.001 0.001 0.001 0.059 0.287 0.114 0.003 0.005 0.001 0.001 0.001 0.001 0.001 0.002 0.003 0.001 0.001 0.001 0.007 0.001 0.001 0.001 0.001 0.001 0.001 0.001 0.001 0.001 0.001 0.001 0.001 0.001 0.001 0.001 0.001 0.003 0.021 0.001 0.001 0.001 0.065 0.116 0.103 0.067 0.006 0.017 0.013 0.013 0.011 0.005 0.005 0.006 0.006 0.001 0.001 0.001 0.001 0.001 0.001 0.001 0.001 0.001 0.001 0.006 0.009 0.001 0.001 0.001 0.000 0.000 0.000 0.000 0.000 0.000 0.000 0.000 0.000
0.001 0.001 0.001 0.001 0.271 0.449 0.198 0.007 0.001 0.002 0.002 0.002 0.001 0.002 0.001 0.001 0.001 0.001 0.003 0.001 0.001 0.001 0.001 0.001 0.001 0.001 0.001 0.001 0.001 0.001 0.001 0.001 0.001 0.001 0.001 0.071 0.095 0.001 0.001 0.079 0.116 0.076 0.002 0.002 0.002 0.009 0.014 0.016 0.017 0.003 0.002 0.003 0.017 0.008 0.002 0.003 0.004 0.005 0.001 0.001 0.001 0.001 0.001 0.001 0.037 0.065 0.001 0.000 0.000 0.000 0.000 0.000 0.000 0.000 0.000 0.000 0.000
0.001 0.001 0.001 0.001 0.004 0.496 0.546 0.316 0.027 0.002 0.002 0.003 0.002 0.002 0.001 0.001 0.001 0.001 0.002 0.002 0.001 0.001 0.001 0.001 0.001 0.001 0.001 0.001 0.001 0.001 0.001 0.001 0.001 0.001 0.002 0.098 0.044 0.005 0.008 0.208 0.299 0.036 0.001 0.002 0.001 0.003 0.006 0.011 0.049 0.034 0.013 0.010 0.111 0.201 0.171 0.006 0.007 0.004 0.004 0.001 0.001 0.001 0.001 0.001 0.001 0.001 0.000 0.000 0.000 0.000 0.000 0.000 0.000 0.000 0.000 0.000 0.000
0.001 0.004 0.027 0.001 0.004 0.188 0.534 0.608 0.413 0.003 0.002 0.002 0.003 0.002 0.001 0.001 0.001 0.002 0.004 0.003 0.001 0.001 0.001 0.001 0.001 0.001 0.001 0.001 0.001 0.001 0.001 0.001 0.001 0.001 0.004 0.001 0.001 0.007 0.216 0.417 0.389 0.001 0.001 0.002 0.002 0.004 0.004 0.002 0.005 0.077 0.023 0.073 0.266 0.316 0.163 0.002 0.002 0.003 0.005 0.007 0.004 0.001 0.001 0.001 0.001 0.001 0.000 0.000 0.000 0.000 0.000 0.000 0.000 0.000 0.000 0.000 0.000
0.001 0.005 0.025 0.017 0.009 0.007 0.216 0.626 0.613 0.196 0.003 0.002 0.002 0.002 0.001 0.001 0.004 0.117 0.012 0.004 0.003 0.001 0.001 0.001 0.001 0.001 0.001 0.001 0.001 0.001 0.001 0.001 0.002 0.063 0.025 0.001 0.002 0.154 0.275 0.257 0.001 0.001 0.001 0.001 0.002 0.004 0.003 0.004 0.004 0.005 0.001 0.003 0.280 0.212 0.008 0.002 0.001 0.001 0.002 0.002 0.004 0.004 0.001 0.001 0.001 0.000 0.000 0.000 0.000 0.000 0.000 0.000 0.000 0.000 0.000 0.000 0.000
