Project1/res/jiangbei.mxe
ncols         319
nrows         411
xllcorner     657492.000000
yllcorner     3548067.000000
cellsize      10.000000
NODATA_value  -9999.000000
[rows 120 to 149 of 411, columns 201 to 267 of 319]
7.810 7.476 6.940 6.365 6.325 6.320 6.314 6.309 6.304 6.300 6.298 6.340 6.624 6.804 6.972 7.150 7.258 7.351 7.401 7.377 7.951 8.885 9.371 9.275 9.136 9.137 9.306 9.509 9.564 9.296 8.679 8.679 8.679 8.857 9.577 9.618 9.449 9.112 8.581 7.843 7.804 7.591 6.828 6.835 6.843 6.851 6.903 6.943 6.956 6.963 6.968 7.157 7.391 7.489 7.533 7.616 7.802 8.138 8.469 8.852 9.204 9.365 9.365 8.469 6.967 6.929 6.668
7.347 7.025 6.526 6.333 6.329 6.325 6.320 6.315 6.310 6.306 6.303 6.492 6.815 7.027 7.139 7.233 7.322 7.412 7.451 7.584 8.522 9.325 9.545 9.423 9.407 9.457 9.572 9.811 10.023 9.587 8.679 9.073 9.239 9.159 9.560 9.569 9.302 8.863 8.166 7.312 6.806 6.809 6.817 6.828 6.841 6.853 6.915 6.945 6.956 6.964 6.969 6.974 7.316 7.552 7.667 7.701 7.787 7.989 8.306 8.624 8.727 8.667 8.787 8.286 7.682 7.879 7.709
6.809 6.533 6.345 6.337 6.334 6.330 6.325 6.320 6.316 6.312 6.366 6.684 6.970 7.102 7.161 7.231 7.317 7.393 7.477 7.851 8.711 9.378 9.451 9.458 9.486 9.683 9.838 10.055 10.252 9.814 8.787 9.323 9.746 9.635 9.589 9.348 8.920 8.368 7.644 7.002 6.795 6.802 6.809 6.819 6.838 6.962 6.942 6.954 6.960 6.966 6.971 6.975 7.042 7.449 7.703 7.830 7.890 7.977 8.137 8.346 8.327 8.326 8.324 8.319 8.514 9.047 9.131
6.513 6.350 6.347 6.343 6.339 6.335 6.330 6.326 6.321 6.379 6.627 6.891 7.081 7.178 7.197 7.293 7.370 7.395 7.563 8.305 9.145 9.632 9.619 9.490 9.510 9.778 10.046 10.125 10.055 9.870 9.198 9.288 9.615 9.594 9.470 9.094 8.477 7.763 7.135 6.779 6.787 6.794 6.799 6.968 7.942 8.384 7.849 6.959 6.965 6.970 6.974 6.978 7.015 7.452 7.702 7.871 8.021 8.071 8.155 8.308 8.431 8.399 8.416 8.552 8.993 9.503 9.740
6.584 6.429 6.351 6.348 6.345 6.340 6.336 6.331 6.387 6.618 6.937 7.359 7.567 7.635 7.695 7.747 7.720 7.602 7.898 9.032 9.843 10.234 10.156 9.913 9.865 10.097 10.294 10.196 9.810 9.597 9.395 9.138 9.136 9.221 9.124 8.778 8.154 7.287 6.710 6.768 6.781 6.789 6.792 6.800 7.706 8.948 9.159 7.708 6.969 6.974 6.978 6.980 7.270 7.539 7.688 7.917 8.195 8.222 8.249 8.321 8.447 8.562 8.659 8.651 8.944 9.482 9.759
6.589 6.450 6.357 6.354 6.351 6.346 6.342 6.442 6.642 6.927 7.511 8.154 8.461 8.461 8.435 8.409 8.366 8.338 8.754 9.797 10.445 10.744 10.735 10.536 10.402 10.467 10.544 10.415 9.875 9.454 9.233 8.875 8.623 8.561 8.295 8.004 7.554 6.891 6.765 6.774 6.781 6.786 6.789 6.809 7.102 7.966 9.199 8.894 7.288 6.978 6.982 6.986 7.097 7.371 7.725 8.189 8.445 8.406 8.401 8.425 8.477 8.571 8.652 8.666 8.927 9.395 9.718
6.455 6.376 6.366 6.362 6.357 6.352 6.506 6.699 6.841 7.138 7.898 8.822 9.246 9.249 9.193 9.181 9.201 9.218 9.783 10.543 10.905 11.173 11.055 10.836 10.681 10.716 10.734 10.604 10.064 9.532 9.045 8.615 8.200 7.757 7.239 6.931 6.793 6.789 6.781 6.781 6.783 6.786 6.789 6.883 7.045 7.441 8.681 9.554 8.874 7.600 6.988 6.994 7.031 7.125 7.509 8.094 8.325 8.366 8.432 8.527 8.566 8.603 8.664 8.797 9.096 9.432 9.797
6.475 6.382 6.376 6.370 6.364 6.529 6.826 6.952 7.020 7.227 7.942 9.062 9.691 9.814 9.854 9.928 10.017 10.137 10.585 11.025 11.334 11.393 11.134 10.866 10.787 10.893 10.833 10.524 9.956 9.340 8.766 8.171 7.634 7.074 6.805 6.802 6.797 6.793 6.789 6.787 6.785 6.795 6.846 6.982 7.187 7.684 8.626 9.061 9.333 9.080 8.055 7.171 7.080 7.110 7.413 8.011 8.250 8.375 8.487 8.591 8.672 8.747 8.819 8.937 9.133 9.402 9.792
6.419 6.394 6.385 6.378 6.458 6.945 7.274 7.358 7.296 7.354 8.003 9.208 9.863 10.037 10.128 10.336 10.556 10.775 10.984 11.224 11.443 11.374 11.066 10.788 10.731 10.853 10.654 10.165 9.552 8.912 8.210 7.551 7.120 6.810 6.807 6.804 6.801 6.797 6.794 6.791 6.839 6.899 6.945 7.163 7.454 8.017 8.701 8.737 9.181 9.767 9.214 7.845 7.158 7.160 7.430 7.889 8.268 8.482 8.601 8.711 8.816 8.890 8.965 9.050 9.181 9.418 9.762
6.423 6.401 6.395 6.449 6.800 7.330 7.764 7.806 7.691 7.594 8.076 9.317 9.885 10.066 10.216 10.446 10.677 10.837 10.937 11.095 11.194 11.145 10.887 10.610 10.494 10.486 10.235 9.711 9.036 8.291 7.531 7.001 6.848 6.812 6.810 6.807 6.804 6.801 6.799 6.828 6.936 6.983 7.159 7.434 7.769 8.370 8.793 8.768 9.177 9.720 9.565 8.691 8.107 7.775 7.515 7.736 8.106 8.393 8.517 8.740 8.917 8.987 9.098 9.206 9.319 9.506 9.775
6.489 6.477 6.580 6.692 6.948 7.407 7.863 8.083 7.996 7.852 8.071 9.135 9.816 10.015 10.165 10.435 10.725 10.837 10.860 10.869 10.905 10.826 10.647 10.429 10.252 10.078 9.747 9.188 8.427 7.670 7.025 6.824 6.821 6.817 6.813 6.810 6.806 6.803 6.803 6.891 6.977 7.072 7.440 7.893 8.279 8.781 9.083 9.147 9.253 9.457 9.443 9.276 9.310 8.992 8.171 7.775 7.907 8.153 8.256 8.470 8.803 9.148 9.401 9.440 9.526 9.695 9.867
6.556 6.619 6.735 6.767 6.910 7.302 7.737 8.102 8.174 8.010 8.011 8.481 9.142 9.546 9.564 9.840 10.456 10.786 10.797 10.738 10.626 10.437 10.287 10.118 9.834 9.505 9.129 8.526 7.749 7.141 6.828 6.826 6.823 6.820 6.817 6.814 6.969 6.996 6.939 6.975 7.048 7.281 7.737 8.377 8.883 9.247 9.416 9.548 9.583 9.619 9.666 9.758 10.044 9.963 9.109 8.247 7.938 7.978 8.057 8.351 8.790 9.282 9.696 9.719 9.687 9.850 10.007
6.597 6.725 6.847 6.812 6.865 7.136 7.526 7.905 8.025 7.939 7.865 7.848 7.997 8.300 8.482 8.989 10.105 10.694 10.665 10.407 10.017 9.722 9.592 9.443 9.172 8.840 8.470 7.796 7.197 6.883 6.830 6.828 6.826 6.822 6.819 6.817 7.200 7.465 7.330 7.198 7.267 7.733 8.356 8.995 9.565 9.680 9.742 9.877 9.941 9.957 10.006 10.070 10.226 10.333 9.897 9.105 8.357 8.008 8.018 8.676 9.597 10.035 10.265 10.383 10.156 10.046 10.147
6.610 6.665 6.847 6.869 6.874 6.958 7.240 7.646 7.746 7.690 7.701 7.721 7.740 7.754 7.766 8.316 9.640 10.403 10.165 9.703 9.293 8.986 8.792 8.685 8.525 8.233 7.785 7.203 6.853 6.837 6.834 6.831 6.829 6.826 6.906 7.113 7.478 7.900 7.835 7.648 7.856 8.478 9.222 9.744 10.015 10.037 10.068 10.166 10.159 10.138 10.165 10.202 10.252 10.276 10.225 9.868 9.244 8.726 8.690 9.605 10.693 10.783 10.833 10.843 10.684 10.397 10.333
6.620 6.630 6.692 6.818 6.889 6.959 7.069 7.270 7.404 7.436 7.489 7.591 7.719 7.753 7.764 8.179 9.375 9.754 9.347 8.951 8.590 8.385 8.250 8.145 7.990 7.677 7.277 7.002 6.842 6.840 6.837 6.834 6.832 6.885 7.428 7.864 8.198 8.421 8.306 8.210 8.576 9.180 9.725 10.050 10.135 10.186 10.267 10.346 10.338 10.301 10.296 10.320 10.321 10.263 10.254 10.336 10.325 10.265 10.216 10.474 10.773 10.655 10.548 10.655 10.783 10.745 10.690
6.629 6.639 6.649 6.666 6.845 6.974 7.049 7.143 7.179 7.261 7.348 7.419 7.579 7.745 7.838 8.233 8.848 8.774 8.509 8.295 8.142 8.045 7.949 7.800 7.607 7.298 7.083 6.879 6.845 6.843 6.840 6.837 6.835 7.155 7.866 8.563 8.913 8.905 8.748 8.748 9.198 9.697 9.941 10.070 10.122 10.147 10.272 10.447 10.457 10.439 10.430 10.429 10.403 10.370 10.469 10.756 10.895 10.915 10.924 10.843 10.575 10.220 10.188 10.377 10.575 10.844 11.123
6.642 6.648 6.657 6.666 6.708 6.932 7.085 7.139 7.149 7.162 7.236 7.340 7.487 7.634 7.690 7.973 8.220 8.175 8.093 8.010 7.922 7.823 7.716 7.556 7.351 7.081 6.854 6.852 6.848 6.846 6.843 6.962 7.151 7.565 8.255 8.934 9.217 9.156 9.078 9.219 9.681 10.055 10.088 10.096 10.140 10.156 10.328 10.497 10.528 10.555 10.536 10.499 10.502 10.598 10.777 10.936 11.015 11.054 11.014 10.765 10.417 10.094 10.053 10.149 10.238 10.635 11.064
6.745 6.661 6.666 6.675 6.686 6.819 7.022 7.122 7.129 7.124 7.191 7.310 7.495 7.644 7.662 7.663 7.920 8.016 7.932 7.842 7.753 7.659 7.532 7.377 7.231 6.965 6.855 6.853 6.851 6.850 6.951 7.351 7.862 8.293 8.715 9.030 9.200 9.121 9.099 9.503 10.054 10.323 10.285 10.198 10.187 10.217 10.415 10.545 10.595 10.614 10.545 10.492 10.556 10.716 10.849 10.940 10.997 11.054 10.935 10.597 10.269 10.036 9.995 9.968 9.927 10.127 10.545
6.831 6.741 6.697 6.706 6.728 6.762 6.799 6.915 6.922 6.952 7.096 7.296 7.498 7.664 7.663 7.663 7.908 7.930 7.796 7.702 7.621 7.556 7.421 7.212 7.009 6.859 6.857 6.855 6.853 6.852 7.087 7.785 8.413 8.669 8.843 8.935 8.968 8.942 9.091 9.623 10.114 10.314 10.305 10.275 10.212 10.220 10.377 10.506 10.535 10.458 10.418 10.420 10.429 10.610 10.886 10.974 10.963 10.935 10.726 10.438 10.179 9.974 9.949 9.849 9.832 9.833 9.834
6.860 6.801 6.815 6.953 6.851 6.789 6.799 6.811 6.822 6.855 7.008 7.211 7.387 7.658 7.877 8.049 8.294 8.083 7.765 7.590 7.468 7.361 7.211 6.989 6.863 6.861 6.859 6.857 6.855 6.916 7.485 8.259 8.691 8.841 8.997 9.067 9.014 8.888 8.993 9.468 9.983 10.215 10.256 10.237 10.219 10.222 10.251 10.347 10.407 10.412 10.416 10.418 10.420 10.600 10.894 10.934 10.865 10.736 10.498 10.239 10.021 9.851 9.819 9.822 9.829 9.832 9.834
6.863 6.805 6.814 6.859 6.798 6.797 6.802 6.812 6.823 6.854 6.959 7.094 7.260 7.530 7.904 8.289 8.423 8.215 7.885 7.583 7.302 7.135 6.998 6.869 6.865 6.863 6.861 6.859 7.052 7.660 8.301 8.740 8.905 9.027 9.165 9.204 8.986 8.757 8.895 9.336 9.789 10.037 10.161 10.201 10.219 10.224 10.228 10.232 10.313 10.400 10.414 10.432 10.584 10.734 10.824 10.775 10.646 10.498 10.299 10.061 9.888 9.815 9.812 9.817 9.829 9.948 10.170
6.843 6.799 6.797 6.798 6.798 6.799 6.804 6.816 6.827 6.855 6.896 6.933 7.051 7.290 7.557 7.884 8.091 8.097 7.890 7.493 7.073 6.924 6.908 6.878 6.866 6.864 6.862 7.074 7.832 8.570 8.864 8.911 8.962 9.075 9.177 9.027 8.688 8.594 8.827 9.217 9.589 9.833 10.006 10.146 10.210 10.224 10.229 10.233 10.261 10.383 10.441 10.488 10.499 10.400 10.377 10.348 10.328 10.298 10.110 9.906 9.863 9.811 9.769 9.807 9.959 10.256 10.550
6.824 6.797 6.797 6.797 6.798 6.799 6.804 6.830 6.846 6.863 6.894 6.934 6.996 7.117 7.267 7.468 7.734 7.856 7.615 7.195 6.929 6.925 6.916 6.904 6.894 6.882 7.054 7.800 8.499 8.821 8.922 8.936 8.951 8.971 8.930 8.696 8.385 8.326 8.557 8.973 9.373 9.631 9.828 10.007 10.142 10.218 10.225 10.238 10.350 10.479 10.616 10.714 10.585 10.224 10.005 9.941 9.986 10.066 9.957 9.852 9.862 9.806 9.796 9.808 9.834 10.056 10.553
6.809 6.795 6.796 6.796 6.798 6.799 6.804 6.845 6.979 7.061 7.023 6.991 7.006 7.045 7.095 7.193 7.401 7.557 7.399 7.081 6.932 6.927 6.923 6.914 6.910 7.006 7.535 8.210 8.448 8.301 8.172 8.040 7.932 8.051 8.295 8.310 8.037 7.759 7.751 8.174 8.789 9.248 9.533 9.764 9.976 10.133 10.210 10.319 10.478 10.598 10.726 10.803 10.654 10.275 9.990 9.815 9.805 9.870 9.831 9.805 9.820 9.800 9.799 9.826 9.838 10.031 10.858
6.794 6.793 6.794 6.795 6.797 6.799 6.816 6.849 6.911 7.107 7.158 7.056 7.022 7.041 7.078 7.099 7.205 7.365 7.323 7.111 7.031 6.998 6.972 7.119 7.281 7.447 7.495 7.270 7.008 6.684 6.415 6.265 6.419 6.974 7.286 7.243 7.197 7.026 6.978 7.269 7.673 8.071 8.791 9.510 9.763 9.997 10.189 10.375 10.556 10.726 10.805 10.758 10.588 10.258 9.943 9.805 9.804 9.804 9.804 9.804 9.804 9.804 9.803 9.830 10.129 10.847 11.546
6.783 6.790 6.791 6.793 6.795 6.803 6.841 6.865 6.886 6.932 7.012 7.057 7.068 7.081 7.103 7.113 7.125 7.274 7.290 7.160 7.160 7.242 7.288 7.468 7.538 7.199 6.534 6.204 6.204 6.204 6.204 6.204 6.204 6.204 6.204 6.204 6.204 6.215 6.266 6.314 6.362 6.888 8.230 9.339 9.645 9.889 10.107 10.316 10.525 10.764 10.903 10.794 10.545 10.178 9.919 9.805 9.804 9.804 9.804 9.804 9.804 9.804 9.804 9.804 10.547 11.376 11.659
6.776 6.785 6.788 6.790 6.793 6.814 6.863 6.896 6.911 6.945 7.026 7.193 7.369 7.321 7.230 7.192 7.159 7.198 7.174 7.172 7.172 7.298 7.492 7.589 7.387 6.715 6.204 6.204 6.204 6.204 6.204 6.204 6.204 6.204 6.204 6.204 6.204 6.204 6.204 6.204 6.204 6.588 8.120 9.238 9.554 9.745 9.885 10.008 10.247 10.505 10.654 10.515 10.268 10.111 9.977 9.873 9.804 9.804 9.804 9.804 9.804 9.804 9.804 10.227 11.165 11.655 11.748
6.778 6.783 6.786 6.788 6.792 6.816 6.874 6.933 6.976 7.045 7.185 7.392 7.535 7.444 7.302 7.215 7.155 7.168 7.188 7.189 7.249 7.396 7.540 7.545 7.245 6.543 6.204 6.204 6.204 6.205 6.205 6.204 6.204 6.204 6.204 6.204 6.204 6.204 6.204 6.204 6.204 6.613 8.087 9.156 9.417 9.558 9.613 9.698 9.925 10.196 10.344 10.246 10.100 10.088 10.026 9.857 9.804 9.804 9.804 9.804 9.804 9.804 10.386 11.175 11.634 11.774 11.778
6.779 6.782 6.785 6.787 6.793 6.829 6.891 6.963 7.045 7.177 7.360 7.511 7.505 7.289 7.124 7.111 7.113 7.167 7.204 7.245 7.336 7.454 7.555 7.569 7.271 6.713 6.311 6.204 6.205 6.205 6.205 6.205 6.205 6.204 6.204 6.204 6.204 6.204 6.204 6.204 6.204 6.782 8.143 9.042 9.279 9.419 9.481 9.548 9.717 9.917 9.997 9.957 9.893 9.958 9.963 9.804 9.804 9.804 9.804 9.804 9.804 9.850 10.807 11.506 11.647 11.691 11.770
6.780 6.782 6.783 6.816 6.892 6.925 6.958 7.031 7.157 7.309 7.427 7.423 7.280 7.090 7.091 7.092 7.131 7.241 7.229 7.255 7.374 7.488 7.527 7.575 7.482 7.354 7.100 6.441 6.205 6.205 6.205 6.205 6.205 6.402 6.432 6.204 6.204 6.431 6.379 6.217 6.245 6.956 8.317 9.010 9.179 9.316 9.425 9.547 9.716 9.802 9.728 9.728 9.728 9.728 9.828 9.804 9.804 9.804 9.804 9.906 10.089 10.587 11.298 11.543 11.559 11.625 11.843
