Project1/res/jiangbei-0001.Qy
ncols         319
nrows         412
xllcorner     657492.000000
yllcorner     3548062.000000
cellsize      10.000000
NODATA_value  -9999.000000
[rows 165 to 197 of 412, columns 150 to 224 of 319]
0.023 0.020 0.018 0.064 0.065 0.000 -0.000 -0.000 0.013 0.012 0.007 0.003 0.009 0.068 -0.001 -0.000 -0.047 -0.074 -0.029 -0.011 -0.008 -0.008 -0.029 -0.006 -0.010 -0.001 -0.000 -0.005 -0.003 -0.001 -0.001 0.002 -0.044 0.003 0.003 0.002 0.002 0.002 0.001 0.001 0.001 0.000 0.000 -0.000 -0.000 -0.000 0.000 0.001 0.001 0.002 -0.046 -0.047 -0.003 -0.002 -0.002 -0.001 -0.001 -0.000 0.000 0.001 0.002 0.002 0.002 0.003 0.003 0.003 0.003 0.003 0.003 0.003 -0.007 -0.128 -0.084 -0.060 -0.053
0.021 0.025 0.090 0.073 0.005 -0.001 -0.000 -0.000 0.006 0.010 0.012 0.036 0.036 -0.001 -0.000 0.000 -0.043 -0.033 0.002 -0.001 -0.001 -0.007 -0.064 -0.034 -0.022 -0.001 0.000 -0.002 -0.002 -0.001 -0.001 -0.002 -0.028 -0.059 0.003 0.003 0.003 0.002 0.002 0.002 0.001 0.001 0.001 0.000 0.000 0.000 0.001 0.001 0.002 0.002 -0.082 -0.003 -0.002 -0.002 -0.001 -0.001 -0.000 0.000 0.001 0.002 0.002 0.003 0.003 0.003 0.004 0.005 0.004 0.003 0.003 0.003 -0.024 -0.080 -0.068 -0.058 -0.058
0.025 0.122 0.082 0.007 -0.001 -0.001 -0.000 0.000 0.004 0.008 0.043 0.037 -0.001 -0.000 0.000 -0.022 -0.025 -0.019 -0.002 -0.001 -0.002 -0.009 -0.035 -0.032 -0.030 -0.008 0.002 -0.003 -0.002 -0.001 -0.000 -0.002 -0.002 -0.006 -0.064 0.003 0.003 0.003 0.003 0.002 0.002 0.002 0.001 0.001 0.001 0.001 0.001 0.002 0.002 -0.067 -0.002 -0.002 -0.002 -0.001 -0.001 -0.000 0.000 0.001 0.002 0.002 0.003 0.003 0.004 0.004 0.004 0.005 0.006 0.005 0.004 0.004 -0.034 -0.049 -0.049 -0.045 -0.042
0.133 0.101 0.009 -0.001 -0.001 -0.000 0.000 0.001 0.003 0.040 0.038 -0.001 -0.000 0.000 -0.017 -0.022 -0.018 -0.003 -0.002 -0.000 -0.002 -0.015 -0.037 -0.012 -0.006 -0.018 -0.010 -0.004 -0.002 -0.001 0.000 -0.002 -0.002 -0.004 -0.008 -0.036 -0.001 0.003 0.003 0.003 0.003 0.001 0.001 0.001 0.001 0.001 0.002 0.002 -0.053 -0.002 -0.002 -0.002 -0.001 -0.001 -0.001 0.000 0.001 0.002 0.003 0.003 0.003 0.004 0.004 0.004 0.004 0.005 0.007 0.007 0.005 0.005 -0.027 -0.035 -0.035 -0.029 -0.018
0.111 0.050 0.001 -0.000 -0.000 0.000 0.000 0.001 0.035 0.036 -0.001 -0.000 0.000 -0.004 -0.025 -0.021 -0.002 -0.003 -0.002 0.000 -0.002 -0.024 -0.040 -0.002 -0.003 -0.003 -0.011 -0.006 -0.002 -0.001 -0.001 -0.002 -0.002 -0.004 -0.005 -0.005 -0.015 -0.000 0.004 0.005 0.003 0.000 0.001 0.001 0.001 0.002 0.002 -0.039 -0.002 -0.002 -0.001 -0.001 -0.001 -0.001 -0.000 0.001 0.002 0.004 0.004 0.004 0.004 0.004 0.004 0.005 0.005 0.005 0.007 0.011 0.017 0.001 -0.017 -0.027 -0.027 -0.019 -0.004
0.074 0.031 0.002 0.000 0.000 0.001 0.001 0.016 0.046 -0.001 -0.000 0.000 0.001 -0.040 -0.005 -0.001 -0.000 -0.002 -0.000 -0.001 -0.008 -0.032 -0.020 -0.002 -0.002 -0.002 -0.004 -0.007 -0.002 -0.001 -0.001 -0.002 -0.002 -0.004 -0.005 -0.004 -0.006 -0.002 0.012 0.005 0.002 0.001 0.001 0.001 0.002 0.002 -0.025 -0.002 -0.002 -0.001 -0.001 -0.000 -0.000 -0.000 0.000 -0.001 -0.001 0.007 0.008 0.006 0.005 0.005 0.005 0.005 0.005 0.005 0.010 0.041 0.019 0.001 -0.017 -0.027 -0.029 -0.017 -0.004
0.114 0.023 0.002 0.001 0.001 0.001 0.011 0.045 -0.001 -0.000 0.000 0.001 -0.013 -0.021 -0.007 0.000 0.000 -0.001 -0.000 -0.001 -0.021 -0.033 -0.004 -0.002 -0.002 -0.003 -0.003 -0.003 -0.002 -0.001 -0.001 -0.002 -0.003 -0.004 -0.004 -0.003 -0.004 -0.003 -0.002 0.033 0.002 0.001 0.001 0.002 0.002 -0.012 -0.002 -0.001 -0.001 -0.001 -0.000 0.000 0.000 0.000 0.001 -0.000 -0.001 -0.001 0.012 0.011 0.008 0.007 0.006 0.006 0.005 0.007 0.053 0.051 0.017 -0.001 -0.022 -0.036 -0.043 -0.006 -0.003
0.082 0.126 0.002 0.001 0.001 0.027 0.025 -0.001 -0.001 -0.000 0.001 -0.007 -0.012 -0.006 -0.006 -0.005 0.000 -0.000 -0.000 0.000 -0.030 -0.019 -0.001 -0.001 -0.001 -0.002 -0.002 -0.002 -0.001 -0.001 -0.002 -0.003 -0.003 -0.003 -0.003 -0.002 -0.002 -0.002 -0.001 0.038 0.004 0.001 0.000 0.001 -0.002 -0.001 -0.001 -0.001 -0.000 -0.000 -0.000 0.001 0.001 0.001 0.001 0.001 -0.000 -0.001 0.004 0.014 0.013 0.010 0.014 0.016 0.024 0.046 0.062 0.062 -0.001 -0.001 -0.035 -0.051 -0.054 -0.005 -0.003
0.032 0.067 0.080 0.043 0.135 -0.001 -0.001 -0.001 -0.000 0.000 -0.003 -0.006 -0.003 -0.002 -0.001 -0.001 -0.012 0.000 0.000 -0.006 -0.018 -0.017 0.001 0.001 0.001 -0.002 -0.002 -0.001 -0.001 -0.001 -0.002 -0.002 -0.002 -0.002 -0.002 -0.001 -0.001 -0.001 -0.001 0.005 0.000 0.005 -0.013 -0.004 -0.007 -0.001 -0.000 -0.000 0.000 0.000 0.000 -0.000 0.002 0.003 0.002 0.002 0.001 0.000 -0.001 0.008 -0.012 -0.064 -0.186 -0.051 0.000 0.032 0.053 -0.002 -0.001 -0.001 -0.001 -0.030 -0.094 -0.006 -0.003
-0.001 -0.001 -0.002 -0.007 -0.006 -0.002 -0.001 -0.000 0.000 -0.001 -0.000 -0.003 -0.001 -0.001 -0.001 -0.000 -0.006 -0.004 -0.006 -0.001 -0.001 -0.012 0.000 -0.001 -0.001 -0.002 -0.001 -0.001 -0.000 -0.001 -0.001 -0.002 -0.001 -0.001 -0.000 -0.000 -0.000 -0.000 0.001 0.001 0.000 0.003 -0.007 -0.002 -0.005 0.000 0.000 0.001 0.001 0.001 0.000 0.000 0.002 0.004 0.003 0.003 0.002 0.001 0.001 0.002 -0.041 -0.058 -0.083 -0.041 -0.004 0.028 -0.003 -0.002 -0.001 -0.000 -0.001 -0.001 -0.112 -0.006 -0.004
-0.001 -0.001 -0.001 -0.002 -0.006 -0.001 -0.000 0.000 0.001 0.001 0.000 -0.001 -0.001 -0.000 -0.000 0.000 -0.005 -0.002 -0.001 -0.001 -0.001 -0.004 -0.002 -0.001 -0.000 -0.001 -0.001 -0.000 -0.000 -0.000 -0.000 -0.000 -0.000 0.001 0.001 0.000 0.000 0.000 0.001 0.003 0.001 -0.000 0.005 -0.004 -0.011 0.001 0.001 0.002 0.002 0.001 0.001 0.001 0.001 0.002 0.005 0.005 0.004 0.003 0.002 -0.001 -0.054 -0.046 -0.045 -0.026 -0.003 -0.002 -0.003 -0.002 -0.001 -0.000 -0.001 0.000 -0.100 -0.007 -0.005
-0.000 -0.000 -0.001 -0.001 -0.003 -0.001 0.000 0.001 0.004 0.004 -0.000 -0.001 -0.000 0.000 0.000 0.000 -0.001 -0.001 -0.001 -0.000 -0.000 -0.001 -0.001 -0.001 -0.001 0.000 -0.000 0.000 0.000 0.000 0.001 0.001 0.000 0.001 0.002 0.001 0.001 0.001 0.002 0.029 0.011 0.009 0.011 -0.001 -0.012 -0.034 0.002 0.003 0.003 0.002 0.001 0.001 0.001 0.002 0.005 0.006 0.005 0.004 0.003 -0.045 -0.031 -0.026 -0.024 -0.016 -0.005 -0.004 -0.003 -0.002 -0.001 -0.001 -0.001 -0.007 -0.070 -0.011 -0.009
0.000 0.000 0.000 -0.000 -0.001 -0.000 0.000 0.001 -0.012 -0.005 -0.000 -0.000 0.000 0.003 0.002 0.001 -0.000 -0.000 -0.000 0.000 0.000 0.001 0.000 0.000 -0.000 -0.000 0.000 0.000 0.001 0.001 0.002 0.002 0.001 0.001 0.002 0.003 0.003 0.003 0.004 0.106 0.021 -0.001 -0.001 -0.001 -0.001 0.134 -0.073 -0.111 -0.023 0.002 0.002 0.001 0.001 0.002 0.006 0.003 -0.000 -0.001 -0.018 -0.064 -0.001 -0.001 -0.009 -0.007 -0.003 -0.003 -0.003 -0.001 -0.001 -0.001 -0.003 -0.010 -0.038 -0.014 -0.011
0.000 0.001 0.001 0.001 0.000 0.000 0.000 -0.001 -0.005 -0.005 0.000 0.000 0.001 0.007 0.002 0.001 0.000 0.000 0.000 0.001 0.001 0.004 0.001 0.001 0.001 0.000 0.001 0.001 0.002 0.002 0.002 0.005 0.001 0.001 0.002 0.003 0.003 0.005 0.105 0.034 -0.001 -0.001 -0.001 -0.001 -0.001 -0.003 -0.159 -0.121 -0.132 -0.051 0.002 0.002 0.001 0.002 0.013 -0.001 -0.000 -0.000 -0.016 -0.059 -0.001 -0.001 -0.005 -0.003 -0.002 -0.003 -0.003 -0.001 -0.000 -0.000 -0.004 -0.015 -0.015 -0.008 -0.009
0.001 0.001 0.002 0.002 0.003 0.001 0.001 -0.000 -0.004 -0.001 0.001 0.000 0.001 0.012 0.002 0.001 0.001 0.000 0.000 0.001 0.002 0.007 0.002 0.002 0.001 0.001 0.001 0.001 0.002 0.003 0.002 0.004 0.003 0.002 0.003 0.003 0.004 0.062 0.078 0.013 0.000 0.000 -0.000 -0.001 -0.001 -0.003 -0.004 -0.082 -0.138 -0.165 -0.043 0.004 0.007 0.009 -0.000 -0.000 -0.000 0.000 -0.023 -0.044 -0.001 -0.001 -0.002 -0.002 -0.001 -0.002 -0.002 -0.001 -0.000 0.000 -0.012 -0.009 -0.007 -0.002 -0.002
0.001 0.002 0.002 0.004 0.003 0.001 -0.002 -0.001 -0.001 0.000 0.001 0.001 0.007 0.010 0.002 0.001 0.001 0.000 0.001 0.001 0.002 0.013 0.003 0.002 0.002 0.002 0.002 0.002 0.003 0.002 0.002 0.004 0.004 0.004 0.004 0.005 0.053 0.061 0.047 0.007 0.001 0.001 0.000 -0.000 -0.001 -0.003 -0.004 -0.004 -0.003 -0.056 -0.162 -0.147 -0.007 0.005 0.000 0.000 0.000 -0.000 -0.028 -0.031 -0.001 -0.000 -0.001 -0.000 -0.000 -0.001 -0.001 -0.001 -0.000 -0.001 -0.006 -0.003 -0.012 -0.001 -0.001
0.003 0.001 0.002 0.006 0.008 -0.001 -0.001 -0.000 -0.001 -0.001 0.002 0.003 0.007 0.011 0.003 0.002 0.001 0.000 0.001 0.002 0.003 0.021 0.003 0.002 0.003 0.004 0.003 0.003 0.003 0.002 0.002 0.003 0.004 0.004 0.005 0.078 0.059 0.034 0.030 -0.004 -0.003 -0.002 -0.001 0.000 0.000 -0.003 -0.003 -0.003 -0.002 -0.002 -0.011 -0.176 -0.154 0.003 0.001 0.001 0.000 -0.000 -0.002 -0.052 0.000 0.000 0.000 0.000 0.000 0.001 0.000 -0.000 -0.000 -0.001 -0.002 -0.007 -0.023 -0.000 -0.000
-0.000 0.002 0.009 0.015 -0.001 -0.000 -0.000 0.000 -0.000 -0.001 -0.001 0.004 0.007 0.009 0.007 0.002 0.001 0.001 0.001 0.002 0.006 0.025 0.003 0.001 0.003 0.010 0.003 0.003 0.003 0.002 0.002 0.003 0.004 0.005 0.094 0.139 -0.002 -0.002 -0.003 -0.002 -0.002 -0.003 -0.001 -0.000 -0.001 -0.002 -0.001 -0.001 -0.001 -0.001 -0.001 -0.040 -0.163 -0.107 0.002 0.001 0.001 0.000 -0.001 -0.014 -0.034 0.001 0.000 0.001 0.002 0.008 -0.003 0.000 0.000 -0.001 -0.001 -0.001 -0.025 0.000 0.000
0.000 0.006 0.024 -0.000 0.000 0.000 0.001 0.001 0.000 -0.000 -0.001 -0.001 0.007 0.010 0.013 0.002 0.001 0.001 0.001 0.003 0.006 0.016 0.016 0.008 0.006 0.006 0.007 0.003 0.002 0.001 0.002 0.003 0.001 0.058 0.191 -0.000 -0.002 -0.002 -0.002 -0.001 -0.001 -0.003 -0.001 -0.000 -0.000 -0.000 -0.000 -0.000 -0.001 -0.001 0.000 -0.030 -0.097 -0.079 -0.071 0.001 0.002 0.002 0.004 0.011 -0.004 -0.055 0.001 0.001 0.016 0.003 -0.001 -0.001 -0.001 -0.001 -0.001 -0.001 -0.004 -0.008 -0.005
0.013 0.021 -0.001 -0.000 0.001 0.002 0.002 0.002 0.001 0.000 -0.000 -0.000 -0.001 0.009 0.011 0.013 0.001 0.000 0.001 0.009 0.005 0.009 0.016 0.021 0.005 0.003 0.006 0.009 0.003 0.001 0.002 0.003 -0.008 -0.160 0.013 0.001 -0.001 -0.001 -0.001 -0.001 -0.001 -0.001 -0.000 0.000 0.000 0.001 0.001 0.000 -0.000 -0.000 0.001 -0.020 -0.046 -0.040 -0.055 -0.076 0.002 0.004 0.009 0.010 0.004 -0.000 -0.001 -0.044 0.009 0.002 -0.000 -0.001 -0.001 -0.001 -0.001 -0.001 -0.002 -0.002 -0.006
0.018 -0.001 -0.000 0.000 -0.002 -0.003 -0.001 0.002 0.001 0.001 0.001 0.000 -0.001 -0.001 0.009 0.008 0.004 0.003 0.005 0.009 0.007 0.012 0.016 0.014 0.005 0.002 0.005 0.004 0.008 0.008 0.005 -0.007 -0.045 -0.064 -0.016 -0.001 -0.001 -0.000 -0.000 -0.000 -0.000 0.000 0.001 0.001 0.001 0.002 0.003 0.001 0.000 0.000 -0.000 -0.002 -0.009 -0.008 -0.008 -0.018 -0.108 -0.030 0.007 0.007 0.002 0.000 -0.000 -0.007 -0.019 0.001 0.001 -0.000 -0.000 -0.000 -0.001 -0.001 -0.001 -0.001 -0.002
-0.001 -0.000 0.000 0.001 -0.008 -0.006 -0.003 -0.002 -0.000 0.001 0.001 0.001 0.000 -0.000 -0.001 0.006 0.004 0.003 0.005 0.008 0.012 0.016 0.018 0.006 -0.001 -0.000 0.009 0.007 0.007 0.010 -0.011 -0.052 -0.012 -0.020 -0.002 -0.001 -0.000 0.000 0.000 0.000 0.000 0.001 0.001 0.002 0.002 0.002 0.007 0.001 0.001 0.001 -0.000 -0.001 -0.001 -0.006 -0.006 -0.005 -0.012 -0.016 -0.012 -0.088 0.002 0.001 0.000 0.009 -0.004 -0.008 -0.013 0.000 0.001 0.001 0.000 -0.000 -0.000 -0.000 -0.001
-0.000 0.000 0.001 -0.011 -0.010 -0.008 -0.005 -0.003 -0.002 -0.001 0.003 -0.001 -0.001 -0.000 -0.001 -0.003 0.003 0.001 0.003 0.006 0.016 0.023 0.031 -0.001 -0.000 -0.000 -0.000 -0.000 0.008 -0.003 -0.037 -0.011 -0.002 -0.005 -0.002 -0.001 0.000 0.001 0.001 0.001 0.001 0.001 0.002 0.002 0.003 0.003 0.008 0.004 0.003 0.008 -0.001 -0.001 -0.001 -0.001 -0.009 -0.007 -0.003 -0.011 -0.008 -0.004 -0.083 0.002 0.006 0.005 -0.001 -0.001 -0.002 -0.004 -0.014 0.001 -0.001 0.000 0.000 0.000 -0.001
0.000 0.001 -0.012 -0.013 -0.013 -0.012 -0.005 -0.003 -0.002 -0.001 -0.001 -0.001 -0.001 -0.000 -0.002 -0.002 -0.003 -0.005 -0.001 -0.002 0.022 0.030 0.046 0.000 0.000 0.000 0.000 0.000 0.003 -0.022 -0.011 -0.005 -0.003 -0.002 -0.001 -0.000 0.000 0.003 0.002 0.001 0.001 0.002 0.002 0.003 0.003 0.004 0.026 0.013 0.007 -0.003 -0.001 -0.000 -0.000 -0.001 -0.003 -0.009 -0.004 -0.005 -0.009 -0.004 -0.004 -0.003 -0.028 -0.027 0.001 -0.000 -0.000 -0.000 -0.009 -0.002 0.001 0.002 -0.001 -0.000 0.000
0.001 -0.012 -0.015 -0.017 -0.018 -0.021 -0.002 -0.001 -0.003 -0.002 -0.002 -0.002 -0.001 -0.001 -0.001 -0.001 -0.002 -0.002 -0.000 -0.002 -0.003 0.024 0.081 0.001 0.001 0.001 0.001 0.001 -0.008 -0.010 -0.004 -0.004 -0.003 -0.002 -0.001 0.000 0.001 0.006 0.002 0.001 0.001 0.002 0.003 0.003 0.007 0.038 0.025 0.014 -0.007 -0.004 0.000 0.000 0.000 -0.000 -0.001 -0.005 -0.006 -0.004 -0.004 -0.003 -0.005 -0.004 -0.002 -0.007 -0.040 0.001 0.000 0.000 -0.001 -0.003 0.001 -0.001 -0.000 0.000 0.000
0.001 -0.021 -0.020 -0.020 -0.020 -0.018 -0.002 -0.002 -0.003 -0.003 -0.001 -0.000 -0.001 -0.001 -0.001 -0.000 -0.001 0.001 0.000 -0.004 -0.004 -0.002 0.023 0.055 0.018 0.006 0.013 -0.002 -0.002 -0.003 -0.003 -0.003 -0.003 -0.002 -0.000 0.000 0.001 0.008 0.005 0.001 0.001 0.000 0.002 -0.001 0.058 0.044 0.024 0.006 -0.016 -0.011 0.001 0.001 0.001 0.000 -0.001 -0.002 -0.004 -0.004 -0.003 -0.002 -0.004 -0.004 -0.002 -0.003 -0.004 -0.029 0.002 0.003 -0.002 -0.001 -0.001 -0.000 0.000 0.000 0.000
0.001 -0.030 -0.025 -0.024 -0.025 -0.011 -0.002 -0.002 -0.002 -0.002 -0.001 -0.001 -0.001 -0.000 -0.000 -0.000 -0.001 -0.001 -0.001 -0.001 -0.001 -0.001 -0.001 0.050 0.041 0.010 0.024 -0.001 -0.001 -0.002 -0.002 -0.001 -0.002 -0.002 -0.000 0.000 -0.004 -0.005 -0.002 0.007 0.008 -0.014 -0.026 0.003 0.182 0.055 0.010 -0.016 -0.015 -0.013 -0.007 0.001 0.001 0.001 -0.001 -0.001 -0.002 -0.002 -0.002 -0.001 -0.004 -0.003 -0.003 -0.003 -0.004 -0.003 -0.006 -0.007 -0.002 -0.001 -0.000 0.000 0.000 0.000 0.000
-0.016 -0.029 -0.026 -0.024 -0.026 -0.005 -0.003 -0.002 -0.002 -0.001 -0.000 -0.000 0.000 0.000 0.000 0.000 -0.000 -0.000 -0.000 0.001 0.000 -0.000 -0.000 0.025 0.052 0.026 0.028 -0.000 -0.001 -0.001 -0.001 -0.000 -0.001 -0.002 -0.001 -0.002 -0.002 -0.002 -0.002 -0.002 -0.006 -0.013 -0.029 -0.069 -0.142 -0.074 -0.018 -0.016 -0.015 -0.014 -0.012 0.000 0.002 0.001 -0.000 -0.000 -0.001 -0.001 -0.002 -0.003 -0.004 -0.003 -0.002 -0.003 -0.004 -0.002 -0.005 -0.003 -0.001 -0.001 0.000 0.000 0.000 0.000 0.000
-0.031 -0.032 -0.025 -0.022 -0.019 -0.003 -0.002 -0.003 -0.003 -0.002 0.000 0.001 0.002 0.001 0.001 0.001 0.001 0.000 0.000 0.002 0.002 0.000 0.000 0.012 0.026 0.063 0.037 -0.000 -0.000 -0.000 0.000 0.000 0.000 -0.001 -0.001 -0.001 -0.001 -0.001 -0.001 -0.002 -0.012 -0.017 -0.035 -0.088 -0.122 -0.028 -0.015 -0.015 -0.015 -0.015 -0.013 -0.006 0.002 0.001 0.001 0.000 0.000 0.000 -0.001 -0.002 -0.003 -0.003 -0.002 -0.003 -0.002 -0.001 -0.003 -0.001 -0.001 0.000 0.000 0.000 0.000 0.000 0.000
-0.057 -0.030 -0.018 -0.021 -0.010 -0.002 -0.002 -0.001 -0.002 -0.002 -0.002 0.001 0.007 0.001 0.001 0.002 0.001 0.001 0.001 0.001 0.007 0.001 0.001 -0.029 -0.000 0.111 0.063 0.001 0.001 0.001 0.001 0.005 -0.001 -0.001 -0.001 -0.001 -0.001 -0.001 -0.001 -0.003 -0.019 -0.022 -0.039 -0.096 -0.081 -0.014 -0.012 -0.014 -0.015 -0.015 -0.017 -0.008 0.001 0.002 0.001 0.001 0.001 0.001 0.001 -0.001 -0.002 -0.002 -0.002 -0.002 -0.001 -0.001 -0.002 -0.001 0.000 0.000 0.000 0.000 0.000 0.000 0.000
-0.047 -0.017 -0.009 -0.011 -0.005 -0.003 -0.002 -0.001 -0.001 -0.002 -0.003 -0.005 -0.002 0.010 0.016 0.004 0.002 0.002 0.001 0.003 0.006 0.003 -0.068 -0.064 -0.060 -0.027 0.044 0.001 0.002 0.003 0.004 -0.000 -0.000 -0.000 -0.000 0.000 0.000 -0.001 -0.001 -0.004 -0.031 -0.024 -0.042 -0.105 -0.029 -0.009 -0.009 -0.011 -0.013 -0.016 -0.018 -0.008 -0.004 0.002 0.002 0.002 0.002 0.002 0.001 0.001 -0.001 -0.002 -0.002 -0.002 -0.001 -0.001 0.000 0.000 0.000 0.000 0.000 0.000 0.000 0.000 0.000
-0.056 -0.029 -0.005 -0.004 -0.004 -0.002 -0.002 -0.001 -0.001 -0.002 -0.003 -0.005 -0.001 -0.001 0.002 0.020 0.010 0.004 0.003 0.005 -0.017 -0.044 -0.063 -0.096 -0.002 -0.001 -0.002 -0.082 -0.011 0.002 0.001 0.000 0.000 0.000 0.000 0.001 0.001 -0.000 -0.002 -0.005 -0.040 -0.030 -0.044 -0.079 -0.014 -0.006 -0.006 -0.007 -0.008 -0.021 -0.013 -0.008 -0.008 0.001 0.003 0.003 0.002 0.002 0.002 0.001 -0.001 -0.001 -0.001 -0.001 -0.001 0.000 0.000 0.000 0.000 0.000 0.000 0.000 0.000 0.000 0.000
-0.047 -0.035 -0.004 -0.003 -0.002 -0.002 -0.001 -0.001 -0.001 -0.001 -0.002 -0.002 -0.000 -0.000 -0.000 0.012 0.016 0.008 0.005 0.006 -0.060 -0.053 -0.042 -0.047 -0.002 -0.001 -0.002 -0.002 -0.030 -0.049 0.001 0.001 0.001 0.000 0.001 0.001 0.002 0.001 -0.004 -0.008 -0.040 -0.037 -0.040 -0.052 -0.014 -0.004 -0.004 -0.004 -0.012 -0.029 0.007 -0.005 -0.006 -0.007 0.003 0.004 0.003 0.003 0.003 0.001 -0.001 -0.001 -0.001 -0.001 0.000 0.000 0.000 0.000 0.000 0.000 0.000 0.000 0.000 0.000 0.000
