Project1/res/jiangbei.maxVx
ncols         320
nrows         411
xllcorner     657487.000000
yllcorner     3548067.000000
cellsize      10.000000
NODATA_value  -9999.000000
[rows 170 to 203 of 411, columns 0 to 76 of 320]
0.000 0.000 0.000 0.000 0.000 0.000 0.000 0.000 0.000 0.000 0.000 0.000 0.000 0.000 0.000 0.000 0.000 0.000 0.000 0.000 0.000 0.000 0.000 0.000 0.000 0.000 0.000 0.000 0.000 0.000 0.094 0.090 0.041 0.063 0.053 0.052 0.025 0.062 0.076 0.086 0.067 0.106 0.152 0.220 0.170 0.067 0.129 0.159 0.108 0.012 0.007 0.096 0.047 0.035 0.066 0.099 0.098 0.067 0.070 0.118 0.116 0.065 0.089 0.105 0.158 0.240 0.280 0.099 0.064 0.050 0.044 0.111 0.115 0.102 0.090 0.064 0.017
0.000 0.000 0.000 0.000 0.000 0.000 0.000 0.000 0.000 0.000 0.000 0.000 0.000 0.000 0.000 0.000 0.000 0.000 0.000 0.000 0.000 0.000 0.000 0.000 0.000 0.000 0.000 0.000 0.000 0.000 0.118 0.126 0.073 0.033 0.041 0.026 0.043 0.063 0.077 0.083 0.098 0.159 0.229 0.268 0.207 0.087 0.169 0.228 0.233 0.120 0.053 0.109 0.067 0.019 0.026 0.078 0.106 0.077 0.029 0.037 0.033 0.071 0.097 0.128 0.138 0.215 0.241 0.101 0.074 0.086 0.133 0.129 0.100 0.078 0.062 0.048 0.007
0.000 0.000 0.000 0.000 0.000 0.000 0.000 0.000 0.000 0.000 0.000 0.000 0.000 0.000 0.000 0.000 0.000 0.000 0.000 0.000 0.000 0.000 0.000 0.000 0.000 0.000 0.000 0.000 0.000 0.000 0.140 0.145 0.058 0.079 0.031 0.059 0.063 0.071 0.080 0.059 0.057 0.078 0.113 0.156 0.138 0.090 0.101 0.214 0.180 0.055 0.031 0.096 0.065 0.072 0.064 0.022 0.079 0.092 0.015 0.040 0.053 0.090 0.091 0.110 0.081 0.101 0.145 0.161 0.237 0.093 0.141 0.115 0.074 0.040 0.051 0.043 0.011
0.000 0.000 0.000 0.000 0.000 0.000 0.000 0.000 0.000 0.000 0.000 0.000 0.000 0.000 0.000 0.000 0.000 0.000 0.000 0.000 0.000 0.000 0.000 0.000 0.000 0.000 0.000 0.000 0.000 0.000 0.109 0.136 0.036 0.053 0.029 0.052 0.067 0.079 0.090 0.045 0.027 0.013 0.063 0.112 0.110 0.085 0.027 0.084 0.094 0.052 0.033 0.019 0.075 0.103 0.083 0.055 0.040 0.076 0.054 0.034 0.072 0.104 0.067 0.071 0.020 0.058 0.062 0.158 0.166 0.107 0.234 0.134 0.085 0.018 0.017 0.047 0.035
0.000 0.000 0.000 0.000 0.000 0.000 0.000 0.000 0.000 0.000 0.000 0.000 0.000 0.000 0.000 0.000 0.000 0.000 0.000 0.000 0.000 0.000 0.000 0.000 0.000 0.000 0.000 0.000 0.000 0.000 0.112 0.125 0.026 0.046 0.006 0.037 0.057 0.073 0.090 0.053 0.041 0.029 0.036 0.087 0.095 0.093 0.016 0.087 0.089 0.055 0.027 0.027 0.105 0.103 0.062 0.074 0.033 0.049 0.056 0.022 0.087 0.117 0.039 0.038 0.014 0.033 0.092 0.156 0.133 0.134 0.065 0.188 0.128 0.056 0.070 0.101 0.062
0.000 0.000 0.000 0.000 0.000 0.000 0.000 0.000 0.000 0.000 0.000 0.000 0.000 0.000 0.000 0.000 0.000 0.000 0.000 0.000 0.000 0.000 0.000 0.000 0.000 0.000 0.000 0.000 0.000 0.000 0.110 0.123 0.045 0.036 0.012 0.024 0.045 0.067 0.088 0.057 0.034 0.023 0.054 0.111 0.124 0.098 0.062 0.130 0.260 0.197 0.104 0.213 0.149 0.108 0.099 0.088 0.043 0.050 0.051 0.022 0.068 0.099 0.074 0.013 0.061 0.036 0.040 0.026 0.055 0.088 0.080 0.082 0.082 0.018 0.038 0.058 0.045
0.000 0.000 0.000 0.000 0.000 0.000 0.000 0.000 0.000 0.000 0.000 0.000 0.000 0.000 0.000 0.000 0.000 0.000 0.000 0.000 0.000 0.000 0.000 0.000 0.000 0.000 0.000 0.000 0.000 0.000 0.128 0.161 0.090 0.033 0.022 0.008 0.031 0.060 0.080 0.073 0.082 0.077 0.125 0.167 0.154 0.282 0.294 0.313 0.315 0.237 0.138 0.101 0.130 0.093 0.106 0.091 0.044 0.058 0.047 0.065 0.025 0.047 0.069 0.080 0.045 0.076 0.047 0.046 0.029 0.065 0.050 0.065 0.087 0.069 0.108 0.043 0.068
0.000 0.000 0.000 0.000 0.000 0.000 0.000 0.000 0.000 0.000 0.000 0.000 0.000 0.000 0.000 0.000 0.000 0.000 0.000 0.000 0.000 0.000 0.000 0.000 0.000 0.000 0.000 0.000 0.000 0.000 0.060 0.086 0.092 0.059 0.044 0.036 0.035 0.059 0.070 0.068 0.079 0.103 0.188 0.225 0.205 0.071 0.091 0.068 0.200 0.217 0.128 0.044 0.052 0.111 0.093 0.082 0.022 0.054 0.017 0.086 0.073 0.045 0.039 0.079 0.083 0.043 0.068 0.062 0.048 0.016 0.040 0.084 0.139 0.143 0.083 0.062 0.046
0.000 0.000 0.000 0.000 0.000 0.000 0.000 0.000 0.000 0.000 0.000 0.000 0.000 0.000 0.000 0.000 0.000 0.000 0.000 0.000 0.000 0.000 0.000 0.000 0.000 0.000 0.000 0.000 0.000 0.090 0.094 0.083 0.084 0.056 0.076 0.084 0.068 0.070 0.054 0.049 0.066 0.113 0.247 0.355 0.279 0.088 0.131 0.123 0.168 0.179 0.129 0.030 0.058 0.047 0.097 0.053 0.069 0.120 0.009 0.098 0.097 0.084 0.049 0.043 0.079 0.089 0.083 0.074 0.050 0.034 0.030 0.065 0.147 0.145 0.064 0.077 0.147
0.000 0.000 0.000 0.000 0.000 0.000 0.000 0.000 0.000 0.000 0.000 0.000 0.000 0.000 0.000 0.000 0.000 0.000 0.000 0.000 0.000 0.000 0.000 0.000 0.000 0.000 0.000 0.000 0.000 0.075 0.103 0.105 0.097 0.082 0.085 0.093 0.071 0.081 0.090 0.090 0.099 0.152 0.261 0.267 0.173 0.078 0.060 0.028 0.054 0.125 0.113 0.045 0.043 0.036 0.065 0.041 0.057 0.097 0.057 0.079 0.123 0.100 0.079 0.044 0.040 0.083 0.051 0.056 0.027 0.052 0.063 0.124 0.207 0.202 0.098 0.054 0.059
0.000 0.000 0.000 0.000 0.000 0.000 0.000 0.000 0.000 0.000 0.000 0.000 0.000 0.000 0.000 0.000 0.000 0.000 0.000 0.000 0.000 0.000 0.000 0.000 0.000 0.000 0.000 0.000 0.000 0.095 0.094 0.094 0.097 0.088 0.096 0.105 0.112 0.088 0.104 0.099 0.087 0.058 0.032 0.060 0.042 0.047 0.023 0.044 0.056 0.066 0.025 0.070 0.033 0.028 0.033 0.040 0.052 0.097 0.059 0.091 0.136 0.105 0.074 0.073 0.047 0.041 0.039 0.017 0.055 0.068 0.043 0.079 0.137 0.145 0.086 0.090 0.097
0.000 0.000 0.000 0.000 0.000 0.000 0.000 0.000 0.000 0.000 0.000 0.000 0.000 0.000 0.000 0.000 0.000 0.000 0.000 0.000 0.000 0.000 0.000 0.000 0.000 0.000 0.000 0.000 0.000 0.097 0.081 0.093 0.105 0.102 0.147 0.131 0.102 0.093 0.099 0.100 0.089 0.083 0.042 0.025 0.037 0.036 0.013 0.051 0.065 0.100 0.056 0.082 0.043 0.025 0.019 0.027 0.020 0.052 0.033 0.023 0.025 0.007 0.030 0.024 0.073 0.061 0.042 0.031 0.065 0.075 0.009 0.021 0.061 0.077 0.059 0.076 0.117
0.000 0.000 0.000 0.000 0.000 0.000 0.000 0.000 0.000 0.000 0.000 0.000 0.000 0.000 0.000 0.000 0.000 0.000 0.000 0.000 0.000 0.000 0.000 0.000 0.000 0.000 0.000 0.000 0.000 0.086 0.083 0.101 0.109 0.151 0.139 0.092 0.087 0.088 0.079 0.094 0.117 0.123 0.105 0.079 0.073 0.091 0.112 0.116 0.129 0.066 0.056 0.095 0.063 0.042 0.037 0.032 0.014 0.027 0.026 0.023 0.030 0.037 0.049 0.081 0.055 0.067 0.081 0.059 0.015 0.059 0.063 0.040 0.023 0.023 0.046 0.070 0.101
0.000 0.000 0.000 0.000 0.000 0.000 0.000 0.000 0.000 0.000 0.000 0.000 0.000 0.000 0.000 0.000 0.000 0.000 0.000 0.000 0.000 0.000 0.000 0.000 0.000 0.000 0.000 0.000 0.000 0.077 0.086 0.104 0.146 0.117 0.083 0.075 0.082 0.086 0.087 0.081 0.099 0.125 0.140 0.134 0.112 0.125 0.128 0.123 0.108 0.033 0.085 0.120 0.093 0.073 0.064 0.044 0.014 0.037 0.049 0.052 0.065 0.072 0.084 0.096 0.093 0.070 0.089 0.108 0.077 0.009 0.051 0.055 0.028 0.006 0.050 0.059 0.055
0.000 0.000 0.000 0.000 0.000 0.000 0.000 0.000 0.000 0.000 0.000 0.000 0.000 0.000 0.000 0.000 0.000 0.000 0.000 0.000 0.000 0.000 0.000 0.000 0.000 0.000 0.000 0.000 0.000 0.075 0.100 0.125 0.108 0.069 0.071 0.076 0.083 0.086 0.089 0.090 0.086 0.098 0.127 0.150 0.164 0.156 0.155 0.138 0.091 0.036 0.090 0.084 0.047 0.035 0.046 0.036 0.039 0.077 0.097 0.107 0.111 0.120 0.133 0.144 0.147 0.082 0.030 0.105 0.124 0.088 0.020 0.039 0.045 0.059 0.068 0.051 0.014
0.000 0.000 0.000 0.000 0.000 0.000 0.000 0.000 0.000 0.000 0.000 0.000 0.000 0.000 0.000 0.000 0.000 0.000 0.000 0.000 0.000 0.000 0.000 0.000 0.000 0.000 0.000 0.000 0.000 0.080 0.087 0.083 0.066 0.062 0.073 0.078 0.082 0.086 0.088 0.090 0.090 0.088 0.095 0.124 0.154 0.173 0.179 0.155 0.115 0.040 0.082 0.067 0.027 0.016 0.022 0.010 0.044 0.083 0.119 0.145 0.165 0.170 0.175 0.175 0.155 0.078 0.032 0.042 0.151 0.154 0.109 0.026 0.046 0.077 0.101 0.078 0.043
0.000 0.000 0.000 0.000 0.000 0.000 0.000 0.000 0.000 0.000 0.000 0.000 0.000 0.000 0.000 0.000 0.000 0.000 0.000 0.000 0.000 0.000 0.000 0.000 0.000 0.000 0.000 0.000 0.000 0.070 0.067 0.057 0.059 0.067 0.074 0.078 0.082 0.084 0.086 0.087 0.087 0.087 0.085 0.087 0.117 0.146 0.170 0.128 0.099 0.045 0.065 0.041 0.010 0.003 0.024 0.007 0.050 0.067 0.073 0.077 0.101 0.144 0.172 0.176 0.143 0.058 0.015 0.038 0.169 0.144 0.094 0.039 0.045 0.081 0.051 0.061 0.059
0.000 0.000 0.000 0.000 0.000 0.000 0.000 0.000 0.000 0.000 0.000 0.000 0.000 0.000 0.000 0.000 0.000 0.000 0.000 0.000 0.000 0.000 0.000 0.000 0.000 0.000 0.000 0.000 0.000 0.068 0.046 0.052 0.061 0.068 0.074 0.078 0.080 0.081 0.082 0.082 0.083 0.082 0.080 0.080 0.080 0.101 0.162 0.095 0.047 0.043 0.005 0.012 0.015 0.018 0.028 0.017 0.050 0.069 0.037 0.067 0.084 0.107 0.130 0.172 0.160 0.051 0.024 0.042 0.110 0.116 0.099 0.057 0.011 0.054 0.078 0.085 0.043
0.000 0.000 0.000 0.000 0.000 0.000 0.000 0.000 0.000 0.000 0.000 0.000 0.000 0.000 0.000 0.000 0.000 0.000 0.000 0.000 0.000 0.000 0.000 0.000 0.000 0.000 0.000 0.000 0.000 0.071 0.024 0.051 0.062 0.069 0.073 0.076 0.078 0.078 0.079 0.078 0.077 0.076 0.075 0.075 0.076 0.075 0.072 0.023 0.048 0.037 0.031 0.036 0.046 0.076 0.078 0.051 0.082 0.070 0.054 0.062 0.087 0.086 0.086 0.094 0.095 0.065 0.022 0.068 0.134 0.101 0.116 0.109 0.059 0.026 0.072 0.073 0.032
0.000 0.000 0.000 0.000 0.000 0.000 0.000 0.000 0.000 0.000 0.000 0.000 0.000 0.000 0.000 0.000 0.000 0.000 0.000 0.000 0.000 0.000 0.000 0.000 0.000 0.000 0.000 0.000 0.000 0.074 0.054 0.062 0.068 0.072 0.076 0.078 0.079 0.079 0.079 0.078 0.078 0.077 0.077 0.081 0.083 0.084 0.070 0.028 0.046 0.046 0.030 0.036 0.042 0.081 0.120 0.142 0.151 0.085 0.026 0.012 0.009 0.028 0.031 0.042 0.064 0.070 0.064 0.060 0.119 0.098 0.126 0.127 0.089 0.027 0.058 0.066 0.069
0.000 0.000 0.000 0.000 0.000 0.000 0.000 0.000 0.000 0.000 0.000 0.000 0.000 0.000 0.000 0.000 0.000 0.000 0.000 0.000 0.000 0.000 0.000 0.000 0.000 0.000 0.000 0.000 0.000 0.068 0.055 0.064 0.070 0.075 0.079 0.082 0.083 0.084 0.087 0.089 0.095 0.103 0.106 0.116 0.121 0.121 0.100 0.042 0.035 0.067 0.037 0.009 0.027 0.062 0.100 0.152 0.189 0.150 0.019 0.038 0.040 0.032 0.030 0.026 0.032 0.056 0.059 0.049 0.083 0.107 0.116 0.114 0.082 0.004 0.071 0.079 0.081
0.000 0.000 0.000 0.000 0.000 0.000 0.000 0.000 0.000 0.000 0.000 0.000 0.000 0.000 0.000 0.000 0.000 0.000 0.000 0.000 0.000 0.000 0.000 0.000 0.000 0.000 0.000 0.000 0.000 0.076 0.061 0.068 0.074 0.082 0.088 0.094 0.098 0.103 0.111 0.115 0.121 0.124 0.124 0.125 0.118 0.110 0.082 0.043 0.035 0.090 0.060 0.032 0.034 0.062 0.079 0.118 0.167 0.169 0.097 0.037 0.047 0.054 0.062 0.045 0.031 0.076 0.080 0.063 0.058 0.108 0.155 0.127 0.071 0.043 0.084 0.083 0.035
0.000 0.000 0.000 0.000 0.000 0.000 0.000 0.000 0.000 0.000 0.000 0.000 0.000 0.000 0.000 0.000 0.000 0.000 0.000 0.000 0.000 0.000 0.000 0.000 0.000 0.000 0.000 0.000 0.000 0.089 0.066 0.072 0.079 0.086 0.089 0.091 0.091 0.088 0.087 0.077 0.072 0.066 0.054 0.052 0.046 0.043 0.040 0.038 0.018 0.060 0.047 0.020 0.057 0.062 0.065 0.097 0.153 0.164 0.136 0.045 0.068 0.095 0.086 0.046 0.043 0.096 0.081 0.019 0.031 0.125 0.180 0.128 0.050 0.057 0.081 0.074 0.152
0.000 0.000 0.000 0.000 0.000 0.000 0.000 0.000 0.000 0.000 0.000 0.000 0.000 0.000 0.000 0.000 0.000 0.000 0.000 0.000 0.000 0.000 0.000 0.000 0.000 0.000 0.000 0.000 0.000 0.066 0.056 0.065 0.071 0.072 0.064 0.052 0.043 0.037 0.032 0.029 0.028 0.029 0.033 0.020 0.030 0.023 0.032 0.025 0.018 0.063 0.036 0.045 0.074 0.105 0.144 0.219 0.281 0.275 0.122 0.060 0.072 0.124 0.086 0.041 0.034 0.092 0.086 0.022 0.031 0.097 0.115 0.076 0.021 0.072 0.050 0.116 0.085
0.000 0.000 0.000 0.000 0.000 0.000 0.000 0.000 0.000 0.000 0.000 0.000 0.000 0.000 0.000 0.000 0.000 0.000 0.000 0.000 0.000 0.000 0.000 0.000 0.000 0.000 0.000 0.000 0.000 0.067 0.052 0.068 0.079 0.084 0.087 0.086 0.079 0.075 0.062 0.060 0.053 0.049 0.050 0.044 0.046 0.044 0.044 0.047 0.060 0.075 0.037 0.048 0.066 0.069 0.089 0.121 0.159 0.155 0.087 0.048 0.081 0.111 0.077 0.042 0.011 0.069 0.055 0.077 0.084 0.077 0.075 0.047 0.048 0.062 0.077 0.087 0.066
0.000 0.000 0.000 0.000 0.000 0.000 0.000 0.000 0.000 0.000 0.000 0.000 0.000 0.000 0.000 0.000 0.000 0.000 0.000 0.000 0.000 0.000 0.000 0.000 0.000 0.000 0.000 0.000 0.000 0.080 0.062 0.076 0.088 0.105 0.121 0.141 0.155 0.166 0.171 0.177 0.179 0.181 0.179 0.174 0.165 0.156 0.132 0.091 0.062 0.080 0.046 0.037 0.040 0.031 0.034 0.056 0.106 0.130 0.086 0.261 0.130 0.091 0.072 0.069 0.058 0.070 0.093 0.094 0.088 0.059 0.010 0.037 0.052 0.037 0.050 0.048 0.085
0.000 0.000 0.000 0.000 0.000 0.000 0.000 0.000 0.000 0.000 0.000 0.000 0.000 0.000 0.000 0.000 0.000 0.000 0.000 0.000 0.000 0.000 0.000 0.000 0.000 0.000 0.000 0.000 0.000 0.075 0.069 0.073 0.084 0.091 0.098 0.110 0.120 0.134 0.145 0.166 0.170 0.183 0.194 0.202 0.211 0.217 0.201 0.128 0.072 0.071 0.068 0.035 0.024 0.033 0.032 0.018 0.074 0.092 0.054 0.061 0.101 0.144 0.146 0.162 0.149 0.078 0.056 0.091 0.073 0.042 0.041 0.052 0.030 0.122 0.107 0.050 0.075
0.000 0.000 0.000 0.000 0.000 0.000 0.000 0.000 0.000 0.000 0.000 0.000 0.000 0.000 0.000 0.000 0.000 0.000 0.000 0.000 0.000 0.000 0.000 0.000 0.000 0.000 0.000 0.000 0.000 0.076 0.062 0.073 0.078 0.087 0.092 0.097 0.101 0.106 0.112 0.122 0.128 0.139 0.151 0.161 0.171 0.181 0.168 0.107 0.088 0.145 0.151 0.100 0.051 0.070 0.070 0.033 0.091 0.114 0.079 0.063 0.152 0.105 0.151 0.151 0.071 0.061 0.064 0.066 0.040 0.029 0.061 0.043 0.118 0.254 0.178 0.065 0.095
0.000 0.000 0.000 0.000 0.000 0.000 0.000 0.000 0.000 0.000 0.000 0.000 0.000 0.000 0.000 0.000 0.000 0.000 0.000 0.000 0.000 0.000 0.000 0.000 0.000 0.000 0.000 0.000 0.000 0.079 0.072 0.066 0.075 0.083 0.088 0.092 0.094 0.097 0.101 0.104 0.107 0.112 0.116 0.119 0.126 0.127 0.141 0.079 0.068 0.094 0.135 0.159 0.089 0.029 0.085 0.051 0.096 0.160 0.027 0.102 0.050 0.067 0.052 0.089 0.074 0.060 0.044 0.007 0.043 0.066 0.055 0.123 0.097 0.189 0.090 0.072 0.052
0.000 0.000 0.000 0.000 0.000 0.000 0.000 0.000 0.000 0.000 0.000 0.000 0.000 0.000 0.000 0.000 0.000 0.000 0.000 0.000 0.000 0.000 0.000 0.000 0.000 0.000 0.000 0.000 0.000 0.085 0.074 0.065 0.062 0.070 0.078 0.086 0.089 0.092 0.095 0.098 0.100 0.102 0.102 0.100 0.089 0.098 0.245 0.136 0.061 0.026 0.046 0.080 0.064 0.031 0.094 0.053 0.090 0.133 0.033 0.095 0.090 0.014 0.012 0.067 0.056 0.042 0.021 0.060 0.066 0.080 0.216 0.146 0.086 0.107 0.084 0.046 0.020
0.000 0.000 0.000 0.000 0.000 0.000 0.000 0.000 0.000 0.000 0.000 0.000 0.000 0.000 0.000 0.000 0.000 0.000 0.000 0.000 0.000 0.000 0.000 0.000 0.000 0.000 0.000 0.000 0.000 0.090 0.072 0.033 0.056 0.062 0.069 0.078 0.083 0.087 0.090 0.093 0.094 0.094 0.091 0.086 0.088 0.137 0.185 0.068 0.070 0.055 0.035 0.087 0.070 0.056 0.070 0.036 0.089 0.116 0.038 0.075 0.080 0.050 0.023 0.043 0.024 0.002 0.059 0.076 0.075 0.274 0.071 0.068 0.012 0.069 0.071 0.030 0.058
0.000 0.000 0.000 0.000 0.000 0.000 0.000 0.000 0.000 0.000 0.000 0.000 0.000 0.000 0.000 0.000 0.000 0.000 0.000 0.000 0.000 0.000 0.000 0.000 0.000 0.000 0.000 0.000 0.000 0.087 0.061 0.053 0.059 0.063 0.065 0.071 0.077 0.082 0.085 0.088 0.088 0.086 0.082 0.094 0.101 0.135 0.070 0.080 0.069 0.061 0.016 0.076 0.075 0.055 0.063 0.022 0.070 0.083 0.052 0.030 0.035 0.008 0.040 0.029 0.022 0.061 0.079 0.051 0.038 0.089 0.078 0.042 0.046 0.075 0.061 0.048 0.061
0.000 0.000 0.000 0.000 0.000 0.000 0.000 0.000 0.000 0.000 0.000 0.000 0.000 0.000 0.000 0.000 0.000 0.000 0.000 0.000 0.000 0.000 0.000 0.000 0.000 0.000 0.000 0.000 0.000 0.095 0.065 0.058 0.061 0.064 0.060 0.065 0.069 0.075 0.079 0.081 0.082 0.078 0.094 0.085 0.128 0.069 0.084 0.054 0.065 0.063 0.033 0.093 0.086 0.054 0.062 0.021 0.085 0.095 0.060 0.065 0.054 0.039 0.033 0.049 0.071 0.085 0.057 0.047 0.026 0.087 0.068 0.017 0.044 0.100 0.045 0.047 0.003
0.000 0.000 0.000 0.000 0.000 0.000 0.000 0.000 0.000 0.000 0.000 0.000 0.000 0.000 0.000 0.000 0.000 0.000 0.000 0.000 0.000 0.000 0.000 0.000 0.000 0.000 0.000 0.000 0.000 0.100 0.063 0.053 0.069 0.082 0.079 0.065 0.057 0.066 0.072 0.073 0.075 0.093 0.090 0.136 0.095 0.083 0.056 0.014 0.051 0.054 0.045 0.104 0.124 0.020 0.084 0.040 0.067 0.101 0.048 0.061 0.043 0.016 0.035 0.060 0.081 0.071 0.028 0.051 0.105 0.086 0.103 0.045 0.056 0.051 0.054 0.053 0.029
