Project1/res/jiangbei.maxtm
ncols         319
nrows         411
xllcorner     657492.000000
yllcorner     3548067.000000
cellsize      10.000000
NODATA_value  -9999.000000
[rows 180 to 209 of 411, columns 0 to 66 of 319]
-9999.000 -9999.000 -9999.000 -9999.000 -9999.000 -9999.000 -9999.000 -9999.000 -9999.000 -9999.000 -9999.000 -9999.000 -9999.000 -9999.000 -9999.000 -9999.000 -9999.000 -9999.000 -9999.000 -9999.000 -9999.000 -9999.000 -9999.000 -9999.000 -9999.000 -9999.000 -9999.000 -9999.000 0.420 0.427 0.435 0.443 0.451 0.467 0.565 0.590 0.597 0.603 0.608 0.612 0.617 0.627 0.637 0.426 0.436 0.419 0.416 0.423 0.726 0.727 0.727 0.656 0.433 0.454 0.449 0.432 0.436 2.023 2.022 2.020 2.016 0.440 0.429 0.421 0.414 0.422 0.432
-9999.000 -9999.000 -9999.000 -9999.000 -9999.000 -9999.000 -9999.000 -9999.000 -9999.000 -9999.000 -9999.000 -9999.000 -9999.000 -9999.000 -9999.000 -9999.000 -9999.000 -9999.000 -9999.000 -9999.000 -9999.000 -9999.000 -9999.000 -9999.000 -9999.000 -9999.000 -9999.000 -9999.000 0.425 0.436 0.444 0.450 0.464 0.513 0.554 0.581 0.594 0.602 0.609 0.615 0.620 0.629 0.639 0.418 0.653 0.446 0.437 0.690 0.721 0.723 0.723 0.639 0.433 0.436 0.442 0.434 0.431 0.435 0.446 0.434 0.434 0.446 0.448 0.434 0.422 0.421 0.414
-9999.000 -9999.000 -9999.000 -9999.000 -9999.000 -9999.000 -9999.000 -9999.000 -9999.000 -9999.000 -9999.000 -9999.000 -9999.000 -9999.000 -9999.000 -9999.000 -9999.000 -9999.000 -9999.000 -9999.000 -9999.000 -9999.000 -9999.000 -9999.000 -9999.000 -9999.000 -9999.000 -9999.000 0.427 0.442 0.450 0.464 0.497 0.511 0.526 0.542 0.565 0.594 0.609 0.617 0.625 0.632 0.639 0.646 0.654 0.679 0.696 0.710 0.717 0.718 0.718 0.616 0.512 0.471 0.439 0.431 0.425 0.428 0.428 0.427 0.428 0.441 0.449 0.445 0.431 0.425 0.419
-9999.000 -9999.000 -9999.000 -9999.000 -9999.000 -9999.000 -9999.000 -9999.000 -9999.000 -9999.000 -9999.000 -9999.000 -9999.000 -9999.000 -9999.000 -9999.000 -9999.000 -9999.000 -9999.000 -9999.000 -9999.000 -9999.000 -9999.000 -9999.000 -9999.000 -9999.000 -9999.000 -9999.000 0.431 0.448 0.464 0.486 0.499 0.508 0.517 0.528 0.542 0.567 0.599 0.617 0.626 0.635 0.642 0.647 0.654 0.667 0.695 0.711 0.715 0.717 0.716 0.599 0.512 0.503 0.487 0.451 0.436 0.439 0.439 0.436 0.436 0.441 0.451 0.451 0.453 0.465 0.427
-9999.000 -9999.000 -9999.000 -9999.000 -9999.000 -9999.000 -9999.000 -9999.000 -9999.000 -9999.000 -9999.000 -9999.000 -9999.000 -9999.000 -9999.000 -9999.000 -9999.000 -9999.000 -9999.000 -9999.000 -9999.000 -9999.000 -9999.000 -9999.000 -9999.000 -9999.000 -9999.000 -9999.000 0.440 0.462 0.477 0.488 0.498 0.507 0.516 0.526 0.536 0.548 0.571 0.604 0.626 0.635 0.642 0.649 0.655 0.663 0.685 0.711 0.714 0.716 0.717 0.518 0.496 0.493 0.481 0.460 0.456 0.455 0.455 0.456 0.457 0.460 0.467 0.992 1.001 1.006 1.009
-9999.000 -9999.000 -9999.000 -9999.000 -9999.000 -9999.000 -9999.000 -9999.000 -9999.000 -9999.000 -9999.000 -9999.000 -9999.000 -9999.000 -9999.000 -9999.000 -9999.000 -9999.000 -9999.000 -9999.000 -9999.000 -9999.000 -9999.000 -9999.000 -9999.000 -9999.000 -9999.000 -9999.000 0.448 0.463 0.477 0.487 0.496 0.505 0.515 0.525 0.533 0.542 0.553 0.574 0.608 0.634 0.643 0.650 0.656 0.664 0.680 0.709 0.713 0.716 0.718 0.459 0.468 0.468 0.458 0.444 0.453 0.460 0.466 0.470 0.474 0.478 0.484 0.995 1.004 1.009 1.014
-9999.000 -9999.000 -9999.000 -9999.000 -9999.000 -9999.000 -9999.000 -9999.000 -9999.000 -9999.000 -9999.000 -9999.000 -9999.000 -9999.000 -9999.000 -9999.000 -9999.000 -9999.000 -9999.000 -9999.000 -9999.000 -9999.000 -9999.000 -9999.000 -9999.000 -9999.000 -9999.000 -9999.000 0.442 0.457 0.470 0.481 0.493 0.504 0.514 0.524 0.533 0.541 0.549 0.559 0.576 0.610 0.639 0.650 0.657 0.664 0.677 0.697 0.709 0.713 0.460 0.456 0.460 0.457 0.444 0.434 0.443 0.449 0.452 0.469 0.477 0.482 0.489 0.998 1.007 1.013 1.018
-9999.000 -9999.000 -9999.000 -9999.000 -9999.000 -9999.000 -9999.000 -9999.000 -9999.000 -9999.000 -9999.000 -9999.000 -9999.000 -9999.000 -9999.000 -9999.000 -9999.000 -9999.000 -9999.000 -9999.000 -9999.000 -9999.000 -9999.000 -9999.000 -9999.000 -9999.000 -9999.000 -9999.000 0.434 0.448 0.465 0.480 0.493 0.505 0.515 0.525 0.534 0.542 0.549 0.556 0.564 0.576 0.603 0.634 0.654 0.660 0.662 0.665 0.450 0.433 0.469 0.474 0.476 0.474 0.430 0.419 0.437 0.436 0.444 0.455 0.463 0.472 0.487 0.999 1.010 1.018 1.024
-9999.000 -9999.000 -9999.000 -9999.000 -9999.000 -9999.000 -9999.000 -9999.000 -9999.000 -9999.000 -9999.000 -9999.000 -9999.000 -9999.000 -9999.000 -9999.000 -9999.000 -9999.000 -9999.000 -9999.000 -9999.000 -9999.000 -9999.000 -9999.000 -9999.000 -9999.000 -9999.000 -9999.000 0.430 0.438 0.469 0.482 0.495 0.506 0.517 0.526 0.535 0.543 0.550 0.557 0.562 0.568 0.575 0.589 0.618 0.637 0.639 0.640 0.433 0.423 0.483 0.498 0.500 0.498 0.494 0.479 0.455 0.451 0.451 0.456 0.457 0.454 0.449 0.449 1.016 1.022 1.032
-9999.000 -9999.000 -9999.000 -9999.000 -9999.000 -9999.000 -9999.000 -9999.000 -9999.000 -9999.000 -9999.000 -9999.000 -9999.000 -9999.000 -9999.000 -9999.000 -9999.000 -9999.000 -9999.000 -9999.000 -9999.000 -9999.000 -9999.000 -9999.000 -9999.000 -9999.000 -9999.000 -9999.000 0.427 0.451 0.468 0.483 0.496 0.508 0.519 0.529 0.537 0.545 0.551 0.557 0.562 0.566 0.569 0.575 0.591 0.617 0.628 0.628 0.574 0.427 0.479 0.496 0.499 0.501 0.502 0.501 0.494 0.481 0.450 0.426 0.422 0.424 0.428 0.427 0.429 0.436 1.042
-9999.000 -9999.000 -9999.000 -9999.000 -9999.000 -9999.000 -9999.000 -9999.000 -9999.000 -9999.000 -9999.000 -9999.000 -9999.000 -9999.000 -9999.000 -9999.000 -9999.000 -9999.000 -9999.000 -9999.000 -9999.000 -9999.000 -9999.000 -9999.000 -9999.000 -9999.000 -9999.000 -9999.000 0.421 0.453 0.471 0.485 0.499 0.511 0.521 0.530 0.538 0.545 0.551 0.556 0.559 0.561 0.564 0.568 0.580 0.606 0.623 0.624 0.622 0.474 0.464 0.461 0.462 0.490 0.497 0.500 0.500 0.493 0.459 0.434 0.431 0.431 0.426 0.417 0.419 0.421 0.425
-9999.000 -9999.000 -9999.000 -9999.000 -9999.000 -9999.000 -9999.000 -9999.000 -9999.000 -9999.000 -9999.000 -9999.000 -9999.000 -9999.000 -9999.000 -9999.000 -9999.000 -9999.000 -9999.000 -9999.000 -9999.000 -9999.000 -9999.000 -9999.000 -9999.000 -9999.000 -9999.000 -9999.000 0.427 0.454 0.471 0.487 0.501 0.512 0.522 0.531 0.538 0.544 0.549 0.553 0.556 0.559 0.560 0.562 0.571 0.598 0.619 0.621 0.620 0.509 0.453 0.446 0.450 0.459 0.476 0.490 0.497 0.498 0.492 0.446 0.441 0.439 0.433 0.424 0.427 0.430 1.156
-9999.000 -9999.000 -9999.000 -9999.000 -9999.000 -9999.000 -9999.000 -9999.000 -9999.000 -9999.000 -9999.000 -9999.000 -9999.000 -9999.000 -9999.000 -9999.000 -9999.000 -9999.000 -9999.000 -9999.000 -9999.000 -9999.000 -9999.000 -9999.000 -9999.000 -9999.000 -9999.000 -9999.000 0.437 0.454 0.472 0.489 0.502 0.514 0.523 0.531 0.536 0.539 0.541 0.539 0.531 0.518 0.495 0.478 0.466 0.461 0.467 0.527 0.492 0.443 0.432 0.444 0.450 0.452 0.446 0.473 0.491 0.521 0.547 0.555 0.487 0.445 0.437 0.427 0.432 1.162 1.160
-9999.000 -9999.000 -9999.000 -9999.000 -9999.000 -9999.000 -9999.000 -9999.000 -9999.000 -9999.000 -9999.000 -9999.000 -9999.000 -9999.000 -9999.000 -9999.000 -9999.000 -9999.000 -9999.000 -9999.000 -9999.000 -9999.000 -9999.000 -9999.000 -9999.000 -9999.000 -9999.000 -9999.000 0.426 0.452 0.476 0.492 0.506 0.516 0.526 0.526 0.497 0.451 0.442 0.436 0.432 0.430 0.432 0.428 0.429 0.427 0.429 0.438 0.439 0.432 0.427 0.441 0.455 0.461 0.463 0.466 0.492 0.572 0.575 0.578 0.579 0.476 0.440 0.430 0.437 1.164 1.163
-9999.000 -9999.000 -9999.000 -9999.000 -9999.000 -9999.000 -9999.000 -9999.000 -9999.000 -9999.000 -9999.000 -9999.000 -9999.000 -9999.000 -9999.000 -9999.000 -9999.000 -9999.000 -9999.000 -9999.000 -9999.000 -9999.000 -9999.000 -9999.000 -9999.000 -9999.000 -9999.000 -9999.000 0.428 0.458 0.481 0.495 0.507 0.518 0.528 0.537 0.543 0.548 0.546 0.534 0.499 0.474 0.465 0.458 0.453 0.449 0.448 0.464 0.439 0.426 0.422 0.432 0.440 0.444 0.444 0.442 0.450 0.575 0.577 0.579 0.579 0.501 0.445 0.437 0.439 1.166 1.165
-9999.000 -9999.000 -9999.000 -9999.000 -9999.000 -9999.000 -9999.000 -9999.000 -9999.000 -9999.000 -9999.000 -9999.000 -9999.000 -9999.000 -9999.000 -9999.000 -9999.000 -9999.000 -9999.000 -9999.000 -9999.000 -9999.000 -9999.000 -9999.000 -9999.000 -9999.000 -9999.000 -9999.000 0.445 0.467 0.481 0.494 0.506 0.517 0.527 0.536 0.544 0.552 0.559 0.566 0.572 0.578 0.584 0.591 0.597 0.610 0.674 0.825 0.464 0.421 0.414 0.421 0.426 0.431 0.429 0.425 0.425 0.463 0.578 0.579 0.579 0.528 1.166 1.172 1.170 1.168 1.167
-9999.000 -9999.000 -9999.000 -9999.000 -9999.000 -9999.000 -9999.000 -9999.000 -9999.000 -9999.000 -9999.000 -9999.000 -9999.000 -9999.000 -9999.000 -9999.000 -9999.000 -9999.000 -9999.000 -9999.000 -9999.000 -9999.000 -9999.000 -9999.000 -9999.000 -9999.000 -9999.000 -9999.000 0.443 0.469 0.479 0.489 0.499 0.511 0.523 0.534 0.544 0.552 0.559 0.566 0.572 0.579 0.585 0.592 0.600 0.618 0.765 0.836 0.867 0.440 0.426 0.429 0.429 0.422 0.417 0.417 0.417 0.420 0.420 0.563 0.574 1.129 1.167 1.171 1.170 1.169 1.168
-9999.000 -9999.000 -9999.000 -9999.000 -9999.000 -9999.000 -9999.000 -9999.000 -9999.000 -9999.000 -9999.000 -9999.000 -9999.000 -9999.000 -9999.000 -9999.000 -9999.000 -9999.000 -9999.000 -9999.000 -9999.000 -9999.000 -9999.000 -9999.000 -9999.000 -9999.000 -9999.000 -9999.000 0.433 0.460 0.476 0.483 0.492 0.501 0.511 0.522 0.533 0.544 0.555 0.564 0.572 0.579 0.585 0.592 0.601 0.621 0.815 0.854 0.902 0.963 1.012 1.039 1.052 0.433 0.424 0.418 0.423 0.436 0.550 0.554 0.567 0.566 1.156 1.167 1.161 0.439 0.432
-9999.000 -9999.000 -9999.000 -9999.000 -9999.000 -9999.000 -9999.000 -9999.000 -9999.000 -9999.000 -9999.000 -9999.000 -9999.000 -9999.000 -9999.000 -9999.000 -9999.000 -9999.000 -9999.000 -9999.000 -9999.000 -9999.000 -9999.000 -9999.000 -9999.000 -9999.000 -9999.000 -9999.000 0.428 0.443 0.462 0.480 0.487 0.495 0.502 0.511 0.520 0.529 0.539 0.549 0.559 0.569 0.580 0.592 0.603 0.632 0.825 0.864 0.916 0.969 1.020 1.049 1.064 1.075 1.083 0.418 0.437 0.543 0.544 0.545 0.545 0.549 0.484 0.444 0.436 0.428 0.422
-9999.000 -9999.000 -9999.000 -9999.000 -9999.000 -9999.000 -9999.000 -9999.000 -9999.000 -9999.000 -9999.000 -9999.000 -9999.000 -9999.000 -9999.000 -9999.000 -9999.000 -9999.000 -9999.000 -9999.000 -9999.000 -9999.000 -9999.000 -9999.000 -9999.000 -9999.000 -9999.000 -9999.000 0.424 0.437 0.446 0.464 0.479 0.489 0.497 0.505 0.513 0.520 0.526 0.532 0.538 0.546 0.556 0.574 0.615 0.657 0.710 0.829 0.459 0.429 1.047 1.066 1.076 1.083 1.086 0.421 0.431 0.536 0.535 0.515 0.503 0.496 0.448 0.436 0.431 0.421 0.424
-9999.000 -9999.000 -9999.000 -9999.000 -9999.000 -9999.000 -9999.000 -9999.000 -9999.000 -9999.000 -9999.000 -9999.000 -9999.000 -9999.000 -9999.000 -9999.000 -9999.000 -9999.000 -9999.000 -9999.000 -9999.000 -9999.000 -9999.000 -9999.000 -9999.000 -9999.000 -9999.000 -9999.000 0.421 0.434 0.432 0.452 0.469 0.484 0.495 0.503 0.510 0.516 0.520 0.522 0.525 0.526 0.527 0.583 0.663 0.666 0.668 0.571 0.445 0.421 0.424 1.078 1.088 1.093 1.092 0.425 0.430 0.469 0.495 0.498 0.500 0.497 0.436 0.430 0.426 0.423 0.430
-9999.000 -9999.000 -9999.000 -9999.000 -9999.000 -9999.000 -9999.000 -9999.000 -9999.000 -9999.000 -9999.000 -9999.000 -9999.000 -9999.000 -9999.000 -9999.000 -9999.000 -9999.000 -9999.000 -9999.000 -9999.000 -9999.000 -9999.000 -9999.000 -9999.000 -9999.000 -9999.000 -9999.000 0.419 0.430 0.440 0.453 0.469 0.486 0.499 0.506 0.511 0.515 0.516 0.516 0.514 0.511 0.528 0.664 0.667 0.667 0.653 0.473 0.451 0.419 0.418 0.428 1.103 1.104 0.429 0.420 0.426 0.465 0.482 0.492 0.497 0.497 0.461 0.424 0.429 0.432 0.677
-9999.000 -9999.000 -9999.000 -9999.000 -9999.000 -9999.000 -9999.000 -9999.000 -9999.000 -9999.000 -9999.000 -9999.000 -9999.000 -9999.000 -9999.000 -9999.000 -9999.000 -9999.000 -9999.000 -9999.000 -9999.000 -9999.000 -9999.000 -9999.000 -9999.000 -9999.000 -9999.000 -9999.000 0.421 0.435 0.448 0.458 0.483 0.498 0.507 0.511 0.516 0.517 0.514 0.508 0.499 0.497 0.640 0.666 0.667 0.666 0.471 0.469 0.456 0.422 0.426 0.432 1.113 1.114 0.427 0.426 0.437 0.468 0.479 0.488 0.492 0.491 0.479 0.458 0.445 0.675 0.677
-9999.000 -9999.000 -9999.000 -9999.000 -9999.000 -9999.000 -9999.000 -9999.000 -9999.000 -9999.000 -9999.000 -9999.000 -9999.000 -9999.000 -9999.000 -9999.000 -9999.000 -9999.000 -9999.000 -9999.000 -9999.000 -9999.000 -9999.000 -9999.000 -9999.000 -9999.000 -9999.000 -9999.000 0.423 0.443 0.462 0.474 0.491 0.504 0.510 0.514 0.519 0.520 0.513 0.494 0.483 0.576 0.663 0.665 0.666 0.460 0.456 0.464 0.454 0.425 0.431 1.124 1.122 1.122 1.129 0.418 0.441 0.470 0.477 0.483 0.486 0.428 0.428 0.446 0.572 0.676 0.677
-9999.000 -9999.000 -9999.000 -9999.000 -9999.000 -9999.000 -9999.000 -9999.000 -9999.000 -9999.000 -9999.000 -9999.000 -9999.000 -9999.000 -9999.000 -9999.000 -9999.000 -9999.000 -9999.000 -9999.000 -9999.000 -9999.000 -9999.000 -9999.000 -9999.000 -9999.000 -9999.000 -9999.000 0.418 0.462 0.479 0.486 0.494 0.505 0.514 0.520 0.523 0.524 0.512 0.483 0.525 0.658 0.661 0.662 0.469 0.451 0.450 0.449 0.448 0.436 0.441 1.125 1.126 1.127 1.129 0.421 0.431 0.468 0.472 0.468 0.460 0.448 0.440 0.453 0.673 0.675 0.675
-9999.000 -9999.000 -9999.000 -9999.000 -9999.000 -9999.000 -9999.000 -9999.000 -9999.000 -9999.000 -9999.000 -9999.000 -9999.000 -9999.000 -9999.000 -9999.000 -9999.000 -9999.000 -9999.000 -9999.000 -9999.000 -9999.000 -9999.000 -9999.000 -9999.000 -9999.000 -9999.000 -9999.000 0.423 0.437 0.479 0.489 0.498 0.506 0.514 0.521 0.526 0.529 0.526 0.526 0.647 0.655 0.657 0.484 0.449 0.446 0.441 0.431 0.433 0.435 0.435 0.439 1.128 1.129 1.131 0.434 0.455 0.464 0.463 0.448 0.434 0.441 0.458 0.538 0.653 0.444 0.502
-9999.000 -9999.000 -9999.000 -9999.000 -9999.000 -9999.000 -9999.000 -9999.000 -9999.000 -9999.000 -9999.000 -9999.000 -9999.000 -9999.000 -9999.000 -9999.000 -9999.000 -9999.000 -9999.000 -9999.000 -9999.000 -9999.000 -9999.000 -9999.000 -9999.000 -9999.000 -9999.000 -9999.000 0.418 0.425 0.428 0.482 0.497 0.496 0.508 0.521 0.527 0.532 0.534 0.544 0.646 0.651 0.614 0.450 0.448 0.442 0.434 0.422 0.425 0.434 0.439 0.437 0.436 1.133 0.426 0.437 0.454 0.461 0.456 0.443 0.438 0.461 0.531 0.525 0.463 0.445 0.444
-9999.000 -9999.000 -9999.000 -9999.000 -9999.000 -9999.000 -9999.000 -9999.000 -9999.000 -9999.000 -9999.000 -9999.000 -9999.000 -9999.000 -9999.000 -9999.000 -9999.000 -9999.000 -9999.000 -9999.000 -9999.000 -9999.000 -9999.000 -9999.000 -9999.000 -9999.000 -9999.000 -9999.000 0.416 0.419 0.429 0.473 0.448 0.441 0.449 0.512 0.522 0.527 0.540 0.621 0.641 0.647 0.463 0.447 0.446 0.435 0.428 0.423 0.427 0.436 0.479 0.449 0.422 0.431 0.422 0.432 0.451 0.460 0.461 0.456 0.457 0.540 0.532 0.474 0.453 0.449 0.424
-9999.000 -9999.000 -9999.000 -9999.000 -9999.000 -9999.000 -9999.000 -9999.000 -9999.000 -9999.000 -9999.000 -9999.000 -9999.000 -9999.000 -9999.000 -9999.000 -9999.000 -9999.000 -9999.000 -9999.000 -9999.000 -9999.000 -9999.000 -9999.000 -9999.000 -9999.000 -9999.000 -9999.000 0.420 0.425 0.496 0.476 0.440 0.430 0.440 0.459 0.508 0.517 0.521 0.624 0.637 0.643 0.443 0.441 0.439 0.442 0.441 0.445 0.429 0.440 0.823 0.824 0.459 0.446 0.439 0.425 0.434 0.455 0.459 0.470 0.612 0.549 0.457 0.441 0.448 0.450 0.417
-9999.000 -9999.000 -9999.000 -9999.000 -9999.000 -9999.000 -9999.000 -9999.000 -9999.000 -9999.000 -9999.000 -9999.000 -9999.000 -9999.000 -9999.000 -9999.000 -9999.000 -9999.000 -9999.000 -9999.000 -9999.000 -9999.000 -9999.000 -9999.000 -9999.000 -9999.000 -9999.000 -9999.000 0.425 0.485 0.539 0.484 0.436 0.428 0.437 0.448 0.495 0.502 0.506 0.571 0.594 0.432 0.434 0.432 0.426 0.441 0.449 0.475 0.819 0.823 0.825 0.826 0.829 0.828 0.444 0.416 0.422 0.448 0.459 0.636 0.630 0.443 0.427 0.424 0.434 0.449 0.416
