Project1/res/jiangbei.inittm
ncols         319
nrows         411
xllcorner     657492.000000
yllcorner     3548067.000000
cellsize      10.000000
NODATA_value  -9999.000000
[rows 84 to 111 of 411, columns 189 to 251 of 319]
0.206 0.350 -9999.000 -9999.000 -9999.000 -9999.000 -9999.000 0.323 0.289 -9999.000 -9999.000 -9999.000 -9999.000 0.405 0.399 0.403 0.415 0.424 -9999.000 0.424 0.367 0.234 0.219 0.360 0.342 0.231 -9999.000 -9999.000 -9999.000 -9999.000 0.420 0.346 0.333 -9999.000 -9999.000 -9999.000 0.345 0.271 0.394 0.413 -9999.000 -9999.000 0.187 0.323 -9999.000 -9999.000 -9999.000 -9999.000 -9999.000 -9999.000 0.394 0.184 0.468 -9999.000 -9999.000 0.406 0.287 0.389 0.365 0.324 -9999.000 -9999.000 -9999.000
0.365 0.206 0.396 -9999.000 -9999.000 -9999.000 -9999.000 0.372 -9999.000 -9999.000 -9999.000 -9999.000 -9999.000 0.435 0.410 0.427 -9999.000 -9999.000 -9999.000 -9999.000 0.416 0.393 0.335 0.229 0.430 0.368 0.331 -9999.000 -9999.000 -9999.000 -9999.000 0.272 0.343 -9999.000 -9999.000 -9999.000 0.315 0.206 0.320 0.346 -9999.000 -9999.000 -9999.000 -9999.000 -9999.000 -9999.000 -9999.000 -9999.000 -9999.000 0.656 0.198 0.854 -9999.000 -9999.000 0.376 0.264 0.370 -9999.000 0.405 -9999.000 -9999.000 -9999.000 -9999.000
0.421 0.361 0.209 0.400 -9999.000 -9999.000 0.295 0.330 -9999.000 -9999.000 -9999.000 -9999.000 -9999.000 -9999.000 -9999.000 -9999.000 -9999.000 -9999.000 -9999.000 -9999.000 0.408 0.391 0.373 0.322 0.288 0.332 0.317 0.245 0.415 -9999.000 0.426 0.343 0.310 0.389 0.375 0.321 0.228 0.266 0.383 0.385 -9999.000 -9999.000 -9999.000 -9999.000 -9999.000 -9999.000 -9999.000 -9999.000 0.533 0.299 0.562 -9999.000 -9999.000 0.399 0.381 0.376 0.406 -9999.000 -9999.000 -9999.000 -9999.000 -9999.000 -9999.000
0.430 0.407 0.337 0.200 0.343 0.352 0.281 0.336 0.383 0.430 -9999.000 -9999.000 -9999.000 -9999.000 -9999.000 -9999.000 -9999.000 -9999.000 0.436 0.348 0.344 0.367 0.381 0.398 0.389 0.291 0.323 0.282 0.365 0.394 0.392 0.367 0.310 0.299 0.306 0.307 0.356 -9999.000 -9999.000 0.393 -9999.000 -9999.000 -9999.000 -9999.000 -9999.000 -9999.000 -9999.000 -9999.000 0.174 0.270 -9999.000 -9999.000 0.401 0.297 0.343 0.379 0.386 0.398 -9999.000 -9999.000 -9999.000 -9999.000 -9999.000
0.409 0.417 0.391 0.236 0.216 0.344 0.352 0.347 0.374 0.412 -9999.000 -9999.000 -9999.000 -9999.000 -9999.000 0.438 0.404 0.386 0.302 0.290 0.321 0.356 0.379 0.397 0.402 0.360 0.232 0.248 0.389 0.330 0.243 0.335 0.365 0.408 0.374 0.322 0.415 -9999.000 -9999.000 -9999.000 -9999.000 -9999.000 -9999.000 -9999.000 -9999.000 -9999.000 -9999.000 0.347 0.357 0.405 0.437 -9999.000 0.304 0.331 0.402 0.413 0.426 0.389 0.399 0.396 -9999.000 -9999.000 0.384
-9999.000 -9999.000 0.400 0.351 0.238 0.309 0.369 0.369 0.368 0.384 -9999.000 -9999.000 -9999.000 -9999.000 0.389 0.366 0.329 0.273 0.290 0.317 0.334 0.343 0.363 0.388 0.405 0.399 0.373 0.198 0.271 0.363 0.259 0.201 0.374 0.433 0.434 0.406 0.420 -9999.000 -9999.000 -9999.000 -9999.000 0.421 -9999.000 -9999.000 -9999.000 -9999.000 0.336 0.230 0.449 0.429 0.375 0.261 0.223 0.324 0.384 0.400 0.474 0.406 0.365 -9999.000 -9999.000 0.412 0.290
-9999.000 -9999.000 0.402 0.376 0.368 0.427 -9999.000 0.400 0.405 0.409 0.432 -9999.000 -9999.000 -9999.000 0.420 0.349 0.297 0.323 0.344 0.355 0.361 0.364 0.365 0.383 0.407 0.416 0.401 0.374 0.299 0.236 0.356 0.290 0.270 0.409 0.462 -9999.000 -9999.000 -9999.000 -9999.000 -9999.000 -9999.000 -9999.000 -9999.000 -9999.000 -9999.000 0.271 0.246 0.212 0.292 0.330 0.283 0.259 0.374 0.385 0.385 0.371 0.336 0.282 -9999.000 -9999.000 -9999.000 -9999.000 -9999.000
-9999.000 -9999.000 0.407 -9999.000 -9999.000 -9999.000 -9999.000 0.395 -9999.000 -9999.000 0.406 0.426 -9999.000 -9999.000 -9999.000 -9999.000 0.393 0.389 0.386 0.385 0.383 0.380 0.375 0.379 0.398 0.409 0.391 0.399 0.395 0.287 0.226 0.380 0.366 0.307 0.409 -9999.000 -9999.000 -9999.000 -9999.000 -9999.000 -9999.000 -9999.000 -9999.000 -9999.000 0.277 0.408 0.449 0.345 0.198 0.289 0.383 0.405 0.421 -9999.000 -9999.000 -9999.000 0.269 0.188 0.319 0.382 -9999.000 0.412 0.400
-9999.000 -9999.000 -9999.000 -9999.000 -9999.000 -9999.000 -9999.000 -9999.000 -9999.000 0.386 0.397 0.431 -9999.000 -9999.000 -9999.000 -9999.000 0.421 0.408 0.402 0.399 0.394 0.391 0.386 0.389 0.391 0.386 0.360 0.407 -9999.000 0.436 0.357 0.208 0.338 0.345 0.211 0.381 -9999.000 -9999.000 -9999.000 -9999.000 -9999.000 -9999.000 -9999.000 0.269 0.321 0.420 0.446 0.457 0.317 0.372 -9999.000 -9999.000 -9999.000 -9999.000 -9999.000 -9999.000 -9999.000 0.355 0.380 0.374 0.381 0.399 -9999.000
-9999.000 -9999.000 0.403 -9999.000 -9999.000 -9999.000 -9999.000 -9999.000 0.405 0.376 0.402 -9999.000 0.407 -9999.000 -9999.000 -9999.000 -9999.000 -9999.000 -9999.000 0.432 0.413 0.405 0.400 0.400 0.392 0.355 0.316 -9999.000 -9999.000 -9999.000 -9999.000 0.359 0.204 0.438 0.406 0.216 0.398 -9999.000 -9999.000 -9999.000 -9999.000 0.287 0.170 0.282 0.573 0.396 0.316 0.432 -9999.000 -9999.000 -9999.000 -9999.000 -9999.000 -9999.000 -9999.000 -9999.000 -9999.000 0.395 0.411 0.410 0.420 -9999.000 -9999.000
-9999.000 0.404 0.383 0.413 0.434 -9999.000 -9999.000 -9999.000 0.423 0.378 0.388 0.399 0.357 0.378 -9999.000 -9999.000 -9999.000 -9999.000 -9999.000 -9999.000 -9999.000 -9999.000 0.438 0.412 0.396 0.340 0.328 -9999.000 -9999.000 -9999.000 -9999.000 -9999.000 0.368 0.575 0.563 0.383 0.351 0.323 0.316 0.395 0.309 0.266 0.452 0.438 -9999.000 -9999.000 0.191 0.269 0.433 -9999.000 -9999.000 -9999.000 -9999.000 -9999.000 -9999.000 -9999.000 -9999.000 -9999.000 -9999.000 -9999.000 -9999.000 -9999.000 -9999.000
-9999.000 0.364 0.372 0.404 0.412 0.414 0.397 -9999.000 -9999.000 0.389 0.356 0.298 0.375 0.392 0.381 -9999.000 -9999.000 -9999.000 -9999.000 -9999.000 -9999.000 -9999.000 -9999.000 -9999.000 0.405 0.325 0.410 -9999.000 -9999.000 -9999.000 -9999.000 -9999.000 -9999.000 0.414 0.321 0.211 0.283 0.329 0.327 0.534 0.562 0.677 -9999.000 0.405 -9999.000 -9999.000 0.381 -9999.000 -9999.000 -9999.000 -9999.000 -9999.000 -9999.000 -9999.000 -9999.000 0.372 -9999.000 -9999.000 -9999.000 -9999.000 -9999.000 -9999.000 -9999.000
0.409 0.347 0.376 0.399 0.403 0.411 0.412 0.380 0.373 0.416 0.272 0.293 -9999.000 0.424 0.362 0.339 -9999.000 -9999.000 -9999.000 -9999.000 -9999.000 -9999.000 -9999.000 -9999.000 -9999.000 0.377 -9999.000 -9999.000 -9999.000 -9999.000 -9999.000 -9999.000 -9999.000 0.388 0.307 0.278 0.414 0.431 0.388 -9999.000 -9999.000 -9999.000 -9999.000 0.383 0.420 -9999.000 -9999.000 -9999.000 -9999.000 -9999.000 -9999.000 -9999.000 -9999.000 -9999.000 0.811 0.244 1.132 -9999.000 -9999.000 -9999.000 -9999.000 -9999.000 -9999.000
0.295 0.324 0.371 0.388 0.401 -9999.000 -9999.000 0.386 0.279 0.387 0.281 0.400 -9999.000 0.411 0.207 0.287 0.395 0.238 0.333 0.390 0.410 -9999.000 -9999.000 -9999.000 -9999.000 -9999.000 0.424 0.432 0.424 0.429 -9999.000 -9999.000 0.413 0.384 0.362 0.396 0.389 0.269 0.401 -9999.000 0.409 -9999.000 -9999.000 0.416 0.227 0.352 -9999.000 0.403 -9999.000 -9999.000 -9999.000 -9999.000 -9999.000 0.396 0.361 0.247 0.396 -9999.000 -9999.000 -9999.000 -9999.000 -9999.000 -9999.000
0.304 0.221 0.249 0.354 0.400 0.444 -9999.000 0.414 0.322 0.314 0.309 0.418 0.519 0.363 0.256 -9999.000 -9999.000 0.510 0.265 0.256 0.374 0.406 -9999.000 -9999.000 -9999.000 -9999.000 0.329 0.302 0.298 0.286 0.337 0.339 0.349 0.359 0.364 0.397 0.377 0.220 0.406 -9999.000 -9999.000 -9999.000 -9999.000 0.389 0.329 -9999.000 -9999.000 0.233 0.392 -9999.000 -9999.000 -9999.000 -9999.000 0.410 0.311 0.217 0.341 0.408 -9999.000 -9999.000 -9999.000 -9999.000 -9999.000
0.449 0.390 0.217 0.242 0.380 0.405 0.433 -9999.000 -9999.000 0.338 0.291 0.340 0.405 0.231 0.389 -9999.000 -9999.000 -9999.000 -9999.000 0.303 0.374 0.393 0.418 -9999.000 -9999.000 0.415 0.238 0.419 -9999.000 0.377 0.201 0.340 0.383 0.408 0.396 0.456 -9999.000 0.360 0.430 -9999.000 -9999.000 -9999.000 -9999.000 -9999.000 -9999.000 -9999.000 -9999.000 0.363 0.212 -9999.000 -9999.000 -9999.000 -9999.000 0.389 0.294 0.202 0.197 0.258 0.209 0.313 0.388 -9999.000 -9999.000
0.507 0.525 0.422 0.314 0.303 0.400 -9999.000 -9999.000 -9999.000 -9999.000 0.280 0.196 0.294 0.334 0.423 -9999.000 -9999.000 -9999.000 -9999.000 0.346 0.370 0.519 0.383 0.411 0.409 0.379 -9999.000 -9999.000 -9999.000 0.401 0.351 -9999.000 -9999.000 -9999.000 -9999.000 -9999.000 -9999.000 0.361 -9999.000 -9999.000 -9999.000 -9999.000 -9999.000 0.368 0.209 0.374 -9999.000 -9999.000 0.359 0.262 -9999.000 -9999.000 0.344 0.288 0.202 0.228 0.368 0.179 0.404 -9999.000 -9999.000 -9999.000 -9999.000
0.331 0.476 0.518 0.472 0.291 0.270 0.345 0.393 -9999.000 -9999.000 0.425 0.270 0.309 0.398 0.465 0.443 0.394 0.395 0.389 0.350 0.334 0.346 0.352 0.376 0.386 -9999.000 -9999.000 -9999.000 -9999.000 -9999.000 -9999.000 -9999.000 -9999.000 -9999.000 0.422 -9999.000 0.398 0.386 0.316 0.390 0.410 0.411 0.404 -9999.000 0.329 0.447 -9999.000 -9999.000 -9999.000 0.839 0.346 0.258 0.298 0.385 0.369 -9999.000 -9999.000 -9999.000 -9999.000 -9999.000 -9999.000 0.429 -9999.000
0.266 0.287 0.407 0.426 0.407 0.214 0.372 -9999.000 -9999.000 -9999.000 -9999.000 0.402 0.359 0.425 0.428 0.369 0.346 0.337 0.332 0.303 0.243 0.224 0.258 0.247 0.287 0.382 -9999.000 -9999.000 -9999.000 -9999.000 -9999.000 -9999.000 -9999.000 -9999.000 0.282 0.380 0.479 0.507 0.389 0.389 0.391 0.390 0.383 0.495 0.412 0.724 -9999.000 -9999.000 -9999.000 -9999.000 -9999.000 0.389 -9999.000 -9999.000 -9999.000 -9999.000 -9999.000 -9999.000 -9999.000 -9999.000 0.271 0.393 -9999.000
0.335 0.175 0.309 0.393 0.382 0.311 0.386 -9999.000 -9999.000 -9999.000 -9999.000 -9999.000 0.397 0.399 0.408 0.390 0.363 0.343 0.307 0.247 0.257 0.247 0.212 0.305 0.384 0.389 0.381 -9999.000 -9999.000 -9999.000 -9999.000 -9999.000 -9999.000 0.224 0.223 0.373 -9999.000 -9999.000 -9999.000 0.356 0.321 0.253 0.320 0.376 0.417 0.377 0.356 0.249 -9999.000 -9999.000 -9999.000 -9999.000 -9999.000 -9999.000 -9999.000 -9999.000 -9999.000 0.426 0.410 0.402 0.325 0.299 0.398
0.345 0.337 -9999.000 -9999.000 -9999.000 -9999.000 0.338 -9999.000 -9999.000 -9999.000 -9999.000 -9999.000 0.395 0.407 0.408 0.375 0.369 0.344 0.286 0.256 0.370 0.390 0.311 0.409 -9999.000 -9999.000 -9999.000 -9999.000 -9999.000 -9999.000 -9999.000 -9999.000 0.267 0.363 0.437 0.466 -9999.000 -9999.000 -9999.000 0.389 0.177 0.237 0.346 0.383 0.357 0.226 0.352 0.404 0.574 -9999.000 -9999.000 -9999.000 -9999.000 -9999.000 -9999.000 -9999.000 -9999.000 0.428 0.416 0.407 0.358 0.239 0.363
0.397 -9999.000 -9999.000 -9999.000 -9999.000 -9999.000 0.406 0.217 -9999.000 -9999.000 -9999.000 -9999.000 0.415 0.426 0.416 0.391 0.369 0.326 0.252 0.307 0.394 0.392 0.386 -9999.000 -9999.000 -9999.000 -9999.000 -9999.000 -9999.000 -9999.000 -9999.000 0.246 0.239 -9999.000 -9999.000 0.425 0.366 -9999.000 -9999.000 -9999.000 0.342 0.408 -9999.000 0.414 0.384 0.236 0.358 0.478 0.366 0.212 0.411 -9999.000 -9999.000 -9999.000 -9999.000 -9999.000 -9999.000 -9999.000 -9999.000 0.422 0.390 0.277 0.301
-9999.000 -9999.000 -9999.000 -9999.000 -9999.000 -9999.000 -9999.000 -9999.000 0.213 0.711 -9999.000 -9999.000 -9999.000 -9999.000 -9999.000 0.402 0.355 0.279 0.268 0.374 0.401 0.398 0.410 -9999.000 -9999.000 -9999.000 -9999.000 -9999.000 -9999.000 -9999.000 0.384 0.242 0.463 -9999.000 0.431 0.244 0.195 0.369 -9999.000 -9999.000 -9999.000 -9999.000 -9999.000 -9999.000 0.407 0.321 0.211 0.493 0.480 0.337 0.206 0.416 -9999.000 -9999.000 -9999.000 -9999.000 -9999.000 -9999.000 -9999.000 -9999.000 0.406 0.344 0.271
0.433 -9999.000 -9999.000 -9999.000 -9999.000 -9999.000 -9999.000 -9999.000 0.412 0.198 0.482 -9999.000 -9999.000 -9999.000 -9999.000 -9999.000 0.326 0.249 0.362 0.395 0.409 0.409 -9999.000 -9999.000 -9999.000 -9999.000 -9999.000 -9999.000 -9999.000 0.380 0.492 -9999.000 -9999.000 0.495 0.324 0.247 0.396 -9999.000 -9999.000 -9999.000 -9999.000 -9999.000 -9999.000 -9999.000 -9999.000 0.403 0.293 0.246 0.486 0.409 0.277 0.379 -9999.000 -9999.000 -9999.000 -9999.000 -9999.000 -9999.000 -9999.000 -9999.000 -9999.000 0.392 0.266
0.426 -9999.000 -9999.000 -9999.000 0.426 -9999.000 -9999.000 -9999.000 -9999.000 0.484 0.199 0.328 0.440 0.906 -9999.000 -9999.000 0.303 0.309 0.399 0.420 0.422 -9999.000 -9999.000 -9999.000 -9999.000 -9999.000 -9999.000 -9999.000 0.410 0.204 -9999.000 -9999.000 -9999.000 0.415 0.211 0.343 0.419 -9999.000 -9999.000 -9999.000 -9999.000 -9999.000 -9999.000 -9999.000 -9999.000 -9999.000 0.406 0.316 0.287 0.278 0.262 0.371 0.389 0.380 -9999.000 -9999.000 -9999.000 -9999.000 -9999.000 -9999.000 -9999.000 0.420 0.372
-9999.000 -9999.000 -9999.000 0.409 0.435 -9999.000 -9999.000 -9999.000 -9999.000 -9999.000 -9999.000 0.424 0.384 0.360 0.382 0.360 0.282 0.395 -9999.000 -9999.000 -9999.000 -9999.000 -9999.000 -9999.000 -9999.000 -9999.000 -9999.000 -9999.000 0.369 0.348 -9999.000 -9999.000 0.417 0.222 0.276 0.370 -9999.000 -9999.000 -9999.000 -9999.000 -9999.000 -9999.000 -9999.000 -9999.000 -9999.000 -9999.000 0.411 -9999.000 0.385 0.191 0.218 0.258 0.257 0.204 0.358 -9999.000 -9999.000 -9999.000 -9999.000 -9999.000 -9999.000 -9999.000 -9999.000
-9999.000 -9999.000 -9999.000 0.431 -9999.000 -9999.000 -9999.000 -9999.000 -9999.000 -9999.000 -9999.000 -9999.000 -9999.000 0.401 0.294 0.195 0.320 -9999.000 -9999.000 -9999.000 -9999.000 -9999.000 -9999.000 -9999.000 -9999.000 -9999.000 0.402 0.388 0.287 0.374 0.415 0.405 0.269 0.233 0.376 0.379 0.381 0.406 -9999.000 -9999.000 -9999.000 -9999.000 -9999.000 -9999.000 -9999.000 -9999.000 -9999.000 -9999.000 -9999.000 0.394 0.314 0.199 0.259 0.323 0.434 -9999.000 -9999.000 -9999.000 -9999.000 -9999.000 -9999.000 -9999.000 -9999.000
-9999.000 -9999.000 -9999.000 -9999.000 -9999.000 -9999.000 0.391 0.395 -9999.000 -9999.000 -9999.000 -9999.000 -9999.000 -9999.000 -9999.000 0.404 0.364 -9999.000 -9999.000 -9999.000 -9999.000 -9999.000 -9999.000 -9999.000 -9999.000 0.407 0.214 0.258 0.350 0.361 0.260 0.271 0.347 0.389 0.408 0.418 -9999.000 -9999.000 -9999.000 -9999.000 -9999.000 -9999.000 -9999.000 -9999.000 -9999.000 -9999.000 -9999.000 -9999.000 -9999.000 -9999.000 0.429 0.388 0.266 0.269 0.264 0.371 0.363 0.410 -9999.000 -9999.000 -9999.000 -9999.000 -9999.000
