Project1/res/jiangbei-0001.Qy
ncols         319
nrows         412
xllcorner     657492.000000
yllcorner     3548062.000000
cellsize      10.000000
NODATA_value  -9999.000000
[rows 231 to 263 of 412, columns 75 to 149 of 319]
-0.000 -0.014 -0.000 0.000 0.000 -0.015 -0.015 -0.013 -0.010 -0.008 -0.007 -0.005 -0.002 -0.001 0.002 0.006 0.004 0.003 0.002 0.002 0.001 0.006 -0.000 -0.000 -0.000 0.004 0.003 -0.002 -0.000 -0.008 -0.001 0.013 0.042 0.000 0.001 0.001 0.005 0.003 -0.000 -0.000 0.002 0.002 0.000 -0.000 -0.000 -0.001 -0.001 -0.001 -0.001 -0.001 -0.001 -0.001 -0.003 -0.001 0.086 0.090 0.003 0.003 0.002 0.001 0.001 0.001 0.005 0.018 0.002 0.001 0.001 0.002 -0.017 -0.015 -0.017 -0.021 -0.027 0.000 0.000
0.001 -0.015 -0.027 0.001 0.001 -0.001 -0.009 -0.009 -0.008 -0.006 -0.005 -0.003 -0.001 0.001 0.001 0.011 0.008 0.003 -0.007 -0.004 -0.003 -0.000 0.000 0.000 0.000 0.002 -0.001 -0.006 -0.007 -0.011 -0.007 -0.000 0.051 0.026 0.010 0.004 0.009 0.002 0.000 0.000 0.002 0.005 0.001 0.000 0.000 -0.001 -0.000 0.001 0.001 0.000 -0.000 -0.001 -0.003 -0.002 -0.005 0.070 0.041 0.044 0.002 0.002 0.001 0.000 -0.000 0.008 0.022 0.001 0.001 -0.014 -0.011 -0.012 -0.014 -0.017 -0.020 -0.004 0.001
-0.007 -0.010 -0.008 -0.006 -0.008 -0.017 -0.010 -0.007 -0.005 -0.004 -0.003 -0.001 0.001 0.005 0.005 0.015 -0.000 -0.001 -0.000 -0.001 -0.016 -0.009 0.001 0.000 0.000 0.002 0.001 -0.009 -0.005 -0.006 -0.001 -0.000 0.006 0.011 0.013 0.012 0.011 0.002 0.001 0.000 0.002 0.008 0.002 0.001 -0.000 -0.000 0.000 0.002 0.002 0.001 -0.002 -0.002 -0.002 -0.003 -0.007 -0.005 0.047 0.040 0.037 0.002 0.001 0.000 0.000 0.004 -0.001 -0.001 -0.002 0.005 -0.003 -0.006 -0.009 -0.011 -0.012 -0.007 -0.001
-0.024 -0.014 -0.004 -0.002 -0.012 -0.014 -0.009 -0.005 -0.001 -0.002 -0.002 -0.001 0.003 0.012 -0.001 -0.001 -0.003 -0.000 -0.000 -0.000 -0.024 -0.007 -0.000 0.000 0.002 -0.007 -0.004 0.009 0.005 -0.000 -0.000 -0.000 -0.000 0.010 0.012 0.009 0.006 0.001 0.001 0.001 0.008 0.008 0.002 0.001 0.000 0.000 0.001 0.003 0.005 0.002 -0.001 -0.002 -0.001 -0.004 -0.012 -0.002 -0.004 0.034 0.024 0.031 0.001 0.001 0.001 0.004 -0.000 -0.000 -0.002 -0.003 -0.001 -0.002 -0.006 -0.008 -0.008 -0.006 -0.002
-0.039 -0.023 -0.005 -0.001 -0.005 -0.010 -0.006 -0.002 0.006 -0.000 -0.001 -0.004 -0.001 -0.001 -0.001 -0.001 -0.001 0.000 0.000 0.000 -0.026 -0.001 -0.000 0.000 -0.005 -0.009 -0.004 -0.002 0.034 0.001 0.000 0.000 0.000 0.006 0.009 0.005 0.002 -0.002 -0.001 0.004 0.008 0.006 0.003 0.001 0.001 0.001 0.001 0.009 0.006 -0.001 -0.001 -0.002 -0.001 -0.005 -0.007 -0.003 -0.006 -0.006 -0.003 0.032 0.022 0.002 0.003 0.002 0.000 0.000 -0.002 -0.001 -0.000 -0.001 -0.004 -0.008 -0.007 -0.006 -0.003
-0.033 -0.032 -0.007 -0.000 -0.002 -0.004 -0.004 -0.002 -0.001 -0.000 -0.001 -0.001 -0.001 -0.001 0.000 -0.000 -0.001 0.001 0.001 -0.018 -0.001 -0.000 -0.000 0.000 -0.009 -0.007 -0.002 -0.001 0.021 0.004 0.000 0.001 0.001 0.004 0.004 0.002 0.000 -0.002 -0.008 0.003 0.006 0.006 0.003 0.001 0.001 0.001 0.002 0.018 -0.001 -0.000 -0.000 -0.002 -0.001 -0.008 -0.006 -0.004 -0.006 -0.002 -0.001 -0.002 0.012 -0.000 -0.000 0.001 0.000 -0.000 -0.001 0.001 0.000 -0.000 -0.002 -0.009 -0.005 -0.006 -0.003
-0.017 -0.028 -0.012 -0.004 -0.002 -0.003 -0.004 -0.005 -0.003 0.000 0.000 -0.000 -0.000 0.000 0.000 0.000 -0.000 -0.001 -0.005 -0.001 -0.001 0.000 0.000 0.000 -0.015 -0.001 -0.001 0.001 0.011 0.014 0.000 -0.006 -0.001 0.001 0.002 0.002 0.001 0.001 0.001 0.005 0.007 -0.004 -0.033 -0.003 0.001 0.001 0.007 0.011 0.000 0.000 0.000 -0.000 -0.001 -0.010 -0.004 -0.002 -0.002 -0.002 -0.001 -0.003 -0.008 -0.014 -0.002 -0.001 0.000 -0.000 0.001 0.002 0.002 0.000 -0.002 -0.003 -0.003 -0.006 -0.004
-0.012 -0.015 -0.012 -0.006 -0.003 -0.003 -0.005 -0.009 -0.004 0.001 0.001 0.001 0.001 0.001 0.001 0.001 0.001 -0.001 -0.001 -0.000 -0.001 0.000 -0.000 -0.003 -0.006 -0.001 -0.001 0.000 -0.003 0.009 0.001 -0.002 -0.002 0.000 0.001 0.002 0.003 0.004 0.006 0.008 0.021 0.007 -0.001 -0.001 -0.050 -0.013 -0.028 -0.001 -0.000 0.001 0.001 -0.000 -0.001 -0.006 -0.007 -0.001 -0.001 -0.001 -0.001 -0.003 -0.012 -0.018 -0.001 -0.000 -0.000 0.001 0.001 0.006 0.004 0.001 -0.001 -0.001 -0.001 -0.006 -0.005
-0.007 -0.010 -0.008 -0.004 -0.000 -0.000 -0.001 -0.011 -0.006 -0.003 0.002 -0.001 0.000 0.001 0.002 0.003 0.001 0.000 0.000 0.000 0.001 0.000 -0.000 -0.004 -0.002 -0.001 -0.001 -0.001 -0.001 -0.003 -0.004 -0.003 -0.003 0.001 0.001 0.002 0.003 0.006 0.012 -0.002 -0.001 -0.001 -0.001 -0.001 -0.002 -0.033 -0.060 0.000 0.001 0.002 0.001 0.000 -0.000 -0.001 -0.009 0.000 -0.000 -0.001 -0.002 -0.002 -0.011 -0.012 -0.000 -0.000 0.000 0.001 0.002 0.004 0.004 -0.000 -0.000 -0.000 -0.000 -0.001 -0.006
-0.007 -0.007 -0.005 -0.003 -0.002 -0.001 -0.001 -0.003 -0.006 -0.002 -0.001 -0.000 -0.001 -0.000 0.001 0.002 0.000 0.005 0.005 0.003 0.006 0.001 0.000 -0.002 -0.001 -0.000 -0.000 -0.000 -0.001 -0.003 -0.003 -0.003 -0.002 -0.002 -0.000 0.001 0.002 0.005 -0.002 -0.001 -0.001 -0.000 -0.000 -0.000 -0.001 -0.002 -0.048 -0.029 -0.020 0.002 0.002 0.001 -0.000 -0.000 -0.002 -0.004 -0.001 -0.000 -0.001 -0.002 -0.003 -0.016 0.000 0.000 0.000 0.001 -0.001 0.000 -0.000 0.000 0.000 0.000 0.000 -0.000 -0.002
-0.007 -0.007 -0.003 -0.002 -0.001 -0.001 -0.001 -0.004 -0.001 -0.003 -0.001 -0.000 -0.000 0.001 -0.003 -0.007 -0.001 -0.000 -0.001 0.006 0.011 0.005 -0.002 -0.001 -0.001 0.000 0.000 0.001 0.000 -0.003 -0.002 -0.001 -0.002 -0.001 -0.001 0.000 -0.002 -0.002 -0.001 -0.001 -0.001 -0.000 0.000 0.000 -0.001 -0.001 -0.001 -0.050 -0.031 -0.022 0.002 0.001 0.000 0.000 -0.000 -0.001 -0.001 0.000 -0.001 -0.001 -0.001 -0.002 -0.009 -0.000 -0.003 -0.004 -0.001 -0.002 -0.004 0.001 0.001 0.001 0.001 0.000 -0.000
-0.008 -0.006 -0.002 -0.002 -0.001 -0.000 -0.001 -0.001 -0.000 -0.001 0.000 -0.000 -0.000 -0.000 -0.002 -0.002 -0.000 0.000 -0.000 0.003 0.027 -0.002 -0.001 -0.001 -0.000 0.000 0.001 0.001 0.001 -0.001 -0.000 -0.000 -0.001 -0.001 -0.001 -0.001 -0.002 -0.009 -0.002 -0.001 -0.000 0.000 0.001 0.000 -0.000 0.001 -0.002 -0.042 -0.032 -0.023 -0.015 0.001 0.001 0.001 0.001 -0.000 -0.000 0.000 -0.000 -0.000 -0.000 -0.001 -0.006 -0.003 -0.003 -0.002 -0.002 -0.002 -0.006 -0.006 0.002 0.002 0.001 0.001 0.001
-0.002 -0.007 -0.002 -0.001 -0.000 -0.000 -0.000 0.000 0.000 0.000 0.000 0.000 0.000 0.001 -0.001 0.002 0.000 0.000 0.001 0.007 0.030 -0.001 -0.001 -0.001 -0.000 -0.000 -0.000 0.010 -0.000 -0.000 -0.000 0.000 0.001 0.000 -0.000 -0.001 -0.001 -0.004 -0.002 -0.000 0.000 0.001 0.000 0.000 -0.000 0.000 -0.012 -0.035 -0.031 -0.025 -0.020 0.002 -0.000 0.001 0.001 0.000 -0.000 -0.000 0.003 0.000 0.000 -0.001 -0.002 -0.002 -0.003 -0.004 -0.001 -0.002 -0.004 -0.008 -0.006 0.002 0.002 0.002 0.001
-0.001 -0.005 -0.001 -0.001 0.000 0.000 0.000 0.003 0.001 0.001 0.001 0.001 0.001 0.002 -0.000 0.002 0.003 0.001 0.002 0.041 0.001 0.001 0.000 -0.000 0.000 0.000 0.000 0.013 0.001 0.000 0.000 0.001 0.001 0.005 0.000 -0.000 -0.001 -0.001 -0.001 -0.000 0.001 0.001 0.001 0.001 0.001 0.001 -0.025 -0.033 -0.030 -0.026 -0.021 -0.000 -0.000 0.002 0.002 0.001 0.000 0.000 0.003 0.002 0.004 0.001 -0.001 -0.001 -0.001 -0.004 -0.001 -0.003 -0.004 -0.005 -0.007 -0.003 -0.005 0.002 0.001
0.000 -0.003 -0.000 0.000 0.000 0.001 0.001 0.003 0.004 0.001 0.002 0.001 0.001 0.004 -0.000 -0.000 0.009 0.001 0.029 0.020 0.002 0.001 0.000 0.000 0.000 0.001 0.001 0.018 0.003 0.001 0.000 -0.000 -0.006 0.020 0.001 0.000 -0.000 -0.000 -0.000 -0.000 0.001 0.002 0.002 0.002 0.002 0.002 -0.037 -0.034 -0.032 -0.027 -0.022 0.000 0.000 0.004 0.003 0.001 0.001 0.001 0.003 0.019 -0.002 -0.002 -0.002 -0.001 -0.001 -0.002 -0.002 -0.004 -0.004 -0.004 -0.003 -0.004 -0.005 -0.009 0.001
-0.000 -0.000 0.001 0.001 0.000 0.001 0.001 0.002 0.004 0.006 0.002 -0.001 0.002 0.001 0.000 0.000 0.008 0.028 0.019 0.011 0.005 0.001 0.001 0.001 0.001 -0.012 0.000 0.013 0.036 0.001 0.000 0.000 -0.015 0.011 0.027 0.001 0.000 0.001 0.001 0.001 0.000 0.001 0.002 0.003 0.002 -0.021 -0.031 -0.035 -0.035 -0.029 -0.017 -0.000 0.000 0.003 0.008 0.002 0.001 0.001 0.028 0.001 -0.001 -0.002 -0.002 -0.001 -0.001 -0.001 -0.002 -0.005 -0.004 -0.002 -0.002 -0.003 -0.004 -0.004 0.002
0.000 -0.000 0.002 0.001 0.000 0.002 0.002 0.005 0.004 -0.001 -0.001 -0.000 0.002 0.000 0.000 0.001 0.050 0.020 0.010 0.002 -0.000 -0.001 0.002 0.002 -0.030 -0.003 -0.000 -0.004 0.042 0.052 0.005 0.000 -0.028 -0.011 0.071 0.001 0.000 0.001 0.002 0.001 -0.000 0.001 0.003 0.003 -0.012 -0.022 -0.032 -0.040 -0.045 -0.037 -0.001 0.000 0.000 0.002 0.016 -0.001 0.001 0.001 0.032 0.002 -0.000 -0.001 -0.001 -0.001 -0.001 -0.001 -0.001 -0.002 -0.005 -0.001 -0.002 -0.003 -0.004 -0.004 -0.004
0.000 0.002 0.008 -0.000 0.000 0.002 0.003 0.003 -0.001 -0.001 -0.000 -0.000 0.005 0.007 0.005 0.012 0.075 -0.001 -0.002 -0.002 -0.001 -0.001 -0.002 -0.002 -0.013 -0.004 -0.000 -0.006 0.002 -0.006 0.000 0.013 0.029 0.016 0.096 0.001 0.001 0.002 0.005 0.001 -0.000 -0.001 -0.001 -0.001 -0.013 -0.023 -0.034 -0.047 -0.067 -0.017 0.000 0.001 0.001 0.023 -0.000 -0.000 0.001 0.002 0.037 0.002 0.000 0.000 0.000 -0.000 -0.000 -0.001 -0.001 -0.002 -0.002 -0.002 -0.001 -0.002 -0.004 -0.005 -0.002
-0.000 -0.000 0.017 -0.000 -0.000 0.001 0.001 -0.001 -0.001 -0.001 0.000 0.000 0.046 0.043 0.035 -0.004 -0.002 -0.001 -0.001 -0.001 -0.001 -0.001 -0.001 -0.001 -0.009 -0.003 0.000 -0.048 -0.003 -0.001 -0.001 -0.001 0.045 0.037 0.070 0.030 0.018 -0.007 0.021 0.001 0.000 -0.000 -0.000 -0.001 -0.013 -0.023 -0.033 -0.047 -0.073 -0.009 0.007 0.009 -0.015 -0.004 0.000 0.000 0.001 0.020 0.029 0.002 0.001 0.001 0.001 0.001 0.000 0.000 -0.001 -0.001 -0.001 -0.001 -0.001 -0.003 -0.004 -0.003 -0.004
0.000 0.000 0.017 0.000 -0.000 -0.002 -0.001 -0.001 0.000 -0.000 0.000 0.016 0.078 0.054 -0.006 -0.006 -0.003 -0.000 -0.001 -0.001 -0.000 -0.000 -0.000 -0.000 -0.016 -0.025 -0.009 -0.002 -0.001 -0.001 -0.000 -0.000 0.024 0.035 0.050 0.030 -0.011 0.009 0.066 0.001 0.001 0.000 0.000 -0.000 -0.001 -0.023 -0.029 -0.035 -0.039 -0.018 -0.003 0.006 0.001 -0.069 -0.014 0.000 0.048 0.018 0.012 -0.012 0.001 0.002 0.002 0.002 0.001 0.001 -0.000 -0.001 -0.001 -0.000 -0.001 -0.003 -0.002 -0.003 -0.003
0.001 0.007 0.011 0.001 0.000 -0.000 0.000 0.000 0.002 0.000 0.000 0.089 0.075 -0.001 -0.006 -0.007 -0.005 -0.001 -0.000 -0.000 -0.000 0.001 0.001 0.000 -0.039 -0.002 -0.002 -0.001 -0.001 -0.000 0.000 0.000 0.011 0.029 0.036 -0.009 -0.035 -0.012 0.079 0.082 0.001 0.001 0.001 0.000 -0.000 -0.001 -0.026 -0.023 -0.030 -0.020 -0.006 0.017 -0.001 -0.000 -0.023 -0.001 -0.002 -0.004 -0.006 -0.004 -0.003 -0.016 0.003 0.003 0.002 -0.000 -0.001 -0.000 0.000 0.000 -0.000 -0.000 -0.002 -0.003 -0.003
0.004 0.006 0.008 0.001 0.000 0.001 0.001 0.001 0.005 0.001 0.001 0.176 0.004 -0.003 -0.003 -0.007 -0.010 -0.002 0.000 0.000 0.000 0.000 -0.009 -0.019 -0.002 -0.001 -0.001 -0.001 -0.000 0.000 0.001 0.001 0.006 0.020 0.014 -0.006 -0.031 -0.001 -0.001 -0.001 0.092 0.059 0.001 0.001 0.000 -0.000 -0.000 -0.001 -0.037 -0.027 -0.017 -0.018 -0.000 0.000 -0.017 -0.001 -0.001 -0.002 -0.003 -0.003 -0.001 -0.001 -0.011 0.003 0.002 0.001 -0.000 0.000 0.001 0.001 -0.000 -0.001 -0.001 -0.003 -0.004
0.004 0.004 0.003 0.000 0.002 0.000 0.001 0.001 -0.004 0.068 0.088 -0.001 -0.002 -0.001 -0.000 -0.005 -0.009 -0.002 -0.001 0.000 -0.011 -0.002 -0.003 -0.003 -0.001 -0.001 -0.000 -0.000 0.000 0.001 0.001 0.002 0.006 0.012 0.004 -0.006 -0.016 -0.000 -0.000 -0.000 0.053 0.039 0.019 0.019 0.001 0.000 -0.000 -0.000 -0.001 -0.034 -0.034 -0.035 0.000 0.001 -0.013 0.001 0.000 -0.002 -0.002 -0.002 -0.001 -0.001 -0.001 -0.001 0.002 0.001 0.001 0.001 0.005 0.002 -0.002 -0.002 -0.002 -0.002 -0.001
0.005 0.002 -0.000 0.000 0.002 -0.000 -0.000 -0.001 0.059 0.111 -0.001 -0.002 -0.002 -0.001 -0.001 -0.005 -0.005 -0.002 -0.001 -0.005 -0.001 -0.001 -0.002 -0.002 -0.001 -0.000 0.000 0.000 0.001 0.001 0.002 0.010 0.005 0.003 -0.003 -0.008 -0.012 0.000 0.000 0.000 0.028 0.024 0.017 0.017 0.016 0.001 0.001 0.000 -0.001 -0.001 -0.001 -0.061 -0.012 -0.006 -0.016 -0.003 -0.001 -0.001 -0.002 -0.002 -0.001 -0.000 -0.001 -0.000 0.006 0.002 0.002 0.004 0.007 0.002 -0.002 -0.002 -0.002 -0.002 -0.002
0.002 -0.000 0.000 0.001 0.003 0.000 -0.000 -0.000 0.080 0.098 -0.001 -0.001 -0.001 -0.001 -0.001 -0.002 -0.004 -0.002 -0.002 -0.002 -0.001 -0.000 -0.001 -0.001 0.000 0.000 0.001 0.001 0.001 0.002 0.024 -0.001 -0.001 -0.001 -0.010 -0.010 -0.011 -0.000 0.000 -0.001 0.011 0.010 0.010 0.014 0.012 0.008 -0.001 0.001 -0.001 -0.000 -0.000 -0.043 -0.018 -0.015 -0.006 -0.004 -0.001 -0.001 -0.001 -0.001 -0.001 -0.000 -0.000 0.000 0.004 0.006 0.003 0.001 0.002 -0.001 -0.002 -0.002 -0.002 -0.002 -0.001
-0.003 0.000 0.001 0.001 0.003 0.004 0.000 0.000 0.062 0.120 0.001 -0.000 -0.000 -0.001 -0.001 -0.001 -0.003 -0.001 -0.001 -0.001 0.000 0.000 0.000 -0.000 0.002 0.001 0.001 0.001 0.002 0.002 0.026 -0.001 -0.000 -0.001 -0.011 -0.011 -0.012 -0.000 0.000 -0.001 -0.007 -0.005 -0.001 0.017 0.010 0.006 0.001 -0.001 -0.000 -0.000 0.000 -0.036 -0.016 -0.014 -0.006 -0.005 0.000 0.000 -0.000 -0.001 -0.000 0.000 0.001 0.001 0.002 0.005 0.005 -0.007 -0.003 -0.002 -0.001 -0.002 -0.003 -0.002 -0.001
-0.006 0.000 -0.004 0.002 -0.004 0.016 0.001 -0.001 0.041 0.087 0.062 -0.000 -0.000 -0.001 -0.001 0.000 -0.001 -0.001 -0.000 0.000 0.001 0.001 0.001 0.000 0.002 0.002 0.002 0.002 0.003 0.030 -0.001 -0.001 -0.000 -0.000 -0.011 -0.013 -0.013 0.000 -0.000 -0.001 -0.007 -0.002 -0.001 -0.001 0.007 0.004 0.001 -0.001 0.000 0.000 0.001 -0.030 -0.020 -0.003 -0.003 -0.007 -0.002 0.001 0.000 -0.000 0.000 0.001 0.001 0.001 0.004 0.002 -0.001 -0.007 -0.004 -0.001 -0.001 -0.001 -0.002 -0.002 -0.001
-0.021 -0.001 0.000 -0.000 -0.000 -0.000 -0.001 0.004 0.044 0.077 0.097 0.001 0.001 0.001 0.001 0.002 -0.000 -0.001 0.000 0.001 0.001 0.002 0.002 0.000 0.001 0.003 0.003 0.003 0.037 -0.001 -0.001 -0.000 0.000 0.000 -0.009 -0.017 -0.015 0.001 0.000 -0.001 -0.004 -0.001 0.000 -0.000 -0.003 0.000 -0.001 -0.001 0.000 -0.010 -0.006 -0.014 -0.007 -0.002 -0.002 -0.002 -0.005 -0.001 0.001 0.000 0.001 0.001 0.001 0.001 0.001 0.002 -0.007 -0.008 -0.007 -0.001 0.001 0.000 -0.002 -0.001 -0.001
-0.019 -0.000 0.000 0.000 0.001 0.000 -0.000 0.002 -0.003 0.075 0.077 0.076 0.002 0.002 0.002 0.002 0.001 0.001 0.001 -0.000 0.002 0.007 -0.000 0.000 0.001 0.002 0.003 0.047 -0.001 -0.000 -0.000 -0.000 -0.000 0.001 -0.015 -0.010 -0.014 0.002 -0.000 -0.000 -0.001 -0.001 0.000 0.000 -0.007 -0.001 -0.001 -0.000 0.000 -0.017 -0.002 -0.007 -0.003 -0.002 -0.001 -0.002 -0.001 -0.001 0.001 0.001 0.001 0.002 -0.000 -0.002 -0.002 -0.002 -0.006 -0.006 -0.006 -0.004 -0.001 0.000 -0.001 -0.001 -0.001
-0.008 0.000 0.001 0.001 0.003 0.001 0.000 -0.001 -0.001 0.024 0.060 0.076 -0.036 0.002 0.003 0.002 0.002 0.001 0.001 0.000 0.005 0.007 0.000 0.001 0.001 0.003 0.030 0.028 0.000 0.000 0.000 0.000 -0.000 0.002 -0.029 -0.001 -0.001 -0.003 -0.000 -0.000 -0.000 -0.000 0.001 -0.001 -0.002 -0.001 -0.000 0.000 -0.009 -0.002 -0.002 -0.003 -0.002 -0.001 -0.001 -0.001 -0.001 -0.001 -0.001 0.006 0.001 -0.002 -0.004 -0.007 -0.005 -0.006 -0.005 -0.005 -0.005 -0.003 -0.001 0.001 -0.000 -0.001 -0.000
0.009 0.006 0.004 0.004 0.009 0.001 0.000 -0.000 -0.000 -0.001 -0.001 0.073 0.058 0.004 0.003 0.002 0.002 0.001 0.002 0.001 0.008 0.005 0.001 0.002 0.002 0.043 0.021 0.012 -0.005 0.001 0.001 0.000 0.000 -0.002 -0.021 -0.001 -0.001 -0.001 0.000 0.000 0.000 0.000 -0.000 0.004 -0.001 0.000 0.000 -0.002 -0.002 -0.001 -0.001 -0.002 -0.002 -0.001 -0.000 -0.000 -0.000 -0.000 -0.001 -0.002 -0.001 -0.003 -0.007 -0.017 -0.006 -0.004 -0.004 -0.005 -0.005 -0.004 0.001 0.001 -0.001 -0.001 0.000
0.005 0.004 0.005 0.007 0.019 0.002 0.001 0.000 0.000 -0.000 -0.001 -0.001 0.054 0.030 0.062 0.003 0.002 0.001 0.003 0.002 0.008 0.009 0.001 -0.010 -0.030 0.153 -0.004 -0.005 -0.003 -0.003 -0.006 -0.002 -0.010 -0.003 -0.001 -0.000 -0.001 0.001 0.001 0.001 0.001 0.001 0.001 0.007 -0.000 0.000 0.001 0.002 -0.001 -0.000 -0.000 -0.000 -0.001 -0.001 0.000 0.001 0.000 -0.000 -0.001 -0.002 -0.002 -0.001 -0.003 -0.043 -0.003 -0.003 -0.003 -0.003 -0.003 -0.002 -0.002 -0.001 -0.001 -0.000 0.000
0.002 -0.014 0.004 -0.002 -0.024 -0.002 -0.002 0.001 0.001 0.000 -0.000 -0.001 -0.001 0.001 0.026 0.127 0.001 0.001 0.005 -0.001 -0.001 -0.034 -0.003 -0.001 -0.012 -0.005 -0.004 -0.005 -0.003 -0.002 -0.009 -0.001 -0.007 -0.002 -0.001 -0.002 -0.002 -0.003 0.009 0.001 0.001 0.002 0.012 -0.001 0.000 0.001 0.005 0.002 -0.000 0.001 0.000 0.000 0.000 0.000 0.001 0.002 0.001 0.000 -0.001 -0.001 -0.002 -0.001 -0.003 -0.040 -0.001 -0.001 -0.002 -0.003 -0.002 -0.002 -0.001 -0.001 -0.000 0.000 0.000
