Project1/res/jiangbei.maxVy
ncols         319
nrows         412
xllcorner     657492.000000
yllcorner     3548062.000000
cellsize      10.000000
NODATA_value  -9999.000000
[rows 170 to 203 of 412, columns 77 to 153 of 319]
0.020 0.036 0.079 0.085 0.059 0.024 0.047 0.033 0.044 0.020 0.029 0.023 0.048 0.085 0.103 0.109 0.096 0.061 0.045 0.036 0.050 0.096 0.116 0.073 0.044 0.053 0.045 0.019 0.019 0.020 0.011 0.008 0.019 0.034 0.069 0.105 0.097 0.086 0.089 0.129 0.160 0.050 0.055 0.067 0.097 0.107 0.117 0.096 0.078 0.077 0.082 0.073 0.079 0.054 0.066 0.040 0.044 0.045 0.041 0.039 0.049 0.050 0.026 0.055 0.014 0.032 0.042 0.046 0.062 0.067 0.058 0.113 0.177 0.234 0.190 0.066 0.042
0.020 0.028 0.051 0.014 0.035 0.028 0.033 0.067 0.097 0.067 0.037 0.040 0.065 0.090 0.112 0.123 0.108 0.123 0.116 0.069 0.073 0.170 0.135 0.023 0.029 0.010 0.044 0.021 0.016 0.016 0.013 0.009 0.003 0.013 0.039 0.069 0.053 0.052 0.072 0.121 0.115 0.070 0.042 0.069 0.095 0.100 0.092 0.077 0.059 0.057 0.067 0.051 0.056 0.052 0.030 0.050 0.047 0.043 0.029 0.057 0.077 0.074 0.053 0.055 0.053 0.053 0.015 0.053 0.047 0.052 0.054 0.063 0.102 0.115 0.112 0.072 0.069
0.045 0.027 0.045 0.045 0.046 0.028 0.008 0.049 0.075 0.062 0.007 0.060 0.087 0.097 0.115 0.106 0.284 0.094 0.083 0.034 0.044 0.088 0.082 0.051 0.028 0.058 0.051 0.056 0.050 0.044 0.023 0.009 0.020 0.011 0.034 0.017 0.027 0.017 0.044 0.068 0.060 0.024 0.010 0.029 0.048 0.047 0.032 0.043 0.044 0.026 0.019 0.013 0.001 0.028 0.034 0.059 0.063 0.045 0.041 0.075 0.090 0.084 0.055 0.068 0.048 0.020 0.045 0.036 0.035 0.029 0.030 0.030 0.039 0.057 0.093 0.075 0.072
0.087 0.080 0.049 0.044 0.080 0.073 0.018 0.026 0.032 0.021 0.045 0.080 0.101 0.113 0.112 0.058 0.071 0.049 0.040 0.033 0.031 0.030 0.025 0.052 0.109 0.062 0.105 0.137 0.024 0.054 0.036 0.011 0.015 0.035 0.056 0.013 0.063 0.056 0.032 0.018 0.022 0.032 0.037 0.039 0.036 0.036 0.055 0.102 0.106 0.065 0.061 0.048 0.048 0.035 0.024 0.084 0.078 0.065 0.074 0.087 0.081 0.052 0.067 0.054 0.043 0.024 0.040 0.024 0.019 0.032 0.049 0.059 0.062 0.039 0.075 0.089 0.082
0.108 0.102 0.138 0.035 0.061 0.083 0.036 0.054 0.028 0.019 0.072 0.096 0.105 0.110 0.059 0.062 0.051 0.107 0.191 0.135 0.056 0.090 0.118 0.108 0.036 0.060 0.057 0.050 0.120 0.050 0.037 0.022 0.030 0.060 0.059 0.028 0.064 0.063 0.049 0.049 0.067 0.056 0.054 0.064 0.067 0.069 0.080 0.091 0.085 0.064 0.070 0.059 0.061 0.048 0.026 0.135 0.130 0.118 0.099 0.078 0.054 0.072 0.044 0.049 0.022 0.034 0.054 0.056 0.053 0.064 0.056 0.081 0.102 0.075 0.084 0.088 0.126
0.167 0.167 0.036 0.069 0.072 0.072 0.028 0.010 0.034 0.047 0.086 0.113 0.106 0.083 0.042 0.049 0.050 0.076 0.074 0.153 0.087 0.074 0.077 0.023 0.036 0.018 0.023 0.038 0.052 0.091 0.027 0.020 0.045 0.043 0.034 0.007 0.053 0.063 0.058 0.073 0.087 0.087 0.085 0.089 0.087 0.086 0.072 0.039 0.032 0.052 0.071 0.064 0.066 0.033 0.048 0.134 0.153 0.102 0.056 0.040 0.034 0.043 0.032 0.023 0.041 0.063 0.043 0.047 0.041 0.012 0.015 0.042 0.064 0.067 0.083 0.087 0.101
0.186 0.092 0.047 0.059 0.056 0.053 0.057 0.038 0.052 0.068 0.076 0.106 0.096 0.077 0.046 0.027 0.087 0.078 0.082 0.114 0.124 0.133 0.088 0.043 0.039 0.061 0.048 0.019 0.015 0.053 0.020 0.030 0.043 0.025 0.027 0.036 0.062 0.085 0.096 0.106 0.090 0.075 0.088 0.096 0.088 0.061 0.081 0.085 0.051 0.071 0.081 0.085 0.081 0.063 0.069 0.104 0.079 0.013 0.021 0.021 0.031 0.062 0.048 0.060 0.060 0.059 0.033 0.041 0.054 0.050 0.043 0.028 0.016 0.016 0.046 0.060 0.073
0.082 0.042 0.051 0.063 0.069 0.076 0.060 0.063 0.091 0.094 0.085 0.064 0.081 0.072 0.085 0.092 0.100 0.066 0.074 0.089 0.126 0.145 0.098 0.035 0.058 0.072 0.063 0.052 0.037 0.044 0.053 0.045 0.029 0.024 0.053 0.066 0.095 0.117 0.123 0.128 0.085 0.014 0.023 0.025 0.024 0.133 0.114 0.102 0.094 0.075 0.055 0.098 0.095 0.077 0.085 0.086 0.016 0.062 0.053 0.039 0.041 0.068 0.093 0.046 0.045 0.043 0.027 0.027 0.036 0.084 0.060 0.025 0.023 0.035 0.028 0.015 0.032
0.031 0.042 0.079 0.082 0.090 0.094 0.050 0.063 0.099 0.111 0.096 0.081 0.141 0.132 0.112 0.127 0.092 0.032 0.038 0.082 0.089 0.131 0.067 0.045 0.139 0.068 0.065 0.059 0.052 0.022 0.028 0.001 0.029 0.054 0.074 0.090 0.107 0.124 0.128 0.141 0.068 0.006 0.052 0.071 0.087 0.148 0.117 0.100 0.087 0.078 0.063 0.049 0.096 0.053 0.058 0.028 0.057 0.060 0.052 0.046 0.042 0.046 0.078 0.031 0.043 0.059 0.052 0.046 0.034 0.058 0.064 0.041 0.035 0.022 0.053 0.056 0.035
0.059 0.049 0.109 0.124 0.035 0.052 0.042 0.024 0.069 0.067 0.049 0.121 0.174 0.124 0.150 0.112 0.065 0.020 0.016 0.065 0.082 0.102 0.038 0.043 0.077 0.065 0.043 0.042 0.045 0.023 0.038 0.057 0.069 0.082 0.089 0.095 0.099 0.079 0.095 0.094 0.062 0.028 0.030 0.053 0.074 0.121 0.104 0.078 0.065 0.053 0.064 0.070 0.062 0.089 0.053 0.052 0.038 0.033 0.037 0.023 0.024 0.026 0.081 0.054 0.046 0.059 0.058 0.053 0.052 0.038 0.052 0.019 0.007 0.035 0.032 0.044 0.046
0.089 0.079 0.160 0.022 0.043 0.020 0.036 0.041 0.038 0.107 0.115 0.167 0.127 0.179 0.148 0.072 0.024 0.011 0.034 0.061 0.076 0.068 0.041 0.032 0.031 0.029 0.044 0.097 0.047 0.033 0.047 0.084 0.093 0.097 0.097 0.086 0.056 0.010 0.027 0.047 0.064 0.049 0.033 0.010 0.041 0.078 0.088 0.065 0.050 0.043 0.072 0.096 0.113 0.118 0.110 0.105 0.091 0.065 0.053 0.041 0.037 0.051 0.148 0.078 0.048 0.088 0.066 0.066 0.070 0.090 0.107 0.040 0.044 0.055 0.052 0.056 0.080
0.076 0.134 0.040 0.039 0.007 0.059 0.074 0.058 0.096 0.126 0.162 0.178 0.169 0.165 0.124 0.024 0.017 0.045 0.084 0.085 0.099 0.091 0.045 0.054 0.027 0.083 0.098 0.137 0.065 0.048 0.057 0.089 0.099 0.096 0.074 0.059 0.061 0.048 0.049 0.047 0.039 0.058 0.052 0.040 0.024 0.027 0.044 0.038 0.029 0.025 0.056 0.085 0.103 0.106 0.106 0.107 0.098 0.084 0.096 0.129 0.062 0.071 0.091 0.067 0.057 0.091 0.087 0.059 0.059 0.066 0.133 0.013 0.027 0.032 0.034 0.071 0.078
0.145 0.089 0.103 0.046 0.018 0.006 0.052 0.063 0.086 0.114 0.173 0.134 0.139 0.120 0.107 0.067 0.060 0.093 0.103 0.098 0.095 0.106 0.102 0.107 0.072 0.065 0.108 0.102 0.069 0.067 0.072 0.071 0.085 0.052 0.080 0.076 0.078 0.076 0.071 0.082 0.087 0.031 0.050 0.053 0.048 0.036 0.023 0.020 0.025 0.021 0.022 0.058 0.085 0.097 0.101 0.099 0.085 0.061 0.087 0.074 0.049 0.041 0.053 0.049 0.037 0.062 0.079 0.055 0.030 0.025 0.032 0.026 0.027 0.019 0.060 0.058 0.065
0.080 0.053 0.083 0.093 0.038 0.029 0.068 0.074 0.065 0.134 0.116 0.112 0.111 0.109 0.135 0.109 0.105 0.100 0.088 0.076 0.064 0.081 0.088 0.102 0.095 0.120 0.122 0.065 0.024 0.062 0.078 0.081 0.062 0.041 0.041 0.050 0.066 0.075 0.088 0.083 0.078 0.092 0.049 0.056 0.058 0.053 0.049 0.044 0.042 0.039 0.020 0.041 0.071 0.085 0.090 0.086 0.068 0.030 0.060 0.043 0.020 0.019 0.009 0.017 0.041 0.038 0.045 0.038 0.027 0.040 0.036 0.028 0.030 0.048 0.059 0.087 0.054
0.035 0.061 0.138 0.132 0.062 0.051 0.058 0.063 0.083 0.127 0.110 0.096 0.096 0.089 0.160 0.109 0.102 0.085 0.061 0.026 0.030 0.001 0.054 0.079 0.053 0.153 0.251 0.101 0.059 0.087 0.100 0.097 0.063 0.024 0.028 0.031 0.044 0.057 0.081 0.070 0.066 0.056 0.076 0.048 0.065 0.063 0.059 0.053 0.047 0.042 0.027 0.028 0.052 0.064 0.077 0.066 0.050 0.060 0.084 0.097 0.100 0.069 0.073 0.064 0.037 0.015 0.019 0.026 0.047 0.039 0.041 0.041 0.053 0.065 0.099 0.063 0.010
0.029 0.037 0.089 0.105 0.066 0.045 0.058 0.102 0.074 0.083 0.089 0.080 0.086 0.087 0.142 0.093 0.078 0.057 0.010 0.063 0.073 0.072 0.033 0.076 0.062 0.050 0.125 0.111 0.083 0.119 0.128 0.136 0.062 0.022 0.023 0.019 0.013 0.018 0.056 0.043 0.048 0.040 0.042 0.052 0.064 0.068 0.064 0.059 0.052 0.044 0.032 0.018 0.030 0.058 0.054 0.030 0.006 0.050 0.099 0.116 0.127 0.067 0.051 0.021 0.045 0.045 0.029 0.040 0.048 0.038 0.041 0.065 0.057 0.055 0.064 0.030 0.059
0.041 0.023 0.028 0.022 0.022 0.015 0.021 0.037 0.023 0.022 0.040 0.035 0.070 0.074 0.107 0.063 0.020 0.061 0.079 0.091 0.100 0.099 0.062 0.096 0.042 0.061 0.041 0.076 0.043 0.144 0.127 0.104 0.072 0.051 0.048 0.037 0.032 0.020 0.041 0.041 0.054 0.050 0.023 0.050 0.048 0.069 0.068 0.064 0.054 0.047 0.037 0.031 0.027 0.034 0.001 0.025 0.029 0.024 0.064 0.078 0.070 0.132 0.055 0.089 0.097 0.080 0.044 0.045 0.062 0.054 0.070 0.057 0.042 0.078 0.048 0.050 0.078
0.067 0.069 0.060 0.048 0.037 0.049 0.063 0.052 0.044 0.072 0.104 0.068 0.073 0.069 0.050 0.013 0.093 0.153 0.108 0.109 0.109 0.090 0.015 0.045 0.037 0.051 0.062 0.085 0.040 0.072 0.108 0.109 0.089 0.083 0.083 0.076 0.072 0.031 0.055 0.043 0.055 0.061 0.061 0.024 0.063 0.061 0.070 0.063 0.049 0.046 0.040 0.028 0.005 0.020 0.027 0.033 0.033 0.002 0.024 0.035 0.041 0.093 0.028 0.057 0.056 0.084 0.049 0.049 0.085 0.073 0.054 0.032 0.080 0.049 0.026 0.073 0.065
0.118 0.127 0.067 0.069 0.059 0.068 0.064 0.051 0.106 0.177 0.098 0.037 0.036 0.048 0.089 0.092 0.127 0.209 0.125 0.102 0.103 0.094 0.036 0.028 0.006 0.012 0.058 0.125 0.115 0.086 0.109 0.104 0.101 0.105 0.111 0.111 0.082 0.040 0.050 0.041 0.050 0.058 0.061 0.053 0.043 0.039 0.066 0.046 0.037 0.044 0.041 0.029 0.018 0.016 0.027 0.049 0.056 0.043 0.032 0.028 0.048 0.066 0.072 0.058 0.044 0.057 0.074 0.020 0.064 0.045 0.052 0.093 0.068 0.053 0.088 0.084 0.047
0.151 0.174 0.082 0.081 0.074 0.097 0.074 0.032 0.071 0.108 0.084 0.084 0.086 0.126 0.156 0.137 0.115 0.105 0.098 0.107 0.101 0.065 0.010 0.034 0.061 0.065 0.045 0.157 0.191 0.114 0.161 0.095 0.102 0.121 0.131 0.116 0.063 0.012 0.022 0.016 0.028 0.039 0.047 0.047 0.023 0.031 0.037 0.016 0.038 0.048 0.044 0.030 0.024 0.016 0.042 0.084 0.104 0.089 0.066 0.035 0.023 0.032 0.044 0.074 0.105 0.067 0.034 0.039 0.065 0.071 0.086 0.062 0.026 0.065 0.086 0.052 0.037
0.189 0.150 0.075 0.086 0.108 0.125 0.090 0.052 0.069 0.113 0.093 0.115 0.107 0.133 0.135 0.121 0.254 0.070 0.075 0.042 0.061 0.034 0.042 0.078 0.099 0.095 0.079 0.112 0.096 0.074 0.091 0.052 0.068 0.104 0.131 0.099 0.067 0.038 0.042 0.039 0.037 0.025 0.021 0.049 0.043 0.032 0.048 0.014 0.046 0.051 0.045 0.032 0.028 0.029 0.056 0.089 0.131 0.142 0.101 0.082 0.059 0.051 0.041 0.052 0.080 0.029 0.031 0.041 0.080 0.099 0.059 0.029 0.051 0.029 0.075 0.053 0.049
0.189 0.135 0.072 0.078 0.088 0.057 0.091 0.069 0.080 0.183 0.091 0.132 0.086 0.071 0.098 0.061 0.068 0.033 0.022 0.044 0.045 0.055 0.073 0.094 0.090 0.068 0.056 0.051 0.040 0.089 0.070 0.078 0.026 0.072 0.113 0.120 0.100 0.076 0.068 0.057 0.065 0.059 0.040 0.019 0.046 0.076 0.074 0.037 0.053 0.056 0.053 0.044 0.036 0.044 0.057 0.070 0.110 0.157 0.093 0.080 0.098 0.086 0.041 0.043 0.036 0.048 0.078 0.037 0.046 0.054 0.021 0.061 0.079 0.064 0.157 0.161 0.168
0.083 0.070 0.029 0.061 0.080 0.095 0.079 0.038 0.125 0.052 0.070 0.048 0.042 0.038 0.058 0.063 0.049 0.054 0.087 0.089 0.076 0.072 0.073 0.051 0.095 0.103 0.143 0.075 0.075 0.104 0.061 0.063 0.040 0.047 0.109 0.075 0.066 0.100 0.089 0.070 0.075 0.075 0.067 0.047 0.028 0.100 0.121 0.062 0.076 0.083 0.084 0.075 0.056 0.056 0.055 0.053 0.051 0.138 0.073 0.063 0.099 0.055 0.033 0.022 0.044 0.127 0.043 0.039 0.004 0.030 0.056 0.070 0.063 0.034 0.208 0.202 0.191
0.038 0.055 0.054 0.013 0.084 0.072 0.042 0.019 0.037 0.042 0.081 0.085 0.087 0.100 0.107 0.038 0.047 0.111 0.098 0.085 0.073 0.067 0.045 0.060 0.082 0.093 0.117 0.067 0.062 0.022 0.040 0.031 0.023 0.025 0.080 0.087 0.076 0.106 0.103 0.091 0.078 0.067 0.062 0.053 0.044 0.116 0.187 0.124 0.106 0.102 0.121 0.098 0.061 0.061 0.061 0.047 0.029 0.117 0.090 0.063 0.090 0.070 0.049 0.052 0.078 0.152 0.075 0.016 0.047 0.048 0.053 0.057 0.036 0.118 0.171 0.158 0.163
0.044 0.082 0.086 0.096 0.088 0.048 0.041 0.059 0.034 0.040 0.031 0.060 0.075 0.164 0.126 0.056 0.065 0.145 0.036 0.019 0.054 0.028 0.047 0.035 0.052 0.058 0.064 0.042 0.024 0.058 0.075 0.048 0.025 0.004 0.042 0.079 0.118 0.080 0.099 0.105 0.101 0.073 0.041 0.034 0.044 0.118 0.201 0.176 0.124 0.126 0.141 0.101 0.063 0.063 0.071 0.073 0.055 0.078 0.091 0.104 0.109 0.084 0.077 0.070 0.062 0.052 0.073 0.058 0.053 0.022 0.046 0.047 0.055 0.172 0.169 0.132 0.148
0.035 0.049 0.064 0.084 0.098 0.096 0.073 0.044 0.036 0.055 0.050 0.040 0.043 0.126 0.068 0.028 0.037 0.061 0.069 0.057 0.057 0.035 0.014 0.020 0.014 0.020 0.015 0.025 0.039 0.094 0.109 0.074 0.027 0.009 0.042 0.048 0.109 0.177 0.102 0.123 0.122 0.098 0.061 0.035 0.063 0.103 0.173 0.177 0.134 0.144 0.133 0.096 0.069 0.061 0.078 0.092 0.084 0.087 0.094 0.124 0.106 0.101 0.083 0.101 0.085 0.112 0.156 0.062 0.066 0.051 0.049 0.044 0.127 0.184 0.146 0.128 0.151
0.067 0.019 0.028 0.015 0.055 0.087 0.085 0.041 0.052 0.029 0.040 0.054 0.036 0.176 0.117 0.061 0.075 0.033 0.000 0.032 0.022 0.056 0.061 0.049 0.056 0.066 0.062 0.047 0.042 0.086 0.093 0.090 0.036 0.017 0.046 0.040 0.104 0.250 0.173 0.119 0.071 0.102 0.079 0.051 0.072 0.087 0.111 0.079 0.074 0.090 0.081 0.067 0.057 0.041 0.069 0.084 0.097 0.102 0.113 0.124 0.109 0.105 0.098 0.084 0.113 0.126 0.167 0.211 0.137 0.043 0.044 0.087 0.158 0.228 0.186 0.123 0.127
0.082 0.028 0.069 0.056 0.018 0.053 0.075 0.091 0.031 0.030 0.046 0.040 0.039 0.131 0.076 0.069 0.075 0.044 0.063 0.039 0.036 0.108 0.086 0.071 0.077 0.080 0.077 0.063 0.023 0.063 0.062 0.052 0.030 0.025 0.037 0.010 0.134 0.265 0.267 0.172 0.100 0.103 0.089 0.060 0.074 0.075 0.034 0.029 0.053 0.131 0.086 0.015 0.018 0.003 0.064 0.091 0.091 0.092 0.096 0.104 0.104 0.107 0.084 0.116 0.113 0.098 0.088 0.227 0.174 0.040 0.049 0.084 0.148 0.225 0.205 0.113 0.110
0.010 0.066 0.077 0.064 0.058 0.013 0.068 0.095 0.098 0.070 0.063 0.073 0.065 0.055 0.032 0.036 0.045 0.055 0.065 0.047 0.091 0.163 0.082 0.079 0.074 0.081 0.085 0.078 0.056 0.013 0.017 0.028 0.037 0.025 0.024 0.008 0.105 0.238 0.305 0.224 0.124 0.116 0.099 0.069 0.069 0.027 0.036 0.033 0.047 0.205 0.128 0.046 0.062 0.064 0.088 0.099 0.087 0.087 0.083 0.085 0.108 0.077 0.117 0.108 0.094 0.077 0.072 0.100 0.111 0.019 0.025 0.062 0.135 0.204 0.170 0.092 0.081
0.079 0.099 0.084 0.077 0.066 0.040 0.053 0.073 0.098 0.100 0.073 0.064 0.078 0.094 0.047 0.044 0.038 0.027 0.070 0.062 0.110 0.129 0.056 0.082 0.085 0.072 0.082 0.076 0.065 0.062 0.065 0.069 0.089 0.056 0.011 0.025 0.050 0.215 0.317 0.285 0.146 0.136 0.118 0.095 0.062 0.011 0.024 0.025 0.041 0.187 0.235 0.077 0.095 0.086 0.080 0.098 0.061 0.071 0.074 0.100 0.076 0.110 0.102 0.082 0.070 0.061 0.062 0.062 0.098 0.029 0.018 0.037 0.098 0.160 0.098 0.065 0.050
0.106 0.099 0.091 0.095 0.094 0.072 0.041 0.036 0.071 0.094 0.102 0.099 0.084 0.076 0.035 0.030 0.115 0.111 0.068 0.082 0.065 0.076 0.073 0.106 0.091 0.053 0.054 0.064 0.067 0.066 0.064 0.080 0.122 0.070 0.049 0.055 0.091 0.188 0.296 0.299 0.154 0.148 0.141 0.111 0.069 0.040 0.028 0.027 0.051 0.151 0.186 0.077 0.076 0.028 0.034 0.024 0.027 0.052 0.045 0.075 0.096 0.071 0.041 0.027 0.032 0.032 0.047 0.082 0.072 0.094 0.032 0.050 0.099 0.117 0.065 0.056 0.023
0.133 0.112 0.097 0.100 0.089 0.075 0.068 0.057 0.006 0.057 0.094 0.108 0.091 0.055 0.035 0.071 0.116 0.099 0.043 0.071 0.095 0.131 0.042 0.057 0.046 0.032 0.039 0.078 0.052 0.021 0.041 0.080 0.156 0.092 0.077 0.088 0.093 0.148 0.297 0.253 0.166 0.152 0.145 0.126 0.109 0.082 0.051 0.051 0.077 0.144 0.068 0.017 0.058 0.115 0.069 0.051 0.045 0.058 0.060 0.152 0.054 0.038 0.056 0.046 0.042 0.038 0.014 0.054 0.077 0.068 0.089 0.077 0.112 0.077 0.062 0.057 0.048
0.175 0.168 0.150 0.135 0.109 0.074 0.069 0.074 0.068 0.041 0.054 0.082 0.086 0.075 0.056 0.080 0.095 0.099 0.023 0.031 0.077 0.095 0.104 0.080 0.061 0.025 0.094 0.136 0.057 0.011 0.015 0.014 0.123 0.169 0.137 0.103 0.072 0.083 0.237 0.196 0.139 0.151 0.130 0.146 0.144 0.163 0.197 0.123 0.057 0.064 0.075 0.063 0.056 0.091 0.103 0.083 0.077 0.084 0.120 0.167 0.025 0.051 0.063 0.066 0.061 0.054 0.036 0.019 0.039 0.064 0.063 0.112 0.108 0.067 0.050 0.045 0.034
0.127 0.226 0.185 0.190 0.156 0.105 0.084 0.081 0.083 0.067 0.028 0.048 0.081 0.100 0.095 0.085 0.070 0.094 0.014 0.021 0.047 0.100 0.103 0.080 0.053 0.076 0.126 0.138 0.067 0.009 0.038 0.045 0.060 0.146 0.154 0.132 0.094 0.068 0.119 0.118 0.099 0.087 0.090 0.109 0.128 0.147 0.242 0.021 0.054 0.084 0.168 0.109 0.099 0.140 0.130 0.097 0.087 0.125 0.193 0.110 0.031 0.034 0.027 0.067 0.067 0.060 0.042 0.042 0.034 0.002 0.060 0.118 0.094 0.057 0.042 0.037 0.030
