Project1/res/jiangbei-0002.Vy
ncols         319
nrows         412
xllcorner     657492.000000
yllcorner     3548062.000000
cellsize      10.000000
NODATA_value  -9999.000000
[rows 132 to 164 of 412, columns 150 to 224 of 319]
0.041 0.029 0.000 0.000 -0.012 -0.033 -0.026 0.000 -0.026 -0.015 -0.019 -0.010 0.011 0.020 0.019 0.018 0.016 -0.013 0.000 0.000 -0.017 -0.020 -0.026 0.007 0.003 0.003 0.028 0.032 0.015 0.019 0.021 0.046 0.089 0.062 0.047 0.023 0.021 0.020 0.024 0.022 0.017 0.007 0.006 0.012 -0.001 -0.077 0.000 -0.063 -0.065 -0.064 -0.066 -0.013 -0.017 0.000 -0.042 0.017 0.022 0.024 0.000 0.000 0.000 0.036 0.043 0.000 0.059 0.065 0.053 0.032 0.016 0.023 0.038 0.044 0.049 0.050 0.053
0.043 0.033 0.025 0.000 0.006 -0.010 0.003 0.000 0.011 0.005 0.005 0.014 0.025 0.024 0.021 0.030 0.028 0.020 0.000 0.000 -0.013 -0.012 -0.017 -0.025 -0.021 -0.018 -0.010 -0.009 -0.012 -0.009 0.040 0.030 0.011 0.013 0.036 0.035 0.019 0.018 0.022 0.026 0.025 0.021 0.019 0.019 -0.034 0.000 0.000 -0.045 -0.026 -0.035 -0.052 0.009 0.013 0.000 -0.015 -0.018 0.027 0.029 0.027 0.028 0.027 0.039 0.044 0.039 0.050 0.066 0.053 0.000 0.028 0.037 0.050 0.054 0.059 0.060 0.058
0.028 0.038 0.033 0.023 0.015 0.027 0.010 -0.014 -0.015 -0.013 0.015 0.025 0.037 0.030 0.024 0.035 0.040 0.023 0.000 0.011 -0.003 0.010 0.010 -0.015 -0.020 -0.020 -0.020 -0.017 -0.020 -0.022 -0.022 -0.011 0.009 0.003 0.019 0.060 0.085 -0.002 -0.009 -0.001 0.035 0.032 0.023 -0.034 -0.034 0.000 0.012 -0.021 -0.012 -0.012 -0.019 -0.045 0.019 0.000 0.012 -0.018 -0.000 0.026 0.032 0.031 0.044 0.056 0.057 0.027 -0.009 0.012 0.028 0.027 0.042 0.048 0.052 0.057 0.060 0.061 0.058
-0.005 0.032 0.047 0.037 0.032 0.011 -0.019 -0.022 -0.022 0.000 0.020 0.029 0.043 0.039 0.032 0.034 0.043 0.026 0.024 0.020 0.017 0.020 0.024 0.011 -0.013 -0.016 -0.018 -0.018 -0.018 -0.022 -0.028 -0.038 -0.053 -0.032 -0.022 -0.022 -0.025 -0.011 0.000 -0.015 0.002 0.020 -0.045 -0.041 -0.014 0.031 -0.013 -0.011 -0.018 -0.022 -0.019 -0.033 -0.050 0.025 0.031 0.021 -0.016 0.014 0.020 0.000 0.056 0.058 0.064 0.053 -0.007 -0.017 0.000 0.000 0.000 0.048 0.051 0.052 0.053 0.054 0.055
-0.004 -0.003 0.047 0.038 0.027 -0.012 0.000 -0.017 0.005 0.000 0.030 0.034 0.037 0.042 0.044 0.021 0.034 0.046 0.000 0.025 0.024 0.025 0.035 0.015 0.004 0.000 -0.014 -0.016 -0.016 -0.022 -0.031 -0.037 -0.051 -0.035 -0.024 -0.026 -0.026 -0.020 0.000 0.015 -0.019 -0.058 0.000 0.000 0.035 -0.015 -0.009 -0.023 0.000 -0.022 -0.030 -0.020 -0.047 -0.047 0.030 0.038 0.023 0.000 0.000 0.029 0.052 0.053 0.047 0.036 0.018 0.021 0.000 0.000 0.000 0.039 0.041 0.044 0.048 0.050 0.051
-0.031 -0.009 -0.030 0.026 0.019 -0.010 -0.006 0.019 0.000 0.023 0.029 0.036 0.032 0.039 0.025 0.014 0.036 0.035 0.030 0.022 0.023 0.027 0.042 0.019 0.015 0.000 0.005 -0.009 -0.012 -0.023 -0.029 -0.032 -0.042 -0.034 -0.019 -0.023 0.000 0.000 0.013 -0.027 -0.022 -0.016 0.000 0.000 0.022 -0.029 -0.025 -0.026 -0.014 -0.011 -0.023 -0.031 -0.025 -0.046 -0.037 0.030 0.025 0.000 0.006 0.026 0.035 0.022 0.030 -0.018 -0.015 0.016 0.030 0.029 0.025 0.031 0.036 0.041 0.044 0.047 0.047
-0.085 -0.071 -0.026 -0.005 0.022 0.018 0.000 0.030 0.000 0.026 0.014 0.032 0.024 0.046 0.032 0.017 0.023 -0.013 -0.026 0.001 0.082 0.066 0.055 0.024 0.021 0.019 0.019 0.014 0.004 -0.019 -0.023 -0.027 -0.031 -0.031 -0.016 -0.011 0.000 0.000 -0.038 -0.016 0.000 -0.006 0.019 0.009 -0.098 -0.028 -0.027 0.000 -0.012 -0.013 -0.016 -0.022 -0.034 -0.050 -0.106 -0.137 0.023 0.025 0.000 0.063 0.082 0.050 0.015 -0.005 -0.009 -0.002 -0.001 0.008 0.017 0.030 0.035 0.038 0.037 0.040 0.049
-0.061 -0.073 0.006 0.024 0.033 0.000 0.030 0.000 0.034 0.032 0.014 -0.010 0.042 0.060 0.034 0.000 -0.013 -0.012 -0.018 0.000 -0.017 0.031 0.070 0.020 0.021 0.022 0.024 0.022 0.015 -0.010 -0.019 -0.022 -0.025 -0.021 -0.012 0.026 0.028 -0.016 -0.061 -0.010 0.000 0.019 -0.053 -0.065 -0.028 -0.022 -0.008 0.000 0.005 -0.007 -0.008 -0.012 -0.027 -0.020 0.000 0.000 -0.111 0.018 0.025 0.032 0.073 0.041 0.026 0.018 0.005 -0.025 -0.034 -0.033 0.000 0.017 0.036 0.044 0.046 0.048 0.054
-0.040 -0.070 0.018 0.031 0.036 0.030 0.000 0.031 0.048 0.027 0.009 0.000 -0.010 0.015 0.005 -0.002 -0.006 -0.010 -0.013 0.000 -0.015 -0.012 0.065 0.053 0.018 0.020 0.026 0.026 0.016 0.007 -0.011 -0.017 -0.016 0.000 0.018 0.023 -0.037 -0.017 -0.015 0.001 0.018 0.016 -0.054 0.000 -0.019 0.010 0.014 0.016 0.017 0.015 0.010 -0.004 -0.007 0.003 0.000 0.000 -0.068 -0.038 -0.012 -0.001 -0.010 0.026 0.027 0.022 0.019 0.000 0.000 0.000 -0.019 0.000 -0.004 0.055 0.056 0.051 0.047
-0.049 -0.042 -0.024 -0.031 0.024 0.027 0.030 0.046 0.046 0.024 0.017 0.000 0.000 0.003 0.000 -0.001 -0.004 -0.009 0.006 0.000 0.015 0.013 0.049 0.037 0.016 0.007 0.005 0.025 0.020 -0.009 -0.009 -0.012 0.000 0.000 0.023 -0.030 -0.019 0.000 -0.003 0.015 0.016 -0.043 -0.027 -0.004 0.012 0.009 0.018 0.022 0.024 0.023 0.017 0.010 0.014 0.015 0.017 0.006 -0.065 -0.027 -0.030 -0.034 0.013 0.029 0.033 0.031 0.026 0.000 0.000 0.000 0.018 -0.004 0.016 0.051 0.058 0.043 -0.022
-0.046 -0.046 -0.043 -0.036 -0.045 0.019 0.031 0.052 0.046 0.030 0.025 0.022 0.009 -0.013 0.001 -0.002 -0.005 -0.011 0.010 0.018 0.019 0.014 0.039 0.014 0.007 0.003 0.001 0.000 0.022 -0.008 -0.013 -0.010 0.000 0.024 -0.022 -0.034 0.000 -0.006 0.011 0.015 -0.021 -0.057 -0.020 -0.005 0.004 -0.009 -0.009 0.017 0.034 0.029 0.012 0.011 0.013 0.001 -0.004 -0.011 -0.029 -0.014 -0.022 -0.037 -0.033 0.021 0.018 0.023 0.027 0.029 0.034 0.000 0.026 0.028 0.029 0.041 -0.008 -0.055 -0.032
-0.034 -0.035 -0.037 -0.035 -0.028 -0.016 0.008 0.025 0.040 0.034 0.030 0.025 0.000 0.006 -0.009 -0.008 -0.008 0.000 0.014 0.018 0.017 0.045 0.018 0.008 0.005 0.001 -0.001 -0.002 0.020 0.011 0.000 0.014 0.025 -0.002 -0.039 -0.013 0.000 0.016 0.012 -0.048 -0.041 -0.032 -0.009 0.013 0.016 0.011 0.009 0.019 0.037 0.024 0.010 0.010 0.009 -0.001 -0.004 -0.009 -0.015 -0.004 -0.010 -0.021 0.000 -0.022 -0.051 -0.020 0.023 0.029 0.031 0.031 0.000 0.024 0.021 -0.028 -0.028 -0.022 -0.017
-0.032 -0.032 -0.036 -0.038 -0.032 -0.037 -0.015 -0.012 0.071 0.032 0.033 0.029 0.023 0.000 0.018 0.017 0.017 0.000 0.018 0.018 0.040 0.036 0.032 -0.025 -0.035 -0.022 -0.004 -0.002 -0.004 0.020 0.000 0.000 0.013 -0.025 -0.012 -0.006 0.013 -0.026 -0.022 -0.025 0.000 -0.005 0.016 0.024 0.031 0.020 0.019 0.023 0.030 0.021 0.010 0.009 0.005 0.000 -0.003 -0.006 -0.008 -0.030 0.007 0.014 0.000 -0.020 -0.016 -0.028 0.016 0.016 0.023 0.024 0.023 0.000 -0.037 -0.066 -0.044 -0.040 -0.027
-0.031 -0.036 -0.035 -0.035 -0.039 -0.066 0.000 -0.024 0.000 0.063 0.030 0.032 0.028 0.025 0.027 0.028 0.033 0.020 0.017 0.015 0.062 0.087 0.000 0.000 -0.036 0.000 -0.026 -0.005 -0.003 0.018 0.026 0.022 -0.006 -0.012 0.000 0.011 -0.019 -0.019 -0.024 0.000 0.013 0.018 0.024 0.024 0.031 0.017 0.017 0.006 0.019 0.029 0.015 0.009 0.009 0.003 -0.001 -0.006 -0.025 -0.029 -0.026 0.015 0.000 0.021 0.004 -0.023 -0.024 -0.018 -0.009 0.019 0.000 0.009 -0.061 -0.035 -0.035 -0.034 0.000
-0.027 -0.033 -0.030 -0.029 -0.026 -0.032 -0.014 -0.022 -0.027 -0.027 0.057 0.029 0.031 0.032 0.039 0.054 0.066 -0.008 0.000 -0.018 0.075 0.124 0.000 0.000 0.023 0.000 0.000 -0.025 -0.011 -0.012 -0.015 -0.018 -0.013 -0.004 0.000 -0.012 -0.019 0.000 0.011 0.000 0.000 0.023 0.014 -0.004 -0.003 -0.004 -0.006 -0.010 -0.015 -0.099 0.015 0.009 0.011 0.008 0.004 -0.010 -0.015 -0.020 -0.024 -0.028 -0.017 -0.012 -0.022 -0.029 -0.026 -0.023 -0.018 -0.015 0.015 0.018 -0.035 -0.008 -0.021 0.000 -0.018
0.000 -0.021 -0.025 -0.027 -0.027 -0.034 0.005 -0.014 -0.023 -0.030 -0.019 0.066 0.030 0.039 0.053 0.061 0.039 -0.015 0.000 0.000 0.092 0.192 0.025 0.031 0.000 0.000 0.000 0.000 -0.017 -0.027 -0.019 -0.013 0.000 0.012 0.014 -0.010 -0.023 -0.009 0.000 0.024 0.023 -0.002 -0.002 -0.003 -0.003 -0.004 -0.007 -0.011 -0.018 -0.044 -0.110 -0.002 0.009 0.009 0.003 -0.000 0.005 -0.014 -0.020 -0.025 -0.025 -0.025 -0.024 -0.022 -0.019 0.000 0.000 0.010 0.013 0.000 -0.036 -0.042 -0.030 -0.011 0.011
0.000 0.009 -0.008 0.000 -0.032 -0.032 0.000 -0.012 -0.014 -0.031 -0.013 0.040 0.071 0.044 0.058 0.056 0.000 0.007 0.000 0.000 0.097 0.204 0.086 0.028 0.000 0.000 0.000 0.000 0.011 -0.016 -0.016 0.000 0.000 0.018 0.013 0.000 0.005 0.000 0.015 -0.015 -0.023 -0.002 -0.002 -0.003 -0.004 -0.005 -0.007 -0.010 -0.014 -0.023 -0.047 -0.006 0.003 0.010 0.006 -0.016 -0.023 -0.021 -0.017 -0.021 -0.023 0.000 -0.018 0.009 0.021 0.000 0.000 0.043 0.011 -0.036 -0.034 -0.046 -0.031 -0.007 -0.009
0.025 0.028 0.015 0.000 0.000 -0.025 -0.027 -0.022 -0.017 -0.052 -0.054 0.014 0.068 0.073 0.066 0.038 0.014 0.026 0.000 0.023 0.084 0.219 0.085 0.027 0.027 0.000 0.026 0.024 0.012 -0.008 0.009 0.000 0.021 0.043 0.043 0.000 0.000 0.024 0.009 -0.020 -0.024 -0.018 -0.003 -0.004 -0.006 -0.007 -0.008 -0.009 -0.010 -0.012 -0.015 -0.010 -0.003 0.004 -0.022 -0.031 -0.040 -0.042 -0.021 -0.021 -0.019 -0.014 0.016 0.000 0.026 0.021 0.026 -0.010 -0.017 -0.054 0.001 -0.037 -0.034 0.010 0.000
-0.015 0.040 0.020 0.020 0.000 0.011 0.004 -0.010 -0.016 -0.083 -0.096 -0.062 -0.037 0.073 0.078 0.035 0.027 0.031 0.031 0.000 0.074 0.224 0.080 0.029 0.025 0.025 0.021 0.000 0.010 0.016 0.000 0.024 0.028 0.051 0.040 0.000 0.031 0.025 0.014 -0.011 -0.018 -0.022 -0.012 -0.005 -0.007 -0.008 -0.009 -0.010 -0.010 -0.009 -0.008 -0.005 -0.003 -0.002 -0.021 0.000 -0.027 -0.052 -0.020 -0.020 0.000 0.014 0.022 0.023 0.010 0.002 0.001 -0.002 -0.022 -0.023 -0.062 -0.039 -0.031 -0.045 0.000
0.000 -0.010 0.073 0.000 0.019 0.020 0.020 0.015 -0.004 -0.092 -0.047 0.000 -0.030 -0.026 0.125 0.051 0.031 0.037 0.033 0.028 0.073 0.238 0.075 0.034 0.031 0.022 -0.006 0.006 0.021 0.020 0.023 0.026 0.025 0.000 0.000 0.001 0.018 0.018 0.015 0.009 -0.010 -0.018 -0.021 -0.006 -0.008 -0.010 -0.011 -0.011 -0.010 -0.008 -0.007 -0.005 -0.005 -0.021 -0.019 -0.015 -0.006 -0.021 -0.005 -0.006 0.000 0.022 0.023 0.024 0.037 -0.022 -0.031 -0.032 -0.026 0.000 -0.032 -0.040 -0.021 0.000 -0.035
-0.019 -0.018 0.051 0.022 0.019 0.021 0.021 0.010 -0.048 -0.055 -0.024 0.000 -0.014 -0.041 -0.019 0.080 0.062 0.062 0.039 0.064 0.089 0.238 0.068 0.039 0.031 -0.004 0.006 0.019 0.022 0.015 0.015 0.028 0.000 0.000 0.001 0.002 0.007 0.020 0.017 0.013 0.009 -0.010 -0.019 -0.019 -0.007 -0.012 -0.014 -0.013 -0.011 -0.009 -0.007 -0.007 -0.009 -0.024 -0.017 -0.018 -0.015 -0.002 0.008 0.014 0.019 0.024 0.026 0.052 -0.030 -0.037 -0.044 -0.038 -0.026 -0.023 -0.030 -0.032 -0.020 0.000 -0.005
0.018 -0.000 -0.008 0.068 0.018 0.019 0.008 -0.054 -0.047 -0.020 -0.020 0.000 -0.012 -0.046 -0.049 -0.032 0.028 0.062 0.034 0.081 0.144 0.168 0.053 0.030 -0.003 0.004 0.018 0.023 0.026 0.000 -0.017 -0.002 0.000 0.001 0.002 0.006 0.013 0.020 0.018 0.017 0.014 0.009 -0.010 -0.017 -0.015 -0.010 -0.016 -0.017 -0.014 -0.011 -0.011 -0.010 -0.028 -0.025 -0.019 0.000 0.000 -0.003 0.000 0.000 0.022 0.026 0.074 -0.019 -0.026 -0.030 -0.036 -0.035 -0.027 -0.022 -0.025 -0.029 -0.029 -0.009 -0.002
0.000 0.021 0.015 0.051 0.038 0.018 -0.053 -0.023 -0.022 -0.023 -0.023 -0.024 -0.027 -0.033 -0.039 -0.039 -0.030 0.070 0.156 0.026 0.072 0.069 -0.004 -0.012 -0.005 0.014 0.019 0.036 0.000 -0.015 0.000 -0.018 -0.000 0.000 0.001 0.005 0.015 0.021 0.019 0.020 0.019 0.015 0.011 -0.006 -0.016 -0.012 -0.018 -0.023 -0.019 -0.017 -0.016 -0.024 -0.026 -0.025 -0.019 -0.015 -0.019 -0.021 0.015 0.023 0.025 0.060 0.051 -0.024 -0.023 -0.024 -0.027 -0.026 -0.022 -0.019 -0.020 -0.024 -0.027 -0.029 -0.032
0.028 0.026 0.025 0.047 0.035 -0.014 -0.020 -0.023 -0.021 -0.021 -0.022 -0.024 -0.025 -0.025 -0.024 -0.024 -0.023 -0.079 -0.194 -0.076 0.000 0.013 -0.019 -0.013 0.011 0.016 0.039 -0.018 -0.018 0.007 0.000 -0.005 -0.002 -0.002 -0.006 -0.011 -0.013 0.043 0.018 0.020 0.024 0.019 0.015 0.011 -0.007 -0.014 -0.026 -0.031 -0.031 -0.029 -0.015 -0.020 -0.022 -0.022 -0.018 0.000 0.007 0.008 0.021 0.024 0.063 0.050 -0.027 -0.035 -0.014 0.000 -0.016 -0.018 0.000 -0.014 -0.016 -0.015 0.000 -0.016 -0.022
0.000 0.023 0.023 0.037 0.035 -0.008 -0.025 0.000 -0.022 -0.018 -0.020 -0.020 -0.020 -0.016 -0.012 -0.019 -0.023 -0.064 -0.156 -0.101 -0.026 -0.019 -0.024 -0.013 0.021 0.034 0.032 -0.012 0.007 0.000 0.015 0.011 -0.045 -0.028 -0.031 -0.033 -0.031 -0.019 0.073 0.051 0.039 0.022 0.000 0.015 0.011 -0.002 -0.048 -0.044 -0.034 -0.023 -0.013 -0.019 -0.017 0.000 0.000 0.000 0.026 0.025 0.025 0.049 0.041 -0.025 -0.024 -0.042 0.001 0.000 0.009 0.007 0.000 0.010 0.009 0.010 0.000 0.012 -0.009
0.002 0.002 0.006 0.014 0.017 -0.005 0.000 0.000 0.000 -0.021 -0.017 -0.010 -0.006 -0.004 0.006 -0.013 -0.022 -0.021 -0.140 -0.095 -0.024 -0.014 0.000 -0.013 -0.007 0.032 0.043 0.028 0.000 0.020 0.014 -0.042 -0.034 -0.036 -0.038 -0.034 -0.029 -0.032 -0.024 -0.003 0.079 0.052 0.032 0.020 0.010 0.007 -0.047 -0.058 -0.051 -0.021 -0.030 -0.022 -0.009 0.000 0.000 0.025 0.000 0.000 0.124 0.028 -0.030 -0.036 -0.031 -0.030 -0.031 -0.027 -0.019 0.011 0.020 0.023 0.020 0.018 0.019 0.024 0.024
-0.019 0.000 -0.017 0.011 0.017 0.009 0.000 0.000 0.000 0.000 -0.013 0.013 0.015 0.014 0.013 0.016 0.018 -0.003 -0.087 -0.080 -0.032 -0.006 0.000 0.009 0.009 0.029 0.011 0.021 0.027 0.000 -0.014 -0.028 0.000 -0.030 0.000 -0.031 -0.032 -0.033 -0.030 -0.037 -0.033 -0.025 0.006 0.007 -0.001 -0.009 -0.040 -0.025 -0.033 -0.033 -0.027 -0.020 0.001 0.024 0.031 0.030 0.031 0.019 -0.023 -0.035 -0.042 -0.041 -0.033 0.000 -0.032 -0.026 -0.014 0.011 0.022 0.028 0.027 0.026 0.024 0.026 0.036
-0.019 0.000 -0.017 0.000 0.060 0.019 0.024 0.027 0.026 0.000 0.013 0.016 0.022 0.023 0.026 0.033 0.031 -0.069 -0.051 -0.050 -0.077 0.010 0.018 0.016 0.000 0.012 0.005 0.001 0.018 0.019 0.007 0.000 -0.011 -0.008 -0.019 0.000 -0.042 0.000 -0.038 -0.035 -0.036 -0.031 -0.052 -0.029 -0.014 -0.022 -0.031 -0.033 -0.034 -0.027 -0.021 0.000 0.000 0.027 0.032 0.033 0.045 0.005 -0.035 -0.038 -0.038 -0.043 -0.035 -0.027 -0.015 0.007 0.011 0.014 0.019 0.025 0.031 0.032 0.030 0.026 0.024
0.019 0.000 0.021 0.000 0.083 0.065 0.049 0.030 0.024 0.029 0.000 0.020 0.022 0.028 0.038 0.036 -0.055 -0.023 -0.069 -0.026 -0.019 -0.034 0.026 -0.008 -0.013 0.006 0.005 -0.001 -0.003 0.025 0.022 0.000 0.019 0.011 0.000 -0.025 0.000 -0.043 -0.041 -0.037 -0.031 -0.020 -0.051 -0.046 -0.051 -0.047 -0.036 -0.031 -0.032 -0.024 -0.013 0.000 0.025 0.031 0.030 0.041 0.015 -0.033 -0.034 -0.034 -0.035 -0.036 -0.026 -0.009 0.008 0.010 0.012 0.015 0.018 0.021 0.025 0.030 0.021 0.008 0.003
0.021 0.023 0.024 0.024 0.080 0.077 0.064 0.046 0.026 0.024 0.022 0.021 0.024 0.037 0.038 -0.024 -0.015 -0.032 -0.020 0.000 0.016 -0.012 0.000 0.000 -0.010 0.019 0.010 -0.002 -0.010 0.021 0.030 0.027 0.025 0.023 0.000 0.017 0.000 0.000 -0.038 -0.039 -0.041 -0.041 -0.057 -0.044 -0.050 -0.047 -0.033 -0.032 -0.028 -0.011 0.021 0.026 0.029 0.029 0.048 -0.011 -0.036 -0.037 -0.034 0.000 0.000 -0.017 -0.005 0.010 0.011 0.011 0.012 0.013 0.015 0.018 0.020 0.024 0.010 0.003 0.001
0.033 0.028 0.027 0.027 0.065 0.076 0.074 0.048 0.024 0.019 0.015 0.016 0.030 0.040 -0.011 -0.009 -0.027 -0.110 -0.009 0.000 0.004 -0.005 0.000 0.000 0.012 0.043 0.025 -0.007 -0.015 -0.035 0.025 0.030 0.029 0.030 0.034 0.000 0.000 0.024 0.000 0.000 -0.042 -0.046 -0.057 -0.049 -0.051 -0.047 -0.031 -0.028 0.000 0.000 0.016 0.026 0.031 0.028 -0.014 -0.038 -0.038 -0.035 -0.031 0.000 0.000 0.012 0.012 0.014 0.014 0.014 0.013 0.014 0.016 0.017 0.019 0.028 0.013 0.003 0.001
0.052 0.043 0.037 0.035 0.055 0.059 0.059 0.034 0.024 0.020 0.014 0.017 0.032 -0.004 -0.003 -0.011 -0.095 -0.158 0.008 0.010 0.000 -0.014 0.007 0.015 0.070 0.073 -0.013 -0.024 -0.027 -0.029 -0.059 0.029 0.033 0.033 0.033 0.037 0.000 0.000 0.000 -0.027 0.000 -0.046 0.000 -0.044 -0.042 -0.046 0.000 0.000 0.000 0.000 0.028 0.031 0.090 0.026 -0.038 -0.038 -0.033 -0.029 0.000 0.000 0.015 0.017 0.018 0.019 0.018 0.018 0.017 0.015 0.016 0.017 0.019 0.077 0.013 0.001 -0.000
0.063 0.056 0.050 0.044 0.078 0.052 -0.006 0.016 0.020 0.021 0.000 0.000 0.028 -0.000 -0.001 -0.037 -0.067 -0.108 -0.009 -0.001 -0.001 -0.008 -0.007 0.039 0.034 -0.012 -0.012 -0.024 -0.027 -0.032 -0.076 -0.017 0.033 0.036 0.034 0.033 0.033 0.034 0.000 0.000 -0.008 -0.030 -0.038 0.000 0.000 -0.031 -0.021 0.000 0.024 0.030 0.032 -0.030 -0.087 -0.041 -0.041 -0.035 -0.026 -0.020 0.000 0.014 0.019 0.021 0.022 0.024 0.024 0.022 0.019 0.018 0.017 0.018 0.019 -0.122 -0.012 -0.004 -0.003
