Project1/res/jiangbei-0001.Qy
ncols         319
nrows         412
xllcorner     657492.000000
yllcorner     3548062.000000
cellsize      10.000000
NODATA_value  -9999.000000
[rows 165 to 197 of 412, columns 75 to 149 of 319]
0.001 -0.001 -0.001 -0.002 -0.003 -0.003 -0.002 -0.020 -0.001 0.001 -0.001 -0.001 -0.001 -0.001 -0.002 -0.002 -0.002 -0.001 0.000 0.000 -0.000 0.000 0.005 0.020 0.022 -0.009 -0.046 -0.006 -0.003 -0.002 -0.002 -0.002 -0.001 -0.002 -0.002 -0.003 -0.097 -0.007 0.001 0.001 0.000 -0.000 -0.001 -0.001 -0.001 -0.002 -0.002 -0.055 -0.020 0.000 0.000 0.001 0.002 0.000 -0.001 -0.002 -0.003 -0.005 -0.003 0.001 0.001 0.001 0.000 -0.000 -0.001 -0.001 -0.001 0.080 0.001 0.001 0.002 0.001 0.001 0.015 0.022
-0.002 -0.001 -0.002 -0.002 -0.002 -0.001 -0.001 -0.030 -0.016 -0.000 -0.000 -0.000 -0.000 -0.001 -0.001 -0.002 -0.001 -0.001 0.005 0.000 0.000 0.001 0.004 0.017 0.010 -0.010 -0.017 -0.003 -0.002 -0.002 -0.002 -0.002 -0.001 -0.001 -0.002 -0.003 -0.004 -0.035 -0.048 0.000 0.001 0.000 0.000 -0.000 -0.001 -0.001 -0.001 -0.040 -0.026 0.002 0.004 -0.000 -0.001 -0.002 -0.002 -0.003 -0.003 -0.005 -0.004 0.001 0.002 0.001 0.001 0.000 -0.000 -0.001 -0.001 -0.001 0.043 0.046 0.003 0.002 0.002 0.008 0.017
-0.002 -0.001 -0.002 -0.002 -0.001 -0.000 -0.000 -0.014 -0.029 0.001 0.001 0.001 0.000 -0.000 -0.001 -0.001 -0.001 -0.001 0.004 0.003 0.002 0.002 0.015 0.011 0.003 -0.005 -0.004 -0.003 -0.002 -0.001 -0.001 -0.001 -0.001 -0.001 -0.002 -0.002 -0.004 -0.005 -0.006 -0.005 -0.046 -0.005 0.001 0.000 -0.001 -0.001 -0.000 -0.026 -0.029 0.004 -0.000 -0.001 -0.002 -0.002 -0.003 -0.002 -0.001 -0.001 -0.001 -0.001 -0.000 0.002 0.001 0.000 0.001 0.001 -0.000 -0.000 -0.001 0.058 0.040 0.003 0.003 0.004 0.013
-0.001 -0.001 -0.001 -0.002 0.000 0.000 0.000 -0.008 -0.023 -0.006 0.001 0.001 0.001 0.000 -0.000 -0.000 -0.000 0.000 0.002 0.004 0.003 0.021 0.015 0.010 0.003 -0.003 -0.004 -0.004 -0.002 0.000 -0.001 -0.001 -0.001 -0.001 -0.001 -0.002 -0.003 -0.005 -0.006 -0.005 -0.004 -0.016 -0.018 0.001 -0.000 -0.001 0.001 -0.020 -0.021 -0.000 0.001 -0.001 -0.001 -0.001 -0.002 -0.001 -0.000 -0.000 -0.000 -0.000 0.002 0.004 0.001 0.001 0.001 0.003 0.000 0.000 0.000 0.043 0.037 0.026 0.004 0.002 0.018
-0.001 -0.000 -0.001 -0.000 0.001 0.001 0.001 -0.007 -0.010 -0.006 -0.004 0.002 0.001 0.000 0.000 0.000 0.001 0.001 0.002 0.004 0.031 0.021 0.015 0.009 -0.005 -0.002 -0.002 -0.003 -0.002 0.000 -0.001 -0.000 -0.000 -0.000 -0.001 -0.002 -0.003 -0.005 -0.004 -0.003 -0.003 -0.005 -0.016 -0.001 -0.000 -0.001 0.000 -0.012 -0.011 -0.004 -0.001 -0.001 -0.001 -0.001 -0.001 0.000 0.000 0.000 0.000 0.001 0.003 0.006 0.001 0.001 0.002 0.006 0.001 0.000 0.001 0.034 0.038 0.034 0.033 0.028 0.059
-0.000 0.000 -0.000 0.000 0.001 0.001 0.001 -0.001 -0.004 -0.004 -0.003 -0.000 -0.001 0.000 0.000 0.001 0.001 0.001 0.002 0.031 0.041 0.019 0.013 -0.006 -0.006 -0.001 -0.001 -0.002 -0.002 0.000 -0.000 -0.000 0.000 0.000 -0.001 -0.001 -0.003 -0.004 -0.003 -0.002 -0.002 -0.006 -0.008 -0.000 -0.000 -0.001 -0.002 -0.003 -0.005 -0.002 -0.002 -0.001 -0.001 -0.001 -0.001 -0.001 0.006 0.001 0.001 0.003 0.006 0.003 0.002 0.002 -0.001 0.008 0.004 0.003 -0.000 0.026 0.035 0.038 0.049 0.067 0.067
0.000 0.000 0.000 -0.000 0.001 0.005 0.003 0.001 -0.000 -0.002 -0.004 -0.001 -0.000 0.000 0.000 0.001 0.002 0.002 0.003 0.060 0.073 -0.001 -0.001 -0.013 -0.010 -0.000 0.001 0.000 -0.003 0.001 0.000 0.000 0.000 0.000 -0.000 -0.000 -0.002 -0.003 -0.001 -0.001 -0.002 -0.006 -0.003 -0.001 -0.000 -0.001 -0.001 -0.001 -0.001 -0.001 -0.001 -0.001 -0.001 -0.000 -0.001 -0.001 0.001 0.009 0.007 0.006 0.001 0.002 0.002 0.002 0.005 0.013 -0.001 -0.000 -0.000 0.025 0.029 0.033 0.042 0.056 0.073
0.000 0.001 0.001 0.000 -0.001 0.010 0.005 0.001 0.000 -0.001 -0.001 -0.001 0.000 0.000 0.001 0.001 0.002 -0.001 -0.267 -0.089 0.018 -0.000 -0.000 -0.003 -0.004 -0.002 -0.002 0.004 -0.005 -0.004 0.001 0.000 0.000 -0.000 0.001 0.001 -0.002 -0.000 0.001 0.000 -0.002 -0.002 -0.002 -0.000 0.000 -0.000 -0.001 -0.000 -0.000 0.001 0.001 0.000 -0.000 0.000 -0.000 -0.000 0.002 0.011 0.016 0.003 0.001 0.002 0.003 0.003 0.012 0.009 -0.001 -0.000 0.001 0.021 0.021 0.024 0.030 0.042 0.056
0.001 0.001 0.001 0.001 0.001 0.018 0.004 -0.001 0.001 0.000 -0.000 0.000 0.000 0.001 0.001 0.002 0.002 -0.090 -0.129 -0.075 -0.032 0.000 0.000 0.001 -0.001 0.002 0.006 0.006 -0.006 -0.013 0.001 0.001 0.000 0.000 0.001 -0.002 -0.003 -0.001 0.004 0.003 0.002 0.001 0.001 0.000 0.001 0.000 0.000 0.000 0.001 0.002 0.003 0.001 0.000 0.000 0.000 0.000 0.001 0.021 0.012 0.002 0.002 0.002 0.003 0.011 0.013 0.001 -0.000 -0.000 0.004 0.012 0.012 0.011 0.011 0.026 0.028
0.002 0.001 0.002 0.003 0.040 -0.000 -0.005 -0.006 0.000 0.001 0.000 0.000 0.001 0.001 0.002 0.002 -0.059 -0.074 -0.085 -0.051 -0.034 -0.027 0.002 0.006 0.010 0.011 -0.001 -0.001 -0.001 -0.000 -0.015 -0.004 0.001 0.000 -0.001 -0.002 -0.001 -0.001 0.004 0.004 0.004 0.004 0.006 0.002 0.001 0.001 0.001 0.001 0.001 0.004 0.010 0.001 0.001 0.000 0.001 0.001 0.001 0.025 0.009 0.004 0.003 0.004 0.008 0.010 0.009 -0.000 -0.000 0.000 0.005 0.006 0.002 -0.001 -0.000 -0.001 -0.002
0.000 0.001 0.017 0.032 -0.000 -0.001 -0.001 -0.001 -0.004 -0.000 0.000 0.000 0.001 0.002 0.002 -0.044 -0.056 -0.063 -0.055 -0.001 -0.001 -0.025 -0.014 -0.029 0.006 -0.000 -0.000 -0.000 -0.000 -0.000 -0.001 -0.014 0.001 0.000 -0.001 -0.000 -0.000 -0.000 0.002 0.004 0.004 0.006 0.008 0.005 0.003 0.003 0.002 0.002 -0.002 0.007 0.022 0.002 0.001 0.001 0.001 0.001 0.002 0.016 0.012 0.008 0.008 0.007 0.009 0.011 0.004 0.000 0.000 0.001 0.006 0.004 0.002 0.000 0.000 -0.001 -0.001
0.000 0.001 0.039 0.014 -0.000 -0.000 -0.000 -0.000 -0.000 -0.000 0.001 0.001 0.001 0.002 -0.003 -0.070 -0.060 -0.064 -0.002 -0.001 -0.001 -0.008 -0.015 -0.022 -0.005 -0.001 0.000 0.001 0.000 0.000 -0.000 -0.005 -0.001 -0.001 -0.001 -0.000 0.000 0.001 0.002 0.004 0.005 0.007 0.007 0.006 0.005 0.005 0.004 0.003 -0.018 0.009 0.050 0.003 0.001 0.001 0.001 0.001 0.002 0.009 0.015 0.011 0.009 0.008 0.008 0.010 0.003 0.001 0.001 0.004 0.004 0.003 0.001 0.001 0.001 0.000 0.000
0.000 0.016 0.027 0.004 0.000 0.000 0.000 0.000 0.000 0.001 0.001 0.001 0.001 -0.017 -0.036 -0.054 -0.050 -0.018 -0.001 -0.000 -0.001 -0.002 -0.017 -0.019 -0.004 -0.000 0.001 0.001 0.001 0.000 0.000 -0.001 -0.001 -0.001 -0.000 0.000 0.001 0.001 0.002 0.004 0.005 0.009 0.006 -0.000 -0.001 -0.001 0.002 -0.024 -0.004 -0.002 -0.001 -0.001 -0.001 0.004 0.002 0.001 0.002 0.006 0.018 0.012 0.009 0.007 0.005 0.006 0.004 0.003 0.003 0.003 0.003 0.002 0.000 0.001 0.003 -0.001 -0.001
0.000 0.020 0.017 0.002 0.001 0.001 0.001 0.002 0.001 0.001 0.002 0.002 0.002 -0.043 -0.045 -0.059 -0.005 -0.002 -0.001 -0.000 -0.000 -0.001 -0.003 -0.026 -0.005 0.000 0.012 -0.001 -0.001 0.001 0.001 -0.000 -0.000 -0.000 0.000 0.001 0.001 0.002 0.003 0.004 0.009 0.011 0.004 -0.000 -0.001 -0.001 -0.002 -0.009 -0.004 -0.002 -0.001 -0.001 -0.001 0.002 0.007 0.001 0.002 0.016 0.012 0.009 0.009 0.008 -0.000 0.003 0.006 0.005 0.003 0.003 0.002 0.001 -0.001 -0.002 0.003 -0.001 -0.000
0.001 0.008 0.009 0.002 0.003 0.005 -0.001 -0.000 -0.000 -0.000 0.002 0.003 -0.021 -0.037 -0.042 -0.023 -0.005 -0.002 -0.001 0.000 0.000 -0.001 -0.003 -0.015 -0.003 -0.000 0.011 -0.000 -0.000 0.001 0.001 0.000 0.000 0.001 0.001 0.001 0.001 0.002 0.003 0.005 0.008 0.010 0.007 0.000 -0.000 -0.001 -0.001 -0.005 -0.004 -0.002 -0.001 -0.000 -0.001 -0.002 0.011 0.027 0.006 0.002 0.004 0.005 0.007 0.005 -0.000 0.000 0.008 0.006 0.004 0.003 0.002 -0.000 -0.003 -0.006 0.002 -0.000 0.000
-0.001 0.001 -0.001 0.001 0.013 -0.000 -0.000 0.000 0.000 0.000 0.001 -0.010 -0.021 -0.034 -0.023 -0.008 -0.006 -0.002 -0.001 0.000 -0.001 -0.001 -0.001 -0.003 -0.005 0.002 0.008 0.000 0.000 0.005 0.001 0.001 0.001 0.001 0.001 0.002 0.002 0.002 0.002 0.005 0.007 0.009 0.012 0.001 0.000 -0.000 -0.000 -0.002 -0.002 -0.001 -0.001 -0.000 -0.001 -0.002 -0.003 -0.004 -0.004 -0.005 -0.005 -0.000 0.006 0.004 0.000 0.000 0.010 0.007 0.003 0.001 0.001 -0.001 -0.001 -0.002 -0.011 0.000 0.000
-0.002 -0.004 -0.001 0.003 -0.006 -0.000 0.000 0.000 0.001 0.001 -0.006 -0.009 -0.020 -0.022 -0.008 -0.008 -0.009 0.000 0.001 -0.002 -0.001 -0.001 -0.001 -0.001 -0.002 0.003 0.011 0.000 0.001 0.008 0.001 0.001 0.001 0.002 0.002 0.002 0.003 -0.000 0.002 0.004 0.006 0.008 0.010 0.011 0.001 0.001 0.000 -0.000 -0.001 -0.001 -0.000 -0.000 -0.001 -0.001 -0.002 -0.004 -0.005 -0.005 -0.004 -0.003 0.006 0.006 0.001 0.005 0.008 0.010 -0.001 -0.003 -0.003 -0.001 -0.001 -0.001 -0.009 0.000 0.001
-0.002 -0.002 -0.004 -0.001 -0.015 0.000 -0.000 0.000 -0.002 -0.002 -0.003 -0.009 -0.017 -0.004 -0.005 -0.005 -0.006 -0.004 -0.002 -0.002 -0.001 -0.001 -0.001 -0.001 -0.002 -0.003 -0.003 0.032 0.004 0.004 0.001 0.001 0.001 0.002 0.003 0.003 -0.002 0.000 0.002 0.003 0.005 0.006 0.009 0.012 0.010 0.001 0.001 0.001 0.000 0.000 0.000 0.000 -0.000 -0.001 -0.002 -0.003 -0.004 -0.004 -0.003 -0.002 0.005 0.005 0.004 0.006 0.007 0.007 -0.001 -0.001 -0.002 -0.001 -0.000 -0.000 -0.000 -0.001 -0.000
-0.002 -0.000 -0.001 -0.001 -0.013 0.001 0.000 0.000 -0.001 -0.002 -0.002 -0.012 -0.004 -0.002 -0.003 -0.003 -0.006 -0.003 -0.003 -0.002 -0.001 -0.001 -0.000 -0.001 -0.001 -0.003 -0.002 0.038 0.009 0.002 0.000 0.001 0.001 0.002 0.003 -0.001 -0.001 -0.001 -0.000 0.002 0.004 0.004 0.008 0.014 0.017 0.007 0.002 0.001 0.001 0.001 0.001 0.001 0.000 -0.001 -0.002 -0.003 -0.004 -0.003 -0.002 -0.001 0.003 0.004 0.006 0.007 0.006 0.004 -0.001 -0.000 -0.001 -0.001 0.000 0.000 0.000 0.001 0.000
-0.001 -0.000 -0.000 -0.001 -0.003 -0.002 -0.001 -0.001 -0.001 -0.002 -0.003 -0.005 -0.003 -0.001 -0.001 -0.001 -0.007 -0.002 -0.002 -0.001 -0.001 -0.000 0.000 -0.000 -0.001 -0.003 -0.001 0.024 0.030 0.002 0.001 0.001 0.002 0.002 0.006 -0.000 -0.000 -0.000 -0.001 -0.001 -0.002 -0.001 0.004 0.018 0.019 0.019 0.005 0.002 0.002 0.002 0.001 0.001 0.000 -0.000 -0.001 -0.002 -0.003 -0.002 -0.001 -0.002 0.001 0.003 0.008 0.011 0.007 -0.001 -0.000 0.000 0.000 0.000 0.001 0.001 0.004 0.001 0.000
0.001 0.000 0.000 0.000 -0.001 -0.001 -0.001 -0.000 -0.001 -0.002 -0.000 -0.001 -0.002 -0.001 -0.001 -0.001 -0.004 -0.001 -0.001 -0.000 0.000 0.000 0.000 0.001 0.000 -0.005 -0.002 -0.001 0.065 0.002 0.001 0.002 0.003 0.008 0.003 0.000 0.000 0.000 0.000 -0.000 -0.003 -0.001 -0.001 0.010 0.020 0.020 0.020 0.003 0.003 0.002 0.002 0.001 0.000 0.000 -0.001 -0.002 -0.001 -0.001 -0.000 -0.001 -0.003 -0.003 0.013 0.020 -0.000 0.000 0.001 0.001 0.001 0.001 0.004 0.003 0.003 0.001 0.020
0.006 0.002 0.003 0.000 0.000 -0.000 -0.000 0.000 -0.000 -0.000 0.000 -0.000 0.001 -0.001 -0.001 -0.001 -0.002 -0.001 -0.000 0.000 0.001 0.001 0.001 0.001 0.001 -0.006 -0.000 -0.001 0.050 0.025 0.000 0.007 0.007 0.005 0.002 0.001 0.001 0.001 0.001 0.001 -0.001 -0.001 -0.001 -0.000 0.019 0.022 0.024 0.014 0.003 0.002 0.002 0.001 0.001 0.001 -0.001 -0.001 0.000 0.001 0.001 -0.001 -0.002 -0.003 -0.002 0.037 0.001 0.001 0.001 0.002 0.001 0.001 0.008 0.003 0.002 0.023 0.021
-0.001 0.006 0.011 0.004 0.001 0.000 0.000 0.001 0.001 0.000 0.000 0.000 0.004 -0.001 -0.000 -0.000 -0.000 -0.000 0.001 0.002 0.001 0.001 0.002 0.002 -0.001 -0.001 -0.000 -0.001 0.024 0.047 0.007 0.019 0.006 0.004 0.002 0.002 0.002 0.003 0.004 -0.001 -0.001 -0.000 -0.001 -0.002 0.006 0.025 0.026 0.027 0.006 0.003 0.002 0.001 0.001 0.000 -0.000 0.000 0.001 0.001 0.001 -0.000 -0.001 -0.001 -0.002 -0.035 -0.017 -0.016 -0.024 0.001 0.003 0.010 0.004 0.007 0.018 0.021 -0.001
-0.000 -0.000 0.013 0.015 0.002 0.001 0.001 0.001 0.002 0.001 0.002 0.005 0.004 -0.000 0.000 0.000 0.001 0.001 0.001 0.005 0.001 0.001 0.002 0.005 -0.000 -0.000 0.000 -0.000 -0.001 0.044 0.038 0.019 0.017 0.004 0.003 0.003 0.004 0.004 0.004 -0.001 -0.001 -0.000 -0.001 -0.001 -0.001 0.021 0.028 0.028 0.021 0.003 0.001 0.002 0.001 0.000 0.000 0.000 0.001 0.002 0.002 0.002 0.001 -0.001 -0.001 -0.001 -0.001 -0.025 -0.011 0.009 -0.014 -0.004 0.004 0.008 0.016 -0.001 -0.000
0.000 0.000 0.011 0.022 0.003 0.002 0.001 0.002 0.002 0.001 0.002 0.011 0.002 0.000 0.000 0.001 0.001 0.001 0.002 0.006 0.003 0.003 0.004 0.003 -0.000 0.000 0.001 0.001 0.001 0.037 0.041 0.015 0.033 0.007 0.004 0.005 0.005 0.005 0.002 -0.000 -0.000 -0.000 -0.000 -0.000 -0.001 0.004 0.034 0.035 0.035 -0.000 0.001 0.002 0.001 0.001 0.000 0.000 0.001 0.003 0.004 0.003 0.002 0.002 -0.000 -0.000 -0.000 -0.001 -0.002 -0.001 -0.000 -0.007 -0.006 0.006 -0.001 -0.000 -0.000
0.001 0.001 0.022 0.015 0.002 0.002 0.003 0.004 0.002 0.000 0.002 0.012 0.002 0.001 0.001 0.001 0.002 0.007 0.010 -0.001 -0.001 -0.001 0.002 0.001 0.000 0.001 0.001 0.001 0.001 0.022 0.026 0.022 0.027 0.030 0.022 0.007 0.006 0.004 0.002 0.000 0.000 0.000 0.000 0.000 -0.000 -0.001 0.028 0.043 0.042 0.001 0.002 0.002 0.002 0.001 0.001 0.001 0.002 0.003 0.006 0.007 0.004 0.002 0.001 0.000 0.000 -0.001 -0.001 -0.000 0.000 -0.001 -0.001 -0.001 -0.001 0.000 0.000
0.002 0.002 0.032 0.010 0.001 0.002 0.004 0.001 0.002 0.001 0.002 0.011 0.001 -0.003 -0.002 -0.001 0.000 0.003 0.004 -0.001 0.000 0.001 0.001 0.001 0.001 0.001 0.001 0.002 -0.004 0.009 0.019 0.022 0.022 0.018 0.004 0.037 0.052 0.004 0.002 0.001 0.001 0.001 0.001 0.001 0.001 -0.000 0.002 0.067 0.049 0.002 0.002 0.003 0.002 0.001 0.001 0.001 0.001 0.002 0.006 0.015 0.003 0.002 0.003 0.002 0.001 -0.000 -0.000 0.000 0.003 -0.001 -0.001 -0.001 0.000 0.000 0.001
0.004 0.027 0.018 0.006 0.000 0.001 0.003 0.005 0.002 0.000 -0.015 -0.000 0.008 0.001 -0.002 -0.003 -0.003 -0.000 -0.000 0.001 0.001 0.002 0.001 0.001 0.001 -0.002 -0.003 -0.003 -0.006 -0.001 0.018 0.026 0.019 0.015 -0.017 -0.013 0.136 0.033 0.001 0.002 0.001 0.001 0.002 0.002 0.002 0.001 0.002 0.050 0.070 0.004 0.003 0.003 0.002 0.002 0.001 0.001 0.001 0.002 0.005 0.011 0.001 -0.001 -0.002 -0.001 -0.000 -0.000 0.000 0.006 0.002 -0.000 -0.000 0.000 0.001 0.001 0.001
0.050 0.004 -0.001 -0.001 -0.001 -0.000 0.003 0.005 0.003 -0.007 -0.001 -0.000 -0.001 0.001 -0.003 -0.006 -0.007 0.000 0.000 0.004 0.002 0.002 0.001 0.001 -0.001 -0.001 -0.001 -0.001 -0.003 -0.001 -0.001 0.024 0.014 0.004 -0.016 -0.003 0.061 0.104 0.041 0.002 0.002 0.002 0.002 0.002 0.002 0.002 0.002 0.038 0.068 0.021 0.004 0.003 0.005 0.003 0.001 0.001 0.001 0.001 0.002 0.002 -0.002 -0.003 -0.005 -0.006 0.000 0.000 0.001 0.004 0.002 0.000 0.001 0.001 0.001 0.001 0.001
0.028 0.002 -0.001 -0.001 -0.001 -0.001 -0.001 -0.002 0.006 0.009 0.000 0.000 -0.000 -0.000 -0.005 -0.010 -0.008 -0.003 -0.001 0.002 -0.001 0.001 0.002 -0.001 -0.000 -0.000 -0.001 -0.001 -0.001 -0.000 -0.001 0.012 0.008 0.003 -0.003 -0.000 0.010 0.066 0.135 0.011 0.003 0.003 0.003 0.003 0.002 0.002 0.003 0.022 0.057 0.038 0.014 0.007 0.008 0.003 0.001 0.001 0.002 0.002 -0.001 -0.006 -0.006 -0.006 -0.007 -0.011 0.001 0.000 0.006 -0.009 0.002 0.001 0.001 0.000 -0.001 0.002 0.002
0.018 0.002 0.000 -0.000 -0.000 -0.001 -0.001 -0.002 -0.002 0.012 0.012 0.001 0.000 0.000 -0.000 -0.021 -0.012 -0.005 -0.001 0.003 -0.001 -0.001 -0.002 -0.000 0.000 0.000 0.000 0.000 0.000 0.000 -0.001 0.005 0.004 0.001 0.002 0.000 -0.008 0.014 0.072 0.158 0.004 0.004 0.004 0.003 0.002 0.001 0.002 0.013 0.042 0.048 0.027 0.018 0.008 0.003 0.001 0.001 0.002 0.002 -0.008 -0.011 -0.009 -0.008 -0.007 -0.006 -0.000 0.002 0.001 -0.003 -0.031 0.003 -0.006 -0.001 -0.001 -0.002 -0.039
0.041 -0.002 -0.001 0.000 0.000 -0.000 -0.000 -0.001 -0.001 0.003 0.013 0.006 0.003 0.007 0.000 -0.032 -0.013 -0.005 -0.001 0.001 0.000 -0.000 -0.000 0.001 0.001 0.001 0.001 0.001 0.001 0.001 -0.001 -0.002 0.003 -0.001 0.002 -0.001 -0.005 -0.002 0.047 0.179 0.044 0.004 0.001 0.003 0.002 0.001 0.002 0.008 0.026 0.042 0.039 0.043 0.008 0.003 0.001 0.001 0.002 -0.011 -0.013 -0.013 -0.012 -0.010 -0.008 -0.004 0.001 0.009 -0.003 -0.005 -0.013 -0.035 -0.015 -0.001 -0.001 -0.002 -0.016
-0.001 -0.001 -0.001 0.000 0.001 0.000 0.000 -0.001 -0.001 -0.002 0.006 0.002 0.001 0.002 -0.006 -0.032 -0.001 -0.001 0.002 0.001 0.001 0.000 0.000 0.003 0.001 0.001 0.001 0.002 0.002 0.001 0.000 -0.001 -0.001 -0.001 -0.000 -0.000 -0.001 0.000 0.028 0.118 0.105 0.032 0.002 0.003 0.002 0.001 0.002 0.005 0.014 0.013 0.028 0.095 0.023 -0.000 -0.000 -0.000 0.001 -0.022 -0.018 -0.017 -0.015 -0.013 -0.009 -0.005 0.000 -0.002 -0.002 -0.001 -0.001 -0.035 -0.028 -0.000 -0.001 -0.002 -0.012
