Project1/res/jiangbei.mxe
ncols         319
nrows         411
xllcorner     657492.000000
yllcorner     3548067.000000
cellsize      10.000000
NODATA_value  -9999.000000
[rows 60 to 89 of 411, columns 201 to 267 of 319]
7.371 8.445 9.051 9.016 8.917 8.715 8.027 6.819 6.333 6.334 6.336 6.342 6.357 6.388 6.411 6.455 6.478 6.479 6.552 6.621 6.635 6.691 6.768 6.698 6.572 6.443 6.301 6.301 6.301 6.301 6.301 6.301 6.301 6.301 6.301 6.301 6.301 6.301 -9999.000 -9999.000 -9999.000 -9999.000 -9999.000 -9999.000 -9999.000 -9999.000 -9999.000 -9999.000 -9999.000 -9999.000 -9999.000 -9999.000 -9999.000 -9999.000 -9999.000 -9999.000 -9999.000 -9999.000 -9999.000 -9999.000 -9999.000 -9999.000 -9999.000 -9999.000 -9999.000 -9999.000 -9999.000
7.768 7.992 7.929 7.697 7.599 7.497 7.309 6.811 6.332 6.330 6.331 6.334 6.342 6.381 6.485 6.568 6.595 6.622 6.680 6.707 6.685 6.623 6.473 6.375 6.340 6.301 6.301 6.301 6.301 6.301 6.301 6.301 6.301 6.301 6.301 6.301 6.301 6.301 6.301 -9999.000 -9999.000 -9999.000 -9999.000 -9999.000 -9999.000 -9999.000 -9999.000 -9999.000 -9999.000 -9999.000 -9999.000 -9999.000 -9999.000 -9999.000 -9999.000 -9999.000 -9999.000 -9999.000 -9999.000 -9999.000 -9999.000 -9999.000 -9999.000 -9999.000 -9999.000 -9999.000 -9999.000
8.480 8.027 7.573 7.267 7.097 6.956 6.826 6.680 6.458 6.325 6.323 6.324 6.330 6.399 6.514 6.629 6.665 6.692 6.716 6.731 6.670 6.405 6.306 6.305 6.303 6.301 6.301 6.301 6.301 6.301 6.301 6.301 6.301 6.301 6.301 6.301 6.301 6.301 6.301 6.330 -9999.000 -9999.000 -9999.000 -9999.000 -9999.000 -9999.000 -9999.000 -9999.000 -9999.000 -9999.000 -9999.000 -9999.000 -9999.000 -9999.000 -9999.000 -9999.000 -9999.000 -9999.000 -9999.000 -9999.000 -9999.000 -9999.000 -9999.000 -9999.000 -9999.000 -9999.000 -9999.000
8.430 7.903 7.313 6.997 6.887 6.772 6.703 6.635 6.457 6.317 6.312 6.311 6.314 6.359 6.469 6.639 6.694 6.692 6.714 6.671 6.415 6.307 6.306 6.306 6.305 6.320 6.420 6.375 6.301 6.301 6.301 6.301 6.301 6.377 6.473 6.517 6.319 6.301 6.301 6.301 6.354 -9999.000 -9999.000 -9999.000 -9999.000 -9999.000 -9999.000 -9999.000 -9999.000 -9999.000 -9999.000 -9999.000 -9999.000 -9999.000 -9999.000 -9999.000 -9999.000 -9999.000 -9999.000 -9999.000 -9999.000 -9999.000 -9999.000 -9999.000 -9999.000 -9999.000 -9999.000
6.461 6.211 6.211 6.425 6.692 6.694 6.687 6.588 6.414 6.302 6.289 6.289 6.286 6.286 6.330 6.453 6.552 6.606 6.592 6.419 6.307 6.307 6.307 6.306 6.307 6.358 6.427 6.471 6.383 6.301 6.301 6.301 6.336 6.563 6.623 6.787 6.779 6.543 6.301 6.301 6.301 6.301 6.301 -9999.000 -9999.000 -9999.000 -9999.000 -9999.000 -9999.000 -9999.000 -9999.000 -9999.000 -9999.000 -9999.000 -9999.000 -9999.000 -9999.000 -9999.000 -9999.000 -9999.000 -9999.000 -9999.000 -9999.000 -9999.000 -9999.000 -9999.000 -9999.000
6.212 6.211 6.210 6.285 6.528 6.673 6.666 6.466 6.291 6.230 6.235 6.237 6.235 6.224 6.222 6.260 6.344 6.447 6.450 6.335 6.306 6.399 6.458 6.477 6.486 6.491 6.505 6.488 6.379 6.301 6.301 6.302 6.346 6.552 6.698 6.865 6.926 6.851 6.599 6.301 6.301 6.301 6.301 6.301 -9999.000 -9999.000 -9999.000 -9999.000 -9999.000 -9999.000 -9999.000 -9999.000 -9999.000 -9999.000 -9999.000 -9999.000 -9999.000 -9999.000 -9999.000 -9999.000 -9999.000 -9999.000 -9999.000 -9999.000 -9999.000 -9999.000 -9999.000
6.212 6.224 6.198 6.198 6.198 6.206 6.376 6.291 6.198 6.199 6.199 6.199 6.198 6.198 6.198 6.198 6.231 6.310 6.373 6.397 6.449 6.541 6.622 6.650 6.644 6.634 6.613 6.557 6.457 6.335 6.303 6.318 6.345 6.414 6.532 6.657 6.777 6.768 6.680 6.492 6.301 6.301 6.301 6.301 6.301 -9999.000 -9999.000 -9999.000 -9999.000 -9999.000 -9999.000 -9999.000 -9999.000 -9999.000 -9999.000 -9999.000 -9999.000 -9999.000 -9999.000 -9999.000 -9999.000 -9999.000 -9999.000 -9999.000 -9999.000 -9999.000 -9999.000
6.293 6.252 6.198 6.198 6.198 6.198 6.198 6.198 6.198 6.198 6.198 6.198 6.198 6.198 6.198 6.198 6.198 6.265 6.373 6.460 6.530 6.601 6.685 6.736 6.734 6.696 6.628 6.605 6.583 6.488 6.381 6.345 6.360 6.372 6.382 6.435 6.534 6.559 6.516 6.498 6.420 6.301 6.301 6.301 6.302 6.407 -9999.000 -9999.000 -9999.000 -9999.000 -9999.000 -9999.000 -9999.000 -9999.000 -9999.000 -9999.000 -9999.000 -9999.000 -9999.000 -9999.000 -9999.000 -9999.000 -9999.000 -9999.000 -9999.000 -9999.000 -9999.000
6.410 6.357 6.325 6.286 6.234 6.198 6.198 6.198 6.198 6.198 6.198 6.198 6.198 6.198 6.198 6.198 6.198 6.284 6.426 6.517 6.588 6.671 6.751 6.785 6.762 6.739 6.730 6.742 6.716 6.607 6.482 6.371 6.372 6.380 6.388 6.395 6.404 6.412 6.424 6.436 6.430 6.365 6.329 6.553 6.494 6.498 6.601 -9999.000 -9999.000 -9999.000 -9999.000 -9999.000 -9999.000 -9999.000 -9999.000 -9999.000 -9999.000 -9999.000 -9999.000 -9999.000 -9999.000 -9999.000 -9999.000 -9999.000 -9999.000 -9999.000 -9999.000
6.871 6.730 6.703 6.641 6.523 6.368 6.198 6.198 6.198 6.198 6.198 6.198 6.198 6.198 6.198 6.198 6.198 6.276 6.452 6.576 6.659 6.751 6.832 6.852 6.828 6.847 6.871 6.876 6.861 6.768 6.632 6.515 6.383 6.389 6.394 6.399 6.407 6.412 6.414 6.416 6.430 6.434 6.630 6.922 6.910 6.927 6.946 6.956 -9999.000 -9999.000 -9999.000 -9999.000 -9999.000 -9999.000 -9999.000 -9999.000 -9999.000 -9999.000 -9999.000 -9999.000 -9999.000 -9999.000 -9999.000 -9999.000 -9999.000 -9999.000 -9999.000
7.179 7.110 7.036 6.890 6.713 6.442 6.198 6.198 6.198 6.198 6.198 6.198 6.198 6.198 6.198 6.198 6.198 6.255 6.463 6.634 6.741 6.840 6.942 7.001 6.984 6.988 6.993 6.974 6.954 6.912 6.784 6.614 6.419 6.395 6.399 6.403 6.409 6.413 6.415 6.417 6.419 6.433 6.814 7.465 7.451 7.213 7.116 7.300 7.431 6.790 -9999.000 -9999.000 -9999.000 -9999.000 -9999.000 -9999.000 -9999.000 -9999.000 -9999.000 -9999.000 -9999.000 -9999.000 -9999.000 -9999.000 -9999.000 -9999.000 -9999.000
7.006 7.280 7.228 7.039 6.796 6.370 6.198 6.198 6.198 6.198 6.198 6.198 6.198 6.198 6.198 6.198 6.198 6.198 6.453 6.695 6.853 6.963 7.071 7.153 7.165 7.150 7.117 7.079 7.049 7.002 6.860 6.697 6.517 6.402 6.405 6.409 6.412 6.415 6.417 6.418 6.419 6.420 6.873 7.773 7.686 7.350 7.257 7.389 7.091 5.987 5.874 -9999.000 -9999.000 -9999.000 -9999.000 -9999.000 -9999.000 -9999.000 -9999.000 -9999.000 -9999.000 -9999.000 -9999.000 -9999.000 -9999.000 -9999.000 -9999.000
6.671 7.049 7.261 7.126 6.734 6.225 6.198 6.198 6.198 6.198 6.198 6.198 6.198 6.198 6.198 6.198 6.198 6.198 6.468 6.744 6.933 7.074 7.191 7.261 7.299 7.271 7.213 7.160 7.110 7.019 6.870 6.732 6.592 6.458 6.413 6.414 6.416 6.417 6.419 6.419 6.420 6.420 7.097 7.820 7.409 7.192 7.378 7.032 6.216 5.873 5.873 6.285 -9999.000 -9999.000 -9999.000 -9999.000 -9999.000 -9999.000 -9999.000 -9999.000 -9999.000 -9999.000 -9999.000 -9999.000 -9999.000 -9999.000 -9999.000
6.447 6.629 6.944 7.140 6.841 6.259 6.198 6.294 6.198 6.198 6.198 6.198 6.198 6.198 6.198 6.198 6.198 6.379 6.582 6.784 6.947 7.127 7.278 7.339 7.400 7.381 7.258 7.173 7.113 7.017 6.861 6.739 6.645 6.516 6.421 6.419 6.419 6.420 6.421 6.421 6.421 6.617 7.570 7.759 6.838 6.485 6.738 5.957 5.680 5.866 6.430 6.558 6.746 -9999.000 -9999.000 -9999.000 -9999.000 -9999.000 -9999.000 -9999.000 -9999.000 -9999.000 -9999.000 -9999.000 -9999.000 -9999.000 -9999.000
6.342 6.348 6.483 6.896 7.011 6.535 6.610 6.870 6.481 6.198 6.198 6.198 6.198 6.198 6.198 6.198 6.198 6.496 6.722 6.866 7.019 7.210 7.319 7.343 7.424 7.447 7.322 7.215 7.121 7.000 6.822 6.668 6.629 6.560 6.465 6.434 6.426 6.425 6.423 6.423 6.422 7.237 8.096 7.845 6.583 5.815 5.679 5.679 5.680 6.577 6.777 6.629 6.701 6.808 -9999.000 -9999.000 -9999.000 -9999.000 -9999.000 -9999.000 -9999.000 -9999.000 -9999.000 -9999.000 -9999.000 -9999.000 -9999.000
6.346 6.351 6.357 6.568 6.757 6.613 6.832 6.945 6.526 6.198 6.198 6.198 6.198 6.198 6.198 6.198 6.308 6.585 6.821 6.980 7.165 7.306 7.390 7.457 7.564 7.599 7.478 7.318 7.175 7.049 6.823 6.626 6.531 6.539 6.520 6.480 6.456 6.439 6.426 6.424 7.155 8.033 8.071 7.528 6.230 5.679 5.679 5.679 5.679 6.369 6.532 6.568 6.670 6.761 6.913 -9999.000 -9999.000 -9999.000 -9999.000 -9999.000 -9999.000 -9999.000 -9999.000 -9999.000 -9999.000 -9999.000 -9999.000
6.352 6.355 6.359 6.436 6.503 6.494 6.694 6.817 6.417 6.198 6.198 6.198 6.198 6.198 6.322 6.483 6.641 6.806 6.944 7.060 7.204 7.347 7.457 7.572 7.688 7.701 7.584 7.390 7.257 7.161 6.947 6.710 6.622 6.602 6.568 6.529 6.509 6.459 6.447 7.092 8.171 8.298 7.597 6.496 5.678 5.679 5.679 5.679 5.736 6.271 6.424 6.520 6.660 6.774 6.877 6.789 -9999.000 -9999.000 -9999.000 -9999.000 -9999.000 -9999.000 -9999.000 -9999.000 -9999.000 -9999.000 -9999.000
6.434 6.360 6.363 6.371 6.382 6.398 6.552 6.471 6.198 6.198 6.198 6.198 6.208 6.407 6.600 6.804 6.993 7.068 7.099 7.156 7.252 7.387 7.529 7.648 7.741 7.724 7.577 7.386 7.303 7.240 7.048 6.840 6.714 6.639 6.605 6.591 6.604 6.487 6.714 7.667 8.298 7.876 6.748 5.677 5.678 5.678 5.679 5.679 6.160 6.345 6.426 6.503 6.661 6.763 6.790 6.733 6.735 6.736 -9999.000 -9999.000 -9999.000 -9999.000 -9999.000 -9999.000 -9999.000 -9999.000 -9999.000
6.933 6.486 6.367 6.371 6.383 6.400 6.413 6.275 6.198 6.198 6.198 6.202 6.462 6.679 6.894 7.104 7.247 7.261 7.236 7.237 7.285 7.423 7.571 7.676 7.674 7.548 7.443 7.336 7.265 7.171 7.016 6.839 6.688 6.656 6.636 6.770 6.844 6.674 6.847 7.506 7.579 6.422 5.677 5.677 5.678 5.678 5.679 5.934 6.220 6.338 6.433 6.545 6.667 6.705 6.718 6.727 6.735 6.895 7.258 -9999.000 -9999.000 -9999.000 -9999.000 -9999.000 -9999.000 -9999.000 -9999.000
7.513 7.141 6.727 6.386 6.391 6.392 6.387 6.302 6.198 6.198 6.330 6.511 6.680 6.883 7.087 7.234 7.298 7.314 7.299 7.298 7.349 7.458 7.579 7.667 7.495 7.286 7.332 7.380 7.312 7.170 7.002 6.807 6.679 6.670 6.739 7.061 7.181 7.148 7.054 7.091 6.729 5.676 5.676 5.677 5.677 5.741 6.103 6.184 6.217 6.285 6.462 6.564 6.645 6.705 6.716 6.806 6.997 7.165 7.303 6.693 -9999.000 -9999.000 -9999.000 -9999.000 -9999.000 -9999.000 -9999.000
7.794 7.782 7.433 6.818 6.395 6.395 6.395 6.381 6.328 6.365 6.532 6.674 6.848 7.043 7.205 7.290 7.326 7.326 7.318 7.326 7.386 7.471 7.531 7.495 7.296 7.251 7.348 7.429 7.337 7.176 6.990 6.771 6.682 6.677 6.894 7.347 7.546 7.506 7.458 7.360 6.881 6.228 5.675 5.676 5.719 6.078 6.164 6.196 6.212 6.265 6.426 6.493 6.802 7.022 6.849 7.088 7.374 7.219 6.844 6.219 6.124 -9999.000 -9999.000 -9999.000 -9999.000 -9999.000 -9999.000
7.915 7.986 7.742 7.164 6.703 6.419 6.399 6.399 6.414 6.500 6.615 6.723 6.976 7.191 7.280 7.327 7.338 7.322 7.312 7.311 7.376 7.466 7.524 7.467 7.235 7.236 7.340 7.415 7.337 7.170 6.959 6.716 6.690 6.716 7.273 7.852 8.143 8.026 7.920 7.467 6.287 5.673 5.674 5.675 6.018 6.122 6.160 6.197 6.256 6.303 6.376 6.535 7.040 7.255 7.025 7.087 7.204 6.802 6.277 6.124 6.124 6.124 -9999.000 -9999.000 -9999.000 -9999.000 -9999.000
8.022 7.933 7.725 7.464 7.171 6.825 6.525 6.457 6.479 6.477 6.468 6.470 6.814 7.209 7.325 7.349 7.332 7.300 7.275 7.242 7.298 7.447 7.508 7.439 7.209 7.207 7.356 7.451 7.344 7.165 6.949 6.701 6.696 7.282 8.136 8.403 8.331 8.243 7.596 6.416 5.671 5.672 5.673 5.860 6.093 6.123 6.193 6.296 6.326 6.334 6.605 6.785 6.877 6.892 6.942 6.741 6.443 6.124 6.124 6.124 6.362 6.194 6.517 -9999.000 -9999.000 -9999.000 -9999.000
8.031 7.889 7.770 7.642 7.475 7.237 6.907 6.681 6.551 6.446 6.435 6.424 6.416 6.699 7.161 7.327 7.294 7.256 7.204 7.154 7.172 7.326 7.414 7.377 7.188 7.189 7.316 7.396 7.338 7.199 6.841 6.705 6.817 7.947 8.580 8.565 8.124 7.593 6.460 5.668 5.670 5.671 5.792 6.067 6.113 6.161 6.293 6.327 6.335 6.542 7.092 7.086 6.652 6.488 6.674 6.325 6.124 6.124 6.124 6.273 6.591 6.462 6.646 6.913 -9999.000 -9999.000 -9999.000
8.052 7.942 7.839 7.730 7.595 7.401 7.154 6.857 6.568 6.443 6.436 6.418 6.370 6.359 6.574 7.068 7.192 7.173 7.110 7.039 7.015 7.164 7.269 7.221 7.106 7.108 7.184 7.285 7.372 7.260 6.709 6.707 7.736 8.405 8.533 8.640 7.952 6.460 5.666 5.667 5.668 5.872 6.106 6.123 6.130 6.225 6.304 6.326 6.524 6.876 7.208 6.884 6.348 6.257 6.234 6.124 6.124 6.124 6.400 6.616 6.573 6.522 6.733 7.210 6.850 6.662 -9999.000
8.117 8.012 7.907 7.809 7.682 7.507 7.347 7.145 6.870 6.645 6.439 6.398 6.356 6.356 6.354 6.509 6.787 6.990 6.958 6.878 6.896 7.035 7.135 7.117 7.078 7.083 7.179 7.285 7.482 7.683 7.600 7.900 8.597 8.495 8.395 8.072 6.943 5.662 5.665 5.666 5.956 6.104 6.119 6.131 6.151 6.275 6.340 6.546 7.095 7.321 6.981 6.480 6.124 6.124 6.124 6.124 6.124 6.280 6.614 6.606 6.529 6.529 6.704 7.230 7.057 6.586 6.678
8.191 8.088 7.978 7.865 7.742 7.613 7.484 7.357 7.173 6.935 6.619 6.398 6.362 6.355 6.352 6.349 6.355 6.703 6.794 6.810 6.806 6.871 6.955 7.004 7.037 7.072 7.200 7.376 7.687 8.012 8.282 8.582 8.744 8.618 8.240 7.028 5.673 5.667 5.661 5.873 6.009 6.061 6.114 6.154 6.213 6.343 6.569 6.925 7.265 7.091 6.670 6.375 6.124 6.124 6.124 6.124 6.535 6.508 6.511 6.511 6.511 6.527 6.673 6.889 6.821 6.386 6.595
8.245 8.170 8.007 7.840 7.712 7.589 7.463 7.358 7.260 7.147 6.965 6.774 6.500 6.353 6.350 6.346 6.342 6.341 6.477 6.652 6.708 6.791 6.865 6.911 7.016 7.392 7.666 7.646 7.882 8.201 8.470 8.609 8.541 8.226 7.062 5.799 5.674 5.673 5.768 6.007 6.007 6.018 6.109 6.189 6.273 6.384 6.685 6.923 6.874 6.577 6.364 6.183 6.124 6.124 6.505 6.757 6.647 6.513 6.512 6.511 6.510 6.524 6.645 6.525 6.280 6.100 6.431
8.247 8.184 7.969 7.777 7.641 7.525 7.441 7.372 7.318 7.257 7.162 7.015 6.732 6.353 6.347 6.343 6.339 6.334 6.330 6.330 6.539 6.776 6.859 6.896 7.017 7.517 7.925 7.988 8.070 8.189 8.309 8.300 7.808 6.945 5.944 5.677 5.676 5.676 5.798 5.923 5.925 5.985 6.148 6.308 6.415 6.477 6.601 6.682 6.707 6.387 6.124 6.124 6.124 6.555 7.120 6.981 6.546 6.515 6.512 6.510 6.509 6.498 6.504 6.199 6.033 6.033 6.281
8.212 8.133 7.917 7.721 7.602 7.521 7.460 7.405 7.351 7.294 7.238 7.155 6.970 6.605 6.346 6.341 6.336 6.331 6.326 6.322 6.319 6.618 6.835 6.886 7.058 7.435 7.845 8.090 8.179 8.115 8.064 7.789 6.753 5.885 5.677 5.678 5.679 5.725 5.824 5.858 5.894 5.980 6.175 6.392 6.525 6.545 6.598 6.709 6.778 6.365 6.124 6.124 6.234 6.515 6.636 6.694 6.521 6.519 6.541 6.599 6.486 6.268 6.164 6.033 6.033 6.033 6.135
