Project1/res/jiangbei-0002.wd
ncols         319
nrows         411
xllcorner     657492.000000
yllcorner     3548067.000000
cellsize      10.000000
NODATA_value  -9999.000000
[rows 136 to 169 of 411, columns 77 to 153 of 319]
0.002 0.001 0.001 0.001 0.003 0.003 0.009 0.002 0.001 0.001 0.001 0.001 0.001 0.002 0.038 0.168 0.313 0.404 0.350 0.215 0.040 0.002 0.002 0.002 0.001 0.001 0.002 0.002 0.002 0.002 0.003 0.003 0.009 0.016 0.015 0.001 0.001 0.001 0.001 0.001 0.008 0.002 0.002 0.002 0.001 0.001 0.001 0.001 0.001 0.002 0.013 0.120 0.160 0.002 0.001 0.002 0.001 0.001 0.001 0.001 0.001 0.001 0.002 0.002 0.002 0.002 0.002 0.003 0.005 0.048 0.002 0.003 0.092 0.290 0.464 0.063 0.002
0.003 0.002 0.003 0.020 0.011 0.002 0.001 0.001 0.001 0.001 0.001 0.001 0.001 0.001 0.003 0.125 0.267 0.306 0.184 0.020 0.002 0.001 0.001 0.001 0.001 0.001 0.001 0.001 0.001 0.001 0.002 0.003 0.025 0.070 0.090 0.002 0.001 0.001 0.002 0.005 0.055 0.002 0.001 0.001 0.001 0.001 0.001 0.001 0.002 0.002 0.016 0.081 0.005 0.001 0.001 0.002 0.001 0.001 0.001 0.001 0.001 0.001 0.002 0.002 0.002 0.002 0.002 0.004 0.003 0.005 0.035 0.005 0.003 0.034 0.163 0.003 0.002
0.004 0.005 0.004 0.005 0.001 0.001 0.001 0.002 0.001 0.001 0.001 0.001 0.001 0.001 0.001 0.063 0.181 0.128 0.003 0.001 0.001 0.001 0.001 0.001 0.001 0.001 0.001 0.001 0.001 0.001 0.001 0.002 0.005 0.015 0.072 0.048 0.001 0.001 0.002 0.001 0.003 0.001 0.001 0.001 0.001 0.001 0.002 0.002 0.003 0.016 0.019 0.025 0.017 0.001 0.002 0.002 0.001 0.001 0.001 0.001 0.001 0.001 0.001 0.002 0.002 0.002 0.003 0.006 0.002 0.002 0.004 0.003 0.007 0.015 0.010 0.001 0.001
0.001 0.001 0.003 0.001 0.001 0.001 0.001 0.002 0.001 0.001 0.001 0.001 0.001 0.001 0.001 0.007 0.051 0.002 0.001 0.001 0.001 0.001 0.001 0.001 0.001 0.001 0.001 0.001 0.000 0.001 0.001 0.001 0.002 0.004 0.024 0.057 0.035 0.015 0.001 0.001 0.001 0.001 0.001 0.001 0.001 0.001 0.007 0.002 0.021 0.036 0.006 0.006 0.022 0.056 0.071 0.003 0.001 0.001 0.001 0.001 0.001 0.001 0.001 0.002 0.002 0.002 0.003 0.010 0.005 0.002 0.002 0.002 0.003 0.016 0.012 0.002 0.001
0.001 0.001 0.004 0.001 0.001 0.001 0.001 0.033 0.002 0.001 0.001 0.002 0.002 0.002 0.001 0.003 0.001 0.001 0.001 0.001 0.001 0.001 0.001 0.001 0.001 0.001 0.001 0.001 0.001 0.001 0.001 0.001 0.001 0.001 0.002 0.003 0.014 0.052 0.021 0.002 0.001 0.001 0.001 0.001 0.001 0.003 0.005 0.013 0.033 0.006 0.003 0.001 0.001 0.002 0.052 0.022 0.001 0.001 0.001 0.001 0.001 0.001 0.001 0.001 0.001 0.002 0.004 0.011 0.002 0.001 0.001 0.002 0.002 0.004 0.022 0.017 0.025
0.001 0.002 0.117 0.005 0.001 0.001 0.002 0.139 0.027 0.002 0.003 0.005 0.006 0.004 0.003 0.002 0.003 0.002 0.001 0.001 0.001 0.001 0.001 0.001 0.001 0.001 0.002 0.003 0.002 0.001 0.001 0.001 0.001 0.001 0.002 0.002 0.003 0.005 0.031 0.027 0.001 0.001 0.001 0.002 0.003 0.006 0.007 0.017 0.003 0.003 0.005 0.001 0.001 0.001 0.022 0.079 0.026 0.002 0.001 0.001 0.001 0.001 0.001 0.001 0.002 0.003 0.006 0.008 0.002 0.001 0.001 0.002 0.002 0.002 0.003 0.006 0.040
0.002 0.001 0.001 0.006 0.001 0.001 0.001 0.090 0.100 0.004 0.008 0.006 0.004 0.002 0.001 0.001 0.003 0.004 0.002 0.002 0.001 0.001 0.001 0.001 0.001 0.002 0.003 0.005 0.002 0.002 0.001 0.001 0.001 0.001 0.002 0.002 0.002 0.002 0.003 0.015 0.038 0.011 0.009 0.003 0.002 0.016 0.006 0.001 0.001 0.001 0.009 0.005 0.001 0.001 0.002 0.031 0.113 0.061 0.002 0.001 0.001 0.001 0.001 0.001 0.001 0.002 0.006 0.006 0.001 0.001 0.001 0.002 0.002 0.002 0.002 0.002 0.005
0.003 0.001 0.001 0.012 0.001 0.001 0.001 0.030 0.031 0.003 0.002 0.001 0.002 0.001 0.001 0.001 0.002 0.005 0.006 0.002 0.002 0.002 0.002 0.003 0.003 0.030 0.049 0.006 0.002 0.002 0.001 0.001 0.001 0.002 0.002 0.001 0.002 0.002 0.003 0.002 0.005 0.006 0.006 0.007 0.010 0.063 0.001 0.001 0.001 0.001 0.004 0.032 0.008 0.001 0.001 0.001 0.002 0.033 0.075 0.001 0.001 0.001 0.001 0.001 0.001 0.001 0.007 0.002 0.001 0.001 0.001 0.002 0.002 0.002 0.002 0.002 0.003
0.003 0.003 0.159 0.253 0.007 0.002 0.003 0.005 0.002 0.002 0.002 0.002 0.001 0.001 0.001 0.002 0.002 0.005 0.074 0.081 0.096 0.103 0.106 0.127 0.137 0.134 0.104 0.027 0.002 0.002 0.001 0.002 0.002 0.002 0.002 0.001 0.001 0.001 0.001 0.001 0.002 0.002 0.002 0.008 0.050 0.001 0.001 0.001 0.001 0.001 0.001 0.001 0.006 0.002 0.001 0.001 0.001 0.002 0.085 0.138 0.003 0.001 0.001 0.001 0.001 0.001 0.006 0.001 0.001 0.001 0.001 0.001 0.002 0.002 0.002 0.002 0.002
0.019 0.011 0.023 0.038 0.009 0.003 0.004 0.005 0.004 0.002 0.002 0.001 0.001 0.001 0.001 0.002 0.002 0.009 0.100 0.115 0.111 0.110 0.110 0.113 0.112 0.108 0.092 0.044 0.003 0.002 0.005 0.006 0.002 0.002 0.003 0.003 0.001 0.001 0.001 0.002 0.001 0.004 0.006 0.052 0.115 0.001 0.001 0.001 0.002 0.001 0.001 0.001 0.006 0.002 0.001 0.001 0.001 0.001 0.003 0.127 0.106 0.001 0.001 0.001 0.001 0.001 0.004 0.001 0.001 0.001 0.001 0.001 0.001 0.002 0.002 0.002 0.002
0.007 0.001 0.001 0.001 0.012 0.015 0.016 0.008 0.002 0.002 0.001 0.001 0.001 0.001 0.001 0.002 0.002 0.033 0.099 0.094 0.078 0.067 0.065 0.066 0.064 0.058 0.051 0.031 0.013 0.008 0.007 0.001 0.001 0.002 0.002 0.005 0.001 0.001 0.001 0.007 0.005 0.005 0.008 0.056 0.183 0.001 0.001 0.004 0.002 0.001 0.001 0.001 0.003 0.001 0.001 0.001 0.001 0.001 0.003 0.006 0.065 0.031 0.002 0.001 0.002 0.010 0.002 0.001 0.001 0.001 0.001 0.001 0.001 0.001 0.001 0.001 0.001
0.001 0.001 0.001 0.001 0.001 0.001 0.018 0.013 0.001 0.001 0.001 0.001 0.001 0.001 0.002 0.002 0.003 0.057 0.087 0.074 0.056 0.040 0.027 0.022 0.016 0.008 0.005 0.004 0.003 0.003 0.002 0.001 0.001 0.002 0.003 0.006 0.001 0.001 0.002 0.011 0.008 0.016 0.023 0.037 0.146 0.151 0.080 0.044 0.004 0.001 0.001 0.001 0.001 0.001 0.001 0.002 0.002 0.002 0.004 0.005 0.002 0.016 0.119 0.029 0.008 0.008 0.003 0.002 0.002 0.001 0.001 0.001 0.001 0.001 0.001 0.001 0.001
0.001 0.001 0.001 0.001 0.001 0.001 0.008 0.043 0.002 0.002 0.001 0.001 0.001 0.001 0.002 0.002 0.004 0.060 0.064 0.052 0.035 0.019 0.009 0.005 0.002 0.002 0.002 0.002 0.002 0.002 0.001 0.001 0.001 0.002 0.005 0.005 0.001 0.001 0.006 0.026 0.032 0.057 0.040 0.007 0.083 0.149 0.127 0.133 0.003 0.002 0.001 0.001 0.001 0.003 0.003 0.003 0.008 0.009 0.008 0.006 0.001 0.001 0.005 0.014 0.003 0.005 0.004 0.003 0.002 0.001 0.001 0.001 0.001 0.002 0.002 0.001 0.001
0.001 0.001 0.001 0.001 0.001 0.001 0.005 0.052 0.020 0.002 0.002 0.001 0.001 0.001 0.002 0.002 0.005 0.044 0.038 0.030 0.016 0.008 0.007 0.006 0.002 0.002 0.002 0.002 0.002 0.001 0.001 0.001 0.002 0.002 0.005 0.004 0.003 0.021 0.028 0.033 0.049 0.066 0.001 0.001 0.002 0.136 0.200 0.267 0.001 0.001 0.002 0.001 0.001 0.001 0.002 0.006 0.010 0.001 0.002 0.003 0.004 0.004 0.013 0.030 0.006 0.003 0.003 0.003 0.002 0.001 0.001 0.002 0.004 0.008 0.010 0.001 0.001
0.030 0.002 0.001 0.001 0.001 0.003 0.002 0.004 0.034 0.009 0.003 0.002 0.001 0.002 0.002 0.003 0.007 0.026 0.012 0.017 0.005 0.005 0.006 0.009 0.006 0.001 0.001 0.001 0.001 0.001 0.001 0.001 0.002 0.002 0.003 0.005 0.053 0.043 0.023 0.001 0.001 0.003 0.001 0.001 0.001 0.003 0.154 0.281 0.210 0.001 0.005 0.002 0.001 0.002 0.003 0.002 0.001 0.001 0.001 0.002 0.002 0.006 0.038 0.004 0.002 0.002 0.002 0.002 0.002 0.001 0.001 0.001 0.001 0.002 0.054 0.008 0.001
0.075 0.062 0.002 0.001 0.001 0.001 0.002 0.002 0.007 0.006 0.005 0.003 0.001 0.002 0.003 0.004 0.011 0.024 0.027 0.013 0.003 0.004 0.004 0.010 0.015 0.002 0.001 0.001 0.001 0.001 0.001 0.002 0.002 0.002 0.003 0.052 0.091 0.034 0.004 0.001 0.001 0.002 0.001 0.001 0.001 0.001 0.016 0.197 0.307 0.297 0.294 0.003 0.001 0.002 0.002 0.001 0.001 0.001 0.001 0.001 0.002 0.002 0.001 0.001 0.001 0.002 0.002 0.001 0.002 0.002 0.001 0.001 0.001 0.001 0.002 0.014 0.001
0.002 0.046 0.109 0.003 0.001 0.001 0.001 0.002 0.003 0.002 0.002 0.002 0.003 0.003 0.005 0.006 0.011 0.026 0.036 0.017 0.002 0.002 0.001 0.004 0.017 0.003 0.002 0.001 0.001 0.001 0.001 0.001 0.002 0.002 0.041 0.065 0.015 0.001 0.001 0.001 0.001 0.004 0.006 0.001 0.001 0.001 0.001 0.048 0.215 0.320 0.388 0.292 0.002 0.001 0.001 0.001 0.001 0.001 0.001 0.001 0.002 0.001 0.001 0.001 0.001 0.001 0.001 0.002 0.003 0.002 0.001 0.001 0.001 0.001 0.001 0.012 0.012
0.001 0.001 0.091 0.112 0.003 0.001 0.001 0.001 0.002 0.001 0.001 0.001 0.002 0.003 0.004 0.005 0.010 0.027 0.044 0.027 0.002 0.001 0.001 0.003 0.014 0.004 0.001 0.001 0.001 0.001 0.001 0.002 0.002 0.005 0.047 0.022 0.001 0.001 0.001 0.001 0.002 0.002 0.033 0.010 0.001 0.003 0.001 0.001 0.007 0.194 0.329 0.379 0.211 0.002 0.001 0.000 0.001 0.002 0.001 0.002 0.007 0.005 0.002 0.001 0.001 0.001 0.001 0.003 0.002 0.002 0.002 0.001 0.001 0.001 0.001 0.001 0.009
0.001 0.001 0.142 0.131 0.002 0.001 0.001 0.001 0.001 0.001 0.001 0.001 0.002 0.004 0.003 0.005 0.010 0.026 0.050 0.039 0.003 0.002 0.001 0.002 0.009 0.004 0.001 0.001 0.002 0.001 0.001 0.002 0.004 0.057 0.056 0.069 0.001 0.001 0.001 0.001 0.001 0.001 0.002 0.018 0.068 0.033 0.001 0.001 0.001 0.001 0.158 0.306 0.339 0.285 0.001 0.001 0.001 0.128 0.003 0.001 0.001 0.007 0.008 0.002 0.002 0.002 0.001 0.003 0.003 0.002 0.003 0.003 0.001 0.001 0.001 0.001 0.006
0.001 0.001 0.278 0.213 0.001 0.001 0.002 0.001 0.001 0.001 0.001 0.002 0.003 0.005 0.004 0.006 0.012 0.026 0.052 0.051 0.004 0.002 0.002 0.001 0.002 0.002 0.002 0.002 0.003 0.001 0.002 0.027 0.075 0.086 0.104 0.142 0.004 0.001 0.001 0.001 0.001 0.001 0.001 0.002 0.031 0.073 0.002 0.001 0.001 0.001 0.001 0.132 0.283 0.348 0.256 0.001 0.001 0.004 0.001 0.001 0.001 0.001 0.007 0.007 0.002 0.003 0.001 0.002 0.003 0.007 0.005 0.002 0.002 0.001 0.001 0.002 0.006
0.001 0.106 0.503 0.357 0.002 0.001 0.002 0.002 0.001 0.001 0.001 0.002 0.003 0.016 0.015 0.013 0.016 0.026 0.049 0.060 0.004 0.001 0.001 0.001 0.001 0.001 0.001 0.002 0.006 0.001 0.018 0.089 0.090 0.069 0.046 0.040 0.002 0.002 0.002 0.001 0.001 0.001 0.001 0.001 0.002 0.038 0.045 0.002 0.001 0.001 0.001 0.001 0.140 0.270 0.305 0.151 0.002 0.002 0.001 0.001 0.001 0.001 0.004 0.018 0.004 0.005 0.006 0.002 0.004 0.023 0.003 0.001 0.002 0.018 0.022 0.037 0.025
0.188 0.510 0.631 0.502 0.056 0.002 0.002 0.003 0.002 0.001 0.002 0.002 0.003 0.037 0.037 0.024 0.021 0.027 0.044 0.068 0.033 0.001 0.001 0.001 0.001 0.001 0.001 0.002 0.057 0.051 0.081 0.117 0.099 0.025 0.022 0.026 0.002 0.003 0.003 0.002 0.001 0.001 0.001 0.001 0.001 0.002 0.045 0.042 0.002 0.002 0.001 0.001 0.001 0.072 0.199 0.219 0.165 0.003 0.001 0.002 0.002 0.002 0.004 0.006 0.001 0.001 0.008 0.012 0.008 0.006 0.001 0.001 0.028 0.079 0.036 0.047 0.079
0.435 0.487 0.541 0.507 0.241 0.002 0.002 0.002 0.002 0.002 0.002 0.003 0.008 0.060 0.053 0.020 0.012 0.017 0.037 0.061 0.072 0.013 0.001 0.001 0.001 0.001 0.002 0.033 0.045 0.044 0.097 0.103 0.035 0.015 0.025 0.041 0.041 0.045 0.040 0.006 0.002 0.001 0.001 0.001 0.001 0.001 0.001 0.075 0.060 0.005 0.002 0.001 0.001 0.001 0.001 0.012 0.101 0.188 0.121 0.004 0.002 0.003 0.003 0.003 0.001 0.001 0.002 0.011 0.010 0.010 0.002 0.003 0.002 0.001 0.001 0.001 0.049
0.354 0.375 0.390 0.346 0.127 0.004 0.002 0.002 0.005 0.006 0.007 0.011 0.023 0.052 0.026 0.002 0.002 0.003 0.011 0.041 0.070 0.070 0.002 0.001 0.001 0.001 0.023 0.028 0.004 0.032 0.093 0.025 0.002 0.002 0.010 0.084 0.103 0.102 0.082 0.051 0.030 0.003 0.002 0.001 0.001 0.001 0.002 0.088 0.052 0.003 0.002 0.001 0.001 0.001 0.001 0.001 0.001 0.063 0.167 0.126 0.008 0.003 0.003 0.002 0.001 0.001 0.001 0.001 0.016 0.107 0.105 0.009 0.001 0.001 0.001 0.001 0.001
0.173 0.226 0.283 0.238 0.005 0.002 0.002 0.001 0.002 0.003 0.004 0.004 0.004 0.012 0.006 0.001 0.002 0.002 0.002 0.004 0.033 0.059 0.042 0.001 0.001 0.002 0.044 0.013 0.009 0.024 0.033 0.002 0.001 0.001 0.001 0.001 0.075 0.140 0.095 0.049 0.050 0.073 0.045 0.015 0.001 0.002 0.062 0.071 0.003 0.001 0.000 0.001 0.004 0.052 0.026 0.001 0.001 0.001 0.057 0.137 0.089 0.004 0.004 0.003 0.001 0.001 0.001 0.001 0.002 0.162 0.176 0.041 0.001 0.001 0.001 0.001 0.001
0.003 0.085 0.230 0.194 0.004 0.002 0.002 0.001 0.001 0.002 0.002 0.002 0.002 0.008 0.005 0.001 0.001 0.002 0.001 0.001 0.001 0.018 0.027 0.014 0.010 0.024 0.035 0.017 0.008 0.008 0.012 0.002 0.001 0.001 0.001 0.001 0.001 0.071 0.074 0.028 0.025 0.038 0.050 0.071 0.068 0.074 0.066 0.009 0.002 0.001 0.001 0.068 0.258 0.278 0.144 0.003 0.001 0.001 0.001 0.004 0.030 0.021 0.031 0.035 0.002 0.001 0.001 0.001 0.001 0.045 0.124 0.049 0.005 0.003 0.002 0.002 0.002
0.002 0.002 0.027 0.012 0.004 0.003 0.002 0.002 0.001 0.001 0.002 0.002 0.002 0.018 0.003 0.001 0.001 0.002 0.002 0.002 0.002 0.011 0.018 0.017 0.030 0.012 0.033 0.023 0.001 0.003 0.003 0.002 0.002 0.001 0.001 0.001 0.001 0.001 0.004 0.004 0.003 0.005 0.007 0.012 0.039 0.066 0.016 0.002 0.001 0.001 0.001 0.097 0.294 0.329 0.200 0.089 0.004 0.002 0.001 0.001 0.001 0.020 0.109 0.150 0.037 0.002 0.001 0.001 0.001 0.001 0.002 0.013 0.010 0.007 0.005 0.004 0.003
0.001 0.002 0.005 0.006 0.006 0.005 0.002 0.002 0.001 0.001 0.001 0.002 0.017 0.091 0.086 0.003 0.001 0.001 0.003 0.004 0.004 0.008 0.017 0.038 0.033 0.023 0.034 0.002 0.001 0.003 0.001 0.001 0.004 0.007 0.001 0.001 0.001 0.001 0.001 0.003 0.002 0.002 0.002 0.002 0.004 0.054 0.008 0.001 0.001 0.001 0.004 0.145 0.293 0.347 0.247 0.131 0.008 0.001 0.001 0.001 0.001 0.001 0.025 0.135 0.119 0.002 0.001 0.001 0.001 0.001 0.001 0.009 0.010 0.008 0.006 0.005 0.005
0.001 0.002 0.002 0.008 0.011 0.012 0.003 0.002 0.002 0.001 0.001 0.001 0.002 0.022 0.095 0.020 0.001 0.001 0.001 0.001 0.002 0.008 0.039 0.035 0.018 0.013 0.012 0.001 0.002 0.002 0.001 0.001 0.002 0.069 0.146 0.002 0.001 0.001 0.001 0.001 0.002 0.002 0.002 0.002 0.003 0.046 0.013 0.001 0.001 0.002 0.063 0.181 0.274 0.292 0.211 0.091 0.003 0.002 0.002 0.001 0.001 0.001 0.001 0.017 0.137 0.113 0.001 0.001 0.001 0.001 0.001 0.007 0.008 0.008 0.007 0.007 0.019
0.001 0.002 0.003 0.003 0.004 0.018 0.012 0.003 0.001 0.001 0.001 0.001 0.001 0.002 0.002 0.005 0.002 0.000 0.001 0.001 0.002 0.047 0.038 0.014 0.021 0.003 0.002 0.001 0.001 0.001 0.001 0.001 0.001 0.002 0.136 0.187 0.022 0.001 0.001 0.001 0.001 0.001 0.002 0.002 0.002 0.039 0.024 0.010 0.017 0.035 0.073 0.144 0.174 0.155 0.112 0.029 0.004 0.003 0.004 0.002 0.001 0.001 0.001 0.001 0.002 0.114 0.180 0.057 0.002 0.002 0.002 0.004 0.007 0.008 0.008 0.025 0.039
0.002 0.002 0.002 0.001 0.001 0.014 0.026 0.001 0.001 0.001 0.001 0.001 0.001 0.001 0.001 0.001 0.003 0.002 0.001 0.002 0.069 0.068 0.041 0.021 0.008 0.002 0.001 0.001 0.001 0.001 0.001 0.001 0.001 0.002 0.002 0.009 0.012 0.025 0.019 0.002 0.001 0.001 0.002 0.002 0.002 0.039 0.055 0.018 0.018 0.015 0.033 0.059 0.048 0.018 0.005 0.004 0.006 0.011 0.012 0.003 0.002 0.001 0.001 0.001 0.001 0.001 0.143 0.210 0.122 0.003 0.002 0.003 0.006 0.008 0.032 0.042 0.024
0.002 0.002 0.001 0.001 0.001 0.012 0.083 0.025 0.001 0.001 0.001 0.001 0.001 0.001 0.001 0.001 0.002 0.002 0.002 0.081 0.117 0.086 0.054 0.004 0.003 0.002 0.001 0.001 0.001 0.001 0.001 0.001 0.001 0.001 0.002 0.002 0.003 0.003 0.019 0.096 0.044 0.002 0.001 0.001 0.001 0.081 0.106 0.019 0.005 0.002 0.002 0.003 0.003 0.002 0.002 0.001 0.001 0.002 0.009 0.014 0.002 0.001 0.001 0.002 0.001 0.001 0.001 0.131 0.234 0.177 0.004 0.002 0.005 0.033 0.044 0.023 0.002
0.001 0.003 0.001 0.001 0.002 0.079 0.140 0.165 0.093 0.002 0.001 0.001 0.001 0.001 0.001 0.001 0.001 0.002 0.063 0.130 0.123 0.109 0.035 0.002 0.002 0.002 0.002 0.002 0.001 0.001 0.001 0.001 0.001 0.002 0.002 0.003 0.003 0.002 0.002 0.019 0.107 0.004 0.001 0.001 0.003 0.184 0.170 0.051 0.006 0.002 0.002 0.001 0.003 0.002 0.001 0.001 0.001 0.001 0.008 0.024 0.002 0.001 0.002 0.004 0.001 0.001 0.001 0.061 0.189 0.251 0.131 0.012 0.016 0.030 0.018 0.002 0.002
0.001 0.001 0.002 0.053 0.046 0.058 0.128 0.202 0.233 0.020 0.002 0.001 0.001 0.001 0.001 0.001 0.001 0.031 0.127 0.136 0.132 0.098 0.004 0.001 0.001 0.002 0.003 0.002 0.001 0.001 0.001 0.002 0.002 0.002 0.002 0.003 0.003 0.002 0.002 0.003 0.009 0.001 0.001 0.001 0.005 0.155 0.149 0.058 0.003 0.002 0.001 0.001 0.002 0.005 0.006 0.001 0.001 0.004 0.020 0.019 0.002 0.002 0.001 0.110 0.074 0.087 0.053 0.041 0.134 0.170 0.133 0.055 0.026 0.019 0.007 0.001 0.001
