Project1/res/jiangbei.inittm
ncols         319
nrows         411
xllcorner     657492.000000
yllcorner     3548067.000000
cellsize      10.000000
NODATA_value  -9999.000000
[rows 56 to 83 of 411, columns 63 to 125 of 319]
0.408 0.218 0.358 0.328 0.298 0.249 0.230 0.282 0.384 -9999.000 -9999.000 0.557 0.320 0.334 0.515 -9999.000 -9999.000 0.386 0.227 0.301 0.325 0.352 0.391 0.390 0.325 0.198 0.404 -9999.000 -9999.000 -9999.000 0.331 0.357 0.352 0.306 0.261 0.302 0.307 0.361 0.396 0.397 0.407 0.407 -9999.000 -9999.000 -9999.000 -9999.000 0.417 -9999.000 -9999.000 -9999.000 0.270 0.426 0.256 0.392 -9999.000 -9999.000 -9999.000 -9999.000 -9999.000 -9999.000 0.539 0.422 0.642
0.355 0.243 0.435 0.533 0.455 0.376 0.263 0.354 0.432 -9999.000 -9999.000 0.740 0.405 0.296 0.408 0.560 0.450 0.274 0.309 0.353 0.369 0.401 0.407 0.416 -9999.000 -9999.000 -9999.000 -9999.000 -9999.000 -9999.000 0.396 0.307 0.264 0.226 0.288 0.314 0.295 0.367 0.395 0.420 -9999.000 0.365 -9999.000 -9999.000 -9999.000 -9999.000 0.383 -9999.000 -9999.000 -9999.000 0.414 0.369 0.377 0.252 0.323 -9999.000 -9999.000 -9999.000 -9999.000 -9999.000 -9999.000 0.219 0.417
0.306 0.321 0.834 0.968 0.660 0.412 0.309 0.395 0.561 1.867 -9999.000 0.789 0.405 0.310 0.270 0.270 0.219 0.261 0.350 0.364 0.361 0.356 0.401 -9999.000 -9999.000 -9999.000 -9999.000 -9999.000 -9999.000 -9999.000 0.890 0.237 0.256 0.291 0.323 0.307 0.281 0.291 0.389 0.420 -9999.000 0.318 -9999.000 -9999.000 -9999.000 0.344 0.386 -9999.000 -9999.000 -9999.000 -9999.000 0.444 0.404 0.361 0.300 0.402 -9999.000 -9999.000 -9999.000 -9999.000 -9999.000 -9999.000 0.219
0.205 0.278 0.903 1.121 0.635 0.361 0.349 0.446 0.400 0.725 0.821 0.514 0.369 0.463 0.392 0.301 0.333 0.362 0.377 0.387 0.398 0.419 0.417 -9999.000 -9999.000 -9999.000 -9999.000 -9999.000 -9999.000 -9999.000 0.326 0.220 0.369 0.459 0.391 0.330 0.303 0.312 0.283 0.378 0.441 0.255 0.360 -9999.000 0.306 0.269 0.367 -9999.000 -9999.000 -9999.000 -9999.000 -9999.000 -9999.000 -9999.000 0.298 0.303 0.407 0.385 -9999.000 -9999.000 -9999.000 -9999.000 0.706
0.300 0.272 0.701 0.931 0.532 0.327 0.408 0.441 0.297 0.375 0.358 0.356 0.401 0.627 0.463 0.422 0.402 0.364 0.358 0.372 0.398 0.379 0.420 -9999.000 -9999.000 -9999.000 -9999.000 -9999.000 -9999.000 0.371 0.336 0.237 0.410 0.994 0.424 0.393 0.391 0.405 0.379 0.284 0.316 0.262 0.257 0.280 0.236 0.265 0.266 0.336 0.386 -9999.000 -9999.000 -9999.000 -9999.000 -9999.000 0.407 0.300 0.329 0.273 0.247 -9999.000 -9999.000 -9999.000 -9999.000
0.387 0.261 0.448 0.762 0.430 0.306 0.362 0.338 0.231 0.313 0.282 0.224 0.423 1.135 -9999.000 -9999.000 -9999.000 0.333 0.324 0.326 0.297 0.327 0.337 0.299 0.289 0.354 -9999.000 0.382 0.363 0.384 0.338 0.241 -9999.000 -9999.000 -9999.000 0.416 0.413 0.417 0.413 0.379 0.299 0.271 0.302 0.299 0.299 0.290 0.296 0.254 0.228 0.252 0.339 0.402 -9999.000 -9999.000 -9999.000 0.435 0.284 0.410 0.251 0.355 -9999.000 -9999.000 -9999.000
0.374 0.261 0.391 0.593 0.419 0.291 0.266 0.269 0.379 0.654 0.446 0.258 0.394 -9999.000 -9999.000 -9999.000 -9999.000 -9999.000 -9999.000 -9999.000 0.421 0.362 0.393 -9999.000 -9999.000 -9999.000 -9999.000 -9999.000 -9999.000 -9999.000 -9999.000 0.229 -9999.000 -9999.000 -9999.000 0.448 0.419 0.428 0.453 0.430 0.398 0.291 0.289 0.304 0.321 0.342 0.358 0.369 0.354 0.380 -9999.000 -9999.000 -9999.000 -9999.000 0.406 0.419 0.336 0.367 0.422 0.307 0.342 0.399 -9999.000
0.335 0.277 0.400 0.469 0.392 0.224 0.240 0.320 0.398 0.762 0.758 0.301 0.315 1.684 -9999.000 -9999.000 0.423 -9999.000 -9999.000 -9999.000 0.401 0.307 0.401 -9999.000 -9999.000 -9999.000 -9999.000 -9999.000 -9999.000 -9999.000 -9999.000 0.278 0.469 -9999.000 -9999.000 0.430 0.416 0.468 -9999.000 -9999.000 0.736 0.322 0.265 0.314 0.351 0.380 0.385 0.386 0.379 0.397 -9999.000 -9999.000 -9999.000 -9999.000 0.403 -9999.000 -9999.000 0.405 0.313 0.396 0.373 0.302 -9999.000
0.336 0.305 0.390 0.354 0.292 0.230 0.313 0.366 0.399 0.999 1.107 0.400 0.272 0.527 -9999.000 -9999.000 0.326 0.401 0.582 0.426 0.264 0.230 0.391 -9999.000 -9999.000 -9999.000 -9999.000 -9999.000 -9999.000 -9999.000 -9999.000 0.344 0.391 -9999.000 0.467 0.404 0.399 0.477 -9999.000 -9999.000 1.031 0.378 0.253 0.325 0.367 0.378 0.389 0.413 0.412 0.406 -9999.000 -9999.000 -9999.000 -9999.000 -9999.000 -9999.000 -9999.000 -9999.000 0.351 0.313 0.303 0.254 0.212
0.351 0.336 0.331 0.329 0.351 0.264 0.352 0.371 0.401 -9999.000 -9999.000 0.435 0.310 0.380 -9999.000 0.410 0.207 0.273 0.364 0.364 0.256 0.243 0.602 -9999.000 -9999.000 -9999.000 -9999.000 -9999.000 -9999.000 -9999.000 -9999.000 -9999.000 0.381 0.291 0.368 0.366 0.388 0.403 0.446 -9999.000 1.071 0.396 0.250 0.333 0.380 0.392 0.398 0.382 0.369 0.392 0.448 -9999.000 -9999.000 -9999.000 -9999.000 -9999.000 0.434 0.343 0.344 0.329 0.329 0.344 0.333
0.345 0.325 0.341 0.394 0.446 0.347 0.387 0.379 0.388 -9999.000 -9999.000 0.438 0.384 0.237 0.379 0.300 0.264 0.372 0.427 0.441 0.398 0.330 0.379 0.418 -9999.000 -9999.000 -9999.000 0.408 0.430 -9999.000 -9999.000 -9999.000 0.404 0.226 0.279 0.304 0.326 0.336 0.361 0.386 0.393 0.327 0.217 0.323 0.377 0.380 0.375 0.338 0.328 0.403 0.432 0.415 0.385 0.340 0.333 0.319 0.293 0.315 0.359 0.395 0.402 0.363 0.366
0.313 0.327 0.397 -9999.000 -9999.000 0.410 -9999.000 0.389 0.372 -9999.000 -9999.000 0.432 0.403 0.369 0.265 0.320 0.387 0.404 0.421 0.471 0.427 0.401 0.302 0.347 0.366 0.391 0.401 0.353 0.202 -9999.000 -9999.000 -9999.000 -9999.000 0.310 0.296 0.355 0.407 0.394 0.367 0.371 0.369 0.352 0.290 0.312 0.341 0.331 0.293 0.282 0.346 0.428 -9999.000 -9999.000 -9999.000 0.372 0.311 0.351 0.359 0.365 0.357 0.499 -9999.000 -9999.000 0.386
0.315 0.364 0.419 -9999.000 -9999.000 -9999.000 -9999.000 -9999.000 0.369 -9999.000 -9999.000 -9999.000 -9999.000 0.454 0.365 0.454 0.423 0.405 0.558 0.413 0.367 0.316 0.234 0.279 0.358 0.395 0.405 -9999.000 -9999.000 -9999.000 -9999.000 -9999.000 -9999.000 0.339 0.297 0.427 -9999.000 -9999.000 -9999.000 0.403 0.384 0.408 0.376 0.306 0.296 0.278 0.251 0.246 0.344 0.360 0.367 0.398 0.419 0.409 0.397 0.403 0.375 0.342 0.332 0.418 -9999.000 -9999.000 -9999.000
0.341 0.382 -9999.000 -9999.000 -9999.000 -9999.000 -9999.000 -9999.000 -9999.000 -9999.000 -9999.000 -9999.000 -9999.000 0.409 0.352 0.429 0.581 0.432 -9999.000 0.436 0.392 0.337 0.216 0.201 0.315 0.389 -9999.000 -9999.000 -9999.000 -9999.000 -9999.000 -9999.000 -9999.000 0.339 0.364 -9999.000 -9999.000 -9999.000 -9999.000 0.398 0.374 0.387 0.358 0.284 0.310 0.353 0.354 0.338 0.396 0.410 0.404 0.404 0.434 0.428 -9999.000 0.398 0.366 0.320 0.335 0.408 -9999.000 -9999.000 -9999.000
0.359 0.392 -9999.000 -9999.000 -9999.000 -9999.000 -9999.000 -9999.000 -9999.000 -9999.000 -9999.000 -9999.000 -9999.000 0.357 0.225 0.331 0.377 0.395 -9999.000 -9999.000 0.415 0.388 0.302 0.260 0.400 -9999.000 -9999.000 -9999.000 -9999.000 -9999.000 -9999.000 -9999.000 -9999.000 0.388 0.422 -9999.000 -9999.000 1.078 0.398 0.371 0.354 0.347 0.280 0.287 0.331 0.350 0.359 0.366 0.420 -9999.000 -9999.000 -9999.000 -9999.000 -9999.000 -9999.000 0.398 0.371 0.321 0.349 0.411 -9999.000 -9999.000 -9999.000
0.378 0.411 -9999.000 -9999.000 -9999.000 -9999.000 -9999.000 -9999.000 -9999.000 -9999.000 -9999.000 -9999.000 0.351 0.276 0.219 0.294 0.357 0.402 -9999.000 -9999.000 0.427 0.403 0.378 0.260 -9999.000 -9999.000 -9999.000 -9999.000 -9999.000 -9999.000 -9999.000 -9999.000 -9999.000 -9999.000 -9999.000 0.420 0.411 0.393 0.345 0.322 0.303 0.292 0.281 0.336 0.341 0.335 0.338 0.371 0.420 -9999.000 -9999.000 -9999.000 -9999.000 -9999.000 -9999.000 0.399 0.380 0.352 0.350 0.403 0.402 0.415 -9999.000
0.397 -9999.000 -9999.000 -9999.000 -9999.000 -9999.000 -9999.000 -9999.000 -9999.000 -9999.000 0.420 0.364 0.359 0.328 0.264 0.383 0.440 -9999.000 -9999.000 -9999.000 -9999.000 -9999.000 -9999.000 0.351 0.416 -9999.000 -9999.000 -9999.000 -9999.000 -9999.000 -9999.000 -9999.000 -9999.000 -9999.000 0.395 0.382 0.375 0.318 0.251 0.268 0.276 0.290 0.343 0.379 0.374 0.356 0.349 0.374 0.409 -9999.000 -9999.000 -9999.000 -9999.000 -9999.000 0.433 0.390 0.381 0.378 0.363 0.315 0.329 0.346 -9999.000
-9999.000 0.397 -9999.000 0.412 0.423 -9999.000 -9999.000 -9999.000 0.408 0.373 0.340 0.367 0.390 -9999.000 0.356 0.470 -9999.000 -9999.000 -9999.000 -9999.000 -9999.000 -9999.000 -9999.000 0.369 0.407 -9999.000 -9999.000 -9999.000 -9999.000 -9999.000 -9999.000 -9999.000 -9999.000 -9999.000 -9999.000 0.310 0.246 0.243 0.280 0.273 0.271 0.308 0.382 0.412 0.398 0.400 0.372 0.381 0.400 0.419 0.399 0.334 0.325 0.356 0.404 0.400 0.404 0.403 0.386 0.350 0.266 0.288 0.415
0.416 0.363 0.406 0.396 0.399 0.407 0.423 0.423 0.388 0.388 0.386 0.410 -9999.000 -9999.000 -9999.000 0.344 -9999.000 -9999.000 -9999.000 -9999.000 -9999.000 -9999.000 -9999.000 0.339 0.354 -9999.000 -9999.000 -9999.000 -9999.000 -9999.000 -9999.000 -9999.000 -9999.000 -9999.000 -9999.000 0.399 0.208 0.281 0.339 0.320 0.270 0.335 0.394 0.390 0.356 0.374 0.378 0.391 0.396 0.384 0.344 0.339 0.367 0.397 0.429 -9999.000 -9999.000 0.412 0.399 0.388 0.347 0.248 0.336
0.404 0.365 0.386 0.360 0.391 0.391 0.395 0.403 -9999.000 -9999.000 -9999.000 -9999.000 -9999.000 -9999.000 -9999.000 0.450 0.374 0.424 -9999.000 -9999.000 -9999.000 -9999.000 0.402 0.254 0.317 0.388 -9999.000 -9999.000 -9999.000 -9999.000 -9999.000 -9999.000 -9999.000 -9999.000 -9999.000 0.418 0.238 0.285 0.372 0.353 0.291 0.323 0.361 0.309 0.244 0.310 0.390 0.413 -9999.000 0.452 0.406 0.403 0.412 -9999.000 -9999.000 -9999.000 -9999.000 0.416 0.405 0.404 0.399 0.385 0.489
-9999.000 0.406 0.384 0.632 0.357 0.372 0.387 0.399 0.436 -9999.000 -9999.000 -9999.000 -9999.000 -9999.000 -9999.000 0.376 0.312 0.379 0.451 -9999.000 -9999.000 0.334 0.223 0.329 0.231 0.266 0.316 0.412 -9999.000 -9999.000 -9999.000 -9999.000 -9999.000 -9999.000 -9999.000 -9999.000 0.357 0.266 0.345 0.349 0.338 0.295 0.277 0.240 0.252 0.387 0.418 -9999.000 -9999.000 -9999.000 -9999.000 -9999.000 -9999.000 -9999.000 -9999.000 -9999.000 -9999.000 -9999.000 -9999.000 -9999.000 -9999.000 -9999.000 -9999.000
0.407 -9999.000 0.435 0.398 0.311 0.344 0.385 0.387 0.409 -9999.000 -9999.000 -9999.000 -9999.000 0.414 0.388 0.292 0.248 0.205 0.271 0.399 0.267 0.273 0.384 0.405 0.404 0.392 0.352 0.386 0.438 -9999.000 -9999.000 -9999.000 -9999.000 -9999.000 -9999.000 -9999.000 1.321 0.321 0.308 0.343 0.367 0.341 0.265 0.215 0.344 0.404 -9999.000 -9999.000 -9999.000 -9999.000 -9999.000 -9999.000 -9999.000 -9999.000 -9999.000 -9999.000 -9999.000 -9999.000 -9999.000 -9999.000 -9999.000 -9999.000 0.396
0.400 -9999.000 0.565 0.378 0.245 0.261 0.282 0.260 0.251 0.417 -9999.000 0.392 0.236 0.233 0.266 0.282 0.264 0.259 0.367 0.400 0.401 0.405 -9999.000 -9999.000 -9999.000 0.513 0.353 0.339 0.403 0.424 -9999.000 -9999.000 -9999.000 -9999.000 -9999.000 -9999.000 -9999.000 0.304 0.296 0.369 0.392 0.375 0.296 0.239 0.388 0.422 -9999.000 -9999.000 -9999.000 0.427 0.413 0.447 -9999.000 -9999.000 -9999.000 -9999.000 -9999.000 -9999.000 -9999.000 -9999.000 -9999.000 0.394 0.278
0.386 0.549 0.416 0.277 0.196 0.241 0.329 0.357 0.299 0.336 -9999.000 0.294 0.304 0.295 0.308 0.305 0.343 0.399 0.407 0.414 0.415 0.435 -9999.000 -9999.000 -9999.000 -9999.000 0.432 0.259 0.393 0.420 0.419 -9999.000 -9999.000 -9999.000 -9999.000 -9999.000 -9999.000 0.256 0.299 0.409 0.405 0.384 0.308 0.254 0.419 -9999.000 -9999.000 -9999.000 -9999.000 0.415 0.267 0.329 0.391 0.407 0.420 -9999.000 -9999.000 -9999.000 -9999.000 0.412 0.346 0.240 0.201
0.325 0.312 0.287 0.261 0.251 0.381 0.414 0.426 -9999.000 -9999.000 -9999.000 -9999.000 0.414 0.391 0.330 0.302 0.338 0.416 0.428 0.429 0.416 -9999.000 -9999.000 -9999.000 -9999.000 -9999.000 0.466 0.261 0.374 0.395 0.396 0.414 -9999.000 -9999.000 -9999.000 -9999.000 -9999.000 0.204 0.363 0.922 0.406 0.385 0.339 0.239 0.422 -9999.000 -9999.000 -9999.000 -9999.000 -9999.000 0.356 0.276 0.233 0.356 0.397 -9999.000 -9999.000 -9999.000 0.378 0.338 0.531 0.346 0.241
0.394 0.366 0.386 0.276 0.312 0.401 0.435 -9999.000 -9999.000 -9999.000 -9999.000 -9999.000 -9999.000 -9999.000 0.414 0.299 0.290 0.395 0.406 0.404 0.396 0.419 -9999.000 -9999.000 -9999.000 -9999.000 0.403 0.224 0.346 -9999.000 -9999.000 -9999.000 -9999.000 -9999.000 -9999.000 0.408 0.327 0.231 0.383 -9999.000 0.394 0.376 0.350 0.257 0.369 -9999.000 -9999.000 -9999.000 -9999.000 -9999.000 0.412 0.381 0.304 0.226 0.312 0.391 0.447 -9999.000 -9999.000 0.422 0.410 0.377 0.266
0.402 0.388 0.676 0.281 0.330 0.399 0.423 -9999.000 -9999.000 -9999.000 -9999.000 -9999.000 -9999.000 -9999.000 -9999.000 0.359 0.242 0.384 0.414 0.408 0.383 0.398 -9999.000 -9999.000 -9999.000 0.370 0.299 0.183 0.267 -9999.000 -9999.000 -9999.000 -9999.000 -9999.000 -9999.000 -9999.000 0.425 0.381 0.386 0.416 0.372 0.343 0.343 0.276 0.384 0.420 -9999.000 -9999.000 -9999.000 -9999.000 0.417 0.420 0.407 0.388 0.317 0.333 0.525 -9999.000 -9999.000 -9999.000 -9999.000 0.402 0.301
0.406 0.393 0.382 0.283 0.344 0.401 0.428 -9999.000 -9999.000 -9999.000 -9999.000 -9999.000 -9999.000 -9999.000 -9999.000 0.356 0.241 0.402 -9999.000 -9999.000 0.410 0.420 -9999.000 0.396 0.352 0.346 0.333 0.225 0.281 0.417 -9999.000 -9999.000 -9999.000 -9999.000 -9999.000 -9999.000 -9999.000 -9999.000 0.395 0.417 0.390 0.313 0.320 0.271 0.406 -9999.000 -9999.000 -9999.000 -9999.000 -9999.000 0.385 0.419 -9999.000 -9999.000 0.444 0.274 0.349 0.534 -9999.000 -9999.000 0.598 0.548 0.354
