Project1/res/jiangbei-0001.wd
ncols         319
nrows         411
xllcorner     657492.000000
yllcorner     3548067.000000
cellsize      10.000000
NODATA_value  -9999.000000
[rows 102 to 135 of 411, columns 0 to 76 of 319]
0.000 0.000 0.000 0.000 0.000 0.000 0.000 0.000 0.000 0.000 0.000 0.000 0.000 0.113 0.061 0.015 0.003 0.003 0.004 0.004 0.005 0.006 0.006 0.006 0.007 0.008 0.009 0.016 0.033 0.032 0.017 0.003 0.009 0.018 0.023 0.021 0.015 0.017 0.019 0.021 0.022 0.021 0.019 0.017 0.015 0.012 0.009 0.008 0.011 0.016 0.008 0.007 0.008 0.013 0.003 0.002 0.003 0.003 0.003 0.003 0.003 0.003 0.002 0.002 0.002 0.003 0.007 0.022 0.015 0.010 0.006 0.003 0.003 0.004 0.005 0.078 0.219
0.000 0.000 0.000 0.000 0.000 0.000 0.000 0.000 0.000 0.000 0.000 0.000 0.000 0.151 0.099 0.047 0.006 0.003 0.003 0.003 0.004 0.004 0.005 0.006 0.007 0.008 0.008 0.009 0.010 0.012 0.013 0.013 0.011 0.011 0.014 0.015 0.011 0.012 0.015 0.018 0.022 0.023 0.022 0.021 0.019 0.017 0.015 0.012 0.011 0.014 0.012 0.011 0.012 0.024 0.005 0.003 0.002 0.002 0.002 0.002 0.002 0.002 0.002 0.002 0.003 0.004 0.016 0.025 0.018 0.012 0.008 0.003 0.004 0.004 0.005 0.064 0.189
0.000 0.000 0.000 0.000 0.000 0.000 0.000 0.000 0.000 0.000 0.000 0.000 0.225 0.187 0.137 0.089 0.039 0.006 0.004 0.003 0.003 0.003 0.004 0.005 0.006 0.007 0.008 0.009 0.009 0.009 0.009 0.007 0.007 0.007 0.009 0.012 0.011 0.012 0.014 0.016 0.020 0.023 0.024 0.024 0.022 0.020 0.018 0.016 0.015 0.017 0.016 0.014 0.016 0.028 0.006 0.003 0.003 0.002 0.002 0.001 0.001 0.001 0.002 0.003 0.004 0.006 0.027 0.026 0.019 0.014 0.010 0.003 0.004 0.005 0.007 0.039 0.057
0.000 0.000 0.000 0.000 0.000 0.000 0.000 0.000 0.000 0.000 0.000 0.289 0.180 0.173 0.145 0.115 0.076 0.039 0.013 0.005 0.003 0.003 0.003 0.004 0.005 0.006 0.007 0.008 0.008 0.008 0.007 0.006 0.007 0.008 0.008 0.009 0.011 0.015 0.017 0.019 0.022 0.026 0.029 0.030 0.029 0.029 0.029 0.030 0.033 0.034 0.032 0.030 0.031 0.037 0.018 0.004 0.003 0.003 0.002 0.002 0.002 0.002 0.002 0.003 0.005 0.014 0.033 0.027 0.021 0.016 0.010 0.003 0.003 0.001 0.003 0.017 0.026
0.000 0.000 0.000 0.000 0.000 0.000 0.000 0.000 0.000 0.000 0.680 0.240 0.082 0.084 0.080 0.075 0.068 0.054 0.047 0.034 0.016 0.005 0.003 0.004 0.004 0.006 0.006 0.007 0.007 0.007 0.006 0.005 0.007 0.008 0.009 0.009 0.009 0.009 0.012 0.017 0.027 0.039 0.048 0.055 0.062 0.067 0.072 0.075 0.075 0.073 0.068 0.060 0.054 0.044 0.035 0.025 0.004 0.003 0.003 0.003 0.003 0.002 0.002 0.003 0.005 0.025 0.033 0.026 0.020 0.014 0.010 0.003 0.001 0.003 0.004 0.010 0.058
0.000 0.000 0.000 0.000 0.000 0.000 0.000 0.000 0.000 1.081 0.614 0.130 0.009 0.013 0.015 0.017 0.020 0.024 0.030 0.036 0.038 0.032 0.020 0.008 0.004 0.005 0.006 0.006 0.006 0.006 0.005 0.005 0.007 0.009 0.008 0.007 0.006 0.005 0.005 0.006 0.009 0.025 0.022 0.017 0.014 0.013 0.012 0.016 0.045 0.069 0.075 0.067 0.056 0.038 0.034 0.038 0.029 0.004 0.004 0.003 0.003 0.003 0.002 0.002 0.005 0.026 0.026 0.020 0.014 0.010 0.006 0.003 0.002 0.003 0.004 0.005 0.060
0.000 0.000 0.000 0.000 0.000 0.000 0.000 0.000 0.490 0.993 0.525 0.032 0.005 0.009 0.011 0.011 0.011 0.011 0.012 0.013 0.017 0.020 0.023 0.023 0.017 0.009 0.006 0.005 0.005 0.005 0.004 0.005 0.005 0.006 0.005 0.005 0.004 0.003 0.004 0.005 0.008 0.030 0.017 0.005 0.003 0.003 0.003 0.003 0.005 0.059 0.069 0.062 0.052 0.034 0.027 0.038 0.097 0.102 0.006 0.004 0.004 0.004 0.003 0.003 0.004 0.021 0.016 0.014 0.009 0.007 0.005 0.003 0.002 0.003 0.004 0.002 0.045
0.000 0.000 0.000 0.000 0.000 0.000 0.000 0.003 0.176 0.798 0.408 0.007 0.004 0.008 0.010 0.010 0.010 0.009 0.009 0.009 0.009 0.009 0.010 0.012 0.012 0.011 0.009 0.006 0.004 0.004 0.003 0.003 0.004 0.004 0.005 0.006 0.006 0.004 0.004 0.005 0.010 0.061 0.050 0.010 0.002 0.001 0.002 0.003 0.004 0.047 0.061 0.056 0.047 0.029 0.024 0.031 0.160 0.347 0.239 0.017 0.008 0.009 0.008 0.006 0.007 0.017 0.013 0.012 0.010 0.008 0.007 0.004 0.002 0.003 0.003 0.005 0.055
0.000 0.000 0.000 0.000 0.000 0.000 0.002 0.002 0.260 0.721 0.333 0.005 0.004 0.007 0.010 0.008 0.009 0.009 0.008 0.008 0.007 0.007 0.007 0.006 0.007 0.007 0.006 0.006 0.005 0.003 0.002 0.002 0.003 0.003 0.005 0.007 0.008 0.007 0.005 0.005 0.007 0.164 0.200 0.129 0.035 0.003 0.003 0.003 0.006 0.040 0.055 0.050 0.041 0.025 0.020 0.027 0.179 0.416 0.364 0.081 0.012 0.008 0.005 0.004 0.005 0.015 0.015 0.013 0.014 0.012 0.009 0.006 0.004 0.002 0.003 0.004 0.039
0.000 0.000 0.000 0.000 0.000 0.000 0.001 0.002 0.283 0.492 0.244 0.005 0.004 0.007 0.008 0.008 0.008 0.008 0.007 0.007 0.006 0.006 0.007 0.005 0.004 0.005 0.003 0.003 0.003 0.002 0.002 0.002 0.003 0.003 0.004 0.007 0.010 0.011 0.008 0.005 0.005 0.170 0.232 0.141 0.034 0.002 0.002 0.003 0.006 0.042 0.049 0.044 0.034 0.024 0.021 0.029 0.178 0.414 0.393 0.085 0.003 0.003 0.003 0.002 0.004 0.013 0.018 0.020 0.020 0.017 0.012 0.007 0.004 0.002 0.003 0.004 0.009
0.000 0.000 0.000 0.000 0.000 0.018 0.001 0.003 0.062 0.196 0.067 0.006 0.004 0.005 0.007 0.007 0.007 0.007 0.006 0.005 0.005 0.006 0.005 0.004 0.004 0.003 0.001 0.002 0.002 0.002 0.003 0.003 0.003 0.003 0.004 0.005 0.009 0.015 0.012 0.007 0.008 0.170 0.223 0.137 0.016 0.002 0.003 0.004 0.007 0.029 0.042 0.037 0.027 0.019 0.019 0.029 0.159 0.383 0.436 0.126 0.003 0.002 0.002 0.002 0.001 0.010 0.011 0.030 0.028 0.015 0.006 0.004 0.003 0.002 0.003 0.003 0.005
0.000 0.000 0.000 0.000 0.005 0.026 0.038 0.006 0.006 0.006 0.010 0.007 0.004 0.005 0.006 0.006 0.006 0.006 0.005 0.004 0.005 0.004 0.003 0.003 0.003 0.002 0.002 0.003 0.003 0.003 0.004 0.004 0.004 0.004 0.004 0.005 0.009 0.013 0.009 0.007 0.016 0.183 0.201 0.130 0.036 0.002 0.004 0.005 0.007 0.022 0.039 0.032 0.021 0.013 0.013 0.019 0.119 0.336 0.411 0.163 0.004 0.003 0.002 0.002 0.002 0.009 0.026 0.021 0.008 0.005 0.004 0.004 0.003 0.002 0.002 0.003 0.004
0.000 0.000 0.000 0.004 0.005 0.005 0.006 0.008 0.004 0.003 0.003 0.009 0.004 0.004 0.005 0.005 0.005 0.005 0.003 0.003 0.003 0.003 0.002 0.003 0.003 0.003 0.003 0.003 0.004 0.004 0.004 0.005 0.005 0.006 0.007 0.024 0.009 0.006 0.006 0.008 0.066 0.197 0.204 0.125 0.026 0.002 0.003 0.004 0.006 0.011 0.040 0.032 0.017 0.011 0.010 0.011 0.082 0.300 0.420 0.211 0.004 0.003 0.002 0.002 0.003 0.022 0.026 0.013 0.004 0.003 0.003 0.003 0.002 0.001 0.002 0.002 0.005
0.000 0.000 0.002 0.004 0.003 0.003 0.001 0.003 0.002 0.002 0.002 0.005 0.004 0.003 0.004 0.003 0.003 0.003 0.002 0.002 0.003 0.004 0.004 0.004 0.004 0.004 0.004 0.004 0.004 0.005 0.005 0.007 0.032 0.071 0.115 0.133 0.033 0.007 0.007 0.012 0.107 0.210 0.200 0.114 0.019 0.003 0.004 0.005 0.005 0.006 0.034 0.032 0.018 0.013 0.011 0.009 0.055 0.270 0.439 0.330 0.079 0.004 0.002 0.001 0.020 0.026 0.022 0.011 0.004 0.003 0.002 0.002 0.001 0.002 0.002 0.002 0.019
0.000 0.001 0.001 0.002 0.005 0.006 0.003 0.002 0.003 0.007 0.002 0.002 0.003 0.002 0.003 0.002 0.002 0.002 0.003 0.004 0.005 0.005 0.004 0.004 0.004 0.004 0.004 0.005 0.005 0.005 0.011 0.151 0.193 0.136 0.128 0.091 0.005 0.002 0.003 0.011 0.111 0.198 0.179 0.094 0.007 0.002 0.003 0.004 0.005 0.005 0.008 0.022 0.020 0.019 0.016 0.014 0.032 0.205 0.395 0.428 0.279 0.069 0.008 0.012 0.023 0.022 0.017 0.010 0.005 0.003 0.002 0.002 0.001 0.002 0.002 0.003 0.063
0.000 0.002 0.002 0.002 0.004 0.012 0.017 0.002 0.003 0.009 0.007 0.002 0.001 0.001 0.002 0.003 0.004 0.004 0.005 0.005 0.005 0.004 0.004 0.004 0.005 0.005 0.006 0.006 0.007 0.018 0.180 0.306 0.257 0.141 0.114 0.038 0.004 0.002 0.002 0.004 0.098 0.190 0.157 0.064 0.005 0.002 0.003 0.004 0.005 0.005 0.006 0.017 0.021 0.027 0.033 0.035 0.035 0.126 0.302 0.438 0.394 0.215 0.029 0.015 0.019 0.017 0.013 0.008 0.005 0.004 0.003 0.002 0.002 0.003 0.003 0.010 0.211
0.000 0.003 0.003 0.003 0.003 0.005 0.029 0.024 0.004 0.007 0.015 0.006 0.003 0.002 0.002 0.004 0.005 0.006 0.005 0.005 0.005 0.005 0.005 0.006 0.006 0.007 0.010 0.010 0.013 0.123 0.296 0.393 0.297 0.153 0.092 0.006 0.004 0.003 0.002 0.003 0.023 0.166 0.130 0.024 0.004 0.002 0.003 0.004 0.004 0.004 0.006 0.013 0.016 0.016 0.016 0.016 0.018 0.056 0.201 0.377 0.469 0.339 0.164 0.028 0.016 0.014 0.011 0.007 0.005 0.004 0.003 0.004 0.005 0.018 0.084 0.219 0.232
0.000 0.004 0.003 0.004 0.004 0.003 0.004 0.025 0.015 0.012 0.018 0.061 0.070 0.004 0.002 0.004 0.005 0.005 0.005 0.005 0.006 0.007 0.012 0.018 0.023 0.020 0.015 0.013 0.046 0.222 0.410 0.486 0.358 0.189 0.066 0.004 0.003 0.002 0.002 0.002 0.003 0.047 0.061 0.010 0.004 0.002 0.003 0.004 0.004 0.003 0.005 0.010 0.014 0.013 0.010 0.009 0.016 0.033 0.122 0.284 0.414 0.397 0.284 0.164 0.037 0.013 0.009 0.007 0.004 0.006 0.048 0.127 0.150 0.190 0.175 0.165 0.080
0.000 0.011 0.006 0.005 0.004 0.004 0.004 0.011 0.014 0.017 0.024 0.008 0.058 0.036 0.003 0.002 0.004 0.005 0.007 0.013 0.017 0.020 0.021 0.018 0.012 0.012 0.012 0.017 0.148 0.344 0.533 0.589 0.426 0.225 0.055 0.003 0.003 0.003 0.002 0.002 0.003 0.004 0.014 0.011 0.005 0.002 0.003 0.003 0.003 0.004 0.006 0.010 0.012 0.013 0.014 0.018 0.028 0.043 0.067 0.183 0.297 0.308 0.252 0.185 0.118 0.063 0.041 0.029 0.037 0.071 0.098 0.117 0.096 0.059 0.033 0.007 0.005
0.000 0.000 0.005 0.005 0.005 0.006 0.009 0.007 0.007 0.025 0.035 0.002 0.002 0.031 0.056 0.004 0.002 0.005 0.009 0.009 0.008 0.007 0.005 0.005 0.008 0.010 0.014 0.093 0.278 0.458 0.645 0.664 0.491 0.283 0.098 0.005 0.004 0.004 0.003 0.002 0.002 0.003 0.004 0.010 0.007 0.002 0.003 0.003 0.003 0.004 0.007 0.009 0.012 0.016 0.028 0.049 0.071 0.071 0.053 0.070 0.136 0.102 0.123 0.080 0.040 0.037 0.045 0.053 0.064 0.052 0.031 0.002 0.004 0.003 0.003 0.003 0.004
0.000 0.000 0.005 0.006 0.007 0.010 0.014 0.007 0.006 0.009 0.044 0.029 0.003 0.002 0.021 0.023 0.003 0.002 0.003 0.004 0.003 0.003 0.005 0.006 0.012 0.018 0.035 0.151 0.321 0.474 0.618 0.662 0.544 0.347 0.153 0.010 0.005 0.004 0.005 0.004 0.002 0.003 0.003 0.005 0.008 0.003 0.002 0.002 0.003 0.005 0.007 0.010 0.018 0.037 0.062 0.086 0.097 0.080 0.037 0.025 0.025 0.030 0.020 0.010 0.007 0.008 0.010 0.020 0.080 0.047 0.020 0.004 0.003 0.003 0.002 0.002 0.009
0.000 0.000 0.013 0.009 0.008 0.016 0.024 0.018 0.011 0.014 0.039 0.119 0.055 0.002 0.013 0.034 0.032 0.002 0.001 0.002 0.005 0.007 0.010 0.012 0.013 0.012 0.015 0.110 0.263 0.388 0.511 0.553 0.494 0.374 0.204 0.034 0.007 0.005 0.005 0.005 0.004 0.002 0.002 0.003 0.004 0.003 0.002 0.002 0.003 0.006 0.008 0.021 0.047 0.070 0.090 0.099 0.096 0.057 0.003 0.004 0.005 0.011 0.013 0.008 0.005 0.004 0.003 0.004 0.062 0.049 0.052 0.020 0.005 0.004 0.002 0.003 0.057
0.000 0.000 0.000 0.045 0.038 0.013 0.014 0.022 0.024 0.022 0.037 0.085 0.066 0.040 0.037 0.058 0.108 0.031 0.002 0.001 0.002 0.003 0.004 0.005 0.005 0.006 0.007 0.007 0.141 0.254 0.381 0.422 0.360 0.295 0.200 0.035 0.006 0.005 0.006 0.006 0.006 0.004 0.003 0.002 0.001 0.002 0.002 0.003 0.004 0.011 0.015 0.056 0.084 0.098 0.096 0.084 0.068 0.018 0.003 0.004 0.002 0.007 0.010 0.008 0.005 0.003 0.002 0.004 0.058 0.134 0.108 0.063 0.024 0.005 0.003 0.084 0.214
0.000 0.000 0.000 0.000 0.096 0.015 0.009 0.010 0.014 0.015 0.013 0.013 0.014 0.037 0.107 0.048 0.022 0.065 0.019 0.002 0.001 0.002 0.003 0.004 0.005 0.006 0.006 0.005 0.009 0.122 0.250 0.288 0.234 0.179 0.129 0.009 0.004 0.007 0.008 0.008 0.008 0.006 0.006 0.005 0.003 0.002 0.003 0.005 0.010 0.012 0.027 0.094 0.094 0.071 0.046 0.024 0.014 0.007 0.004 0.003 0.006 0.006 0.008 0.008 0.005 0.003 0.003 0.005 0.032 0.137 0.154 0.110 0.067 0.052 0.124 0.209 0.234
0.000 0.000 0.000 0.000 0.000 0.008 0.003 0.005 0.009 0.008 0.007 0.006 0.006 0.024 0.124 0.121 0.014 0.045 0.116 0.061 0.002 0.002 0.003 0.004 0.004 0.004 0.004 0.004 0.004 0.006 0.113 0.168 0.114 0.086 0.058 0.006 0.006 0.008 0.009 0.010 0.010 0.009 0.008 0.007 0.005 0.002 0.002 0.003 0.003 0.002 0.010 0.104 0.055 0.005 0.003 0.002 0.002 0.005 0.005 0.003 0.005 0.004 0.006 0.007 0.004 0.002 0.003 0.005 0.011 0.125 0.183 0.157 0.123 0.149 0.206 0.182 0.039
0.000 0.000 0.000 0.000 0.000 0.005 0.002 0.006 0.008 0.005 0.005 0.006 0.007 0.008 0.015 0.160 0.133 0.130 0.188 0.156 0.003 0.002 0.002 0.003 0.001 0.002 0.003 0.002 0.002 0.003 0.083 0.176 0.111 0.061 0.024 0.003 0.005 0.007 0.009 0.010 0.009 0.007 0.006 0.004 0.003 0.001 0.001 0.001 0.002 0.002 0.081 0.132 0.041 0.004 0.003 0.002 0.002 0.002 0.004 0.003 0.004 0.001 0.004 0.005 0.004 0.003 0.004 0.005 0.007 0.094 0.185 0.199 0.187 0.186 0.127 0.008 0.002
0.000 0.000 0.000 0.000 0.000 0.000 0.003 0.009 0.009 0.002 0.003 0.006 0.007 0.006 0.005 0.009 0.221 0.241 0.202 0.115 0.062 0.025 0.003 0.001 0.002 0.002 0.002 0.003 0.022 0.088 0.205 0.249 0.271 0.242 0.165 0.026 0.006 0.021 0.040 0.012 0.008 0.007 0.005 0.004 0.002 0.002 0.002 0.002 0.002 0.024 0.166 0.137 0.048 0.006 0.004 0.003 0.004 0.003 0.002 0.003 0.004 0.004 0.003 0.003 0.003 0.003 0.003 0.004 0.005 0.055 0.175 0.230 0.215 0.165 0.108 0.058 0.064
0.000 0.000 0.000 0.000 0.000 0.000 0.000 0.005 0.003 0.002 0.003 0.004 0.006 0.005 0.004 0.003 0.071 0.244 0.161 0.032 0.071 0.172 0.086 0.002 0.002 0.003 0.032 0.076 0.090 0.050 0.028 0.053 0.154 0.229 0.302 0.258 0.229 0.246 0.188 0.045 0.007 0.007 0.005 0.003 0.002 0.002 0.003 0.003 0.005 0.158 0.192 0.142 0.049 0.005 0.004 0.005 0.006 0.005 0.005 0.004 0.003 0.004 0.003 0.002 0.002 0.002 0.002 0.003 0.003 0.007 0.114 0.190 0.205 0.204 0.196 0.192 0.198
0.000 0.000 0.000 0.000 0.000 0.000 0.000 0.000 0.002 0.001 0.002 0.003 0.004 0.003 0.003 0.003 0.003 0.049 0.128 0.088 0.079 0.162 0.136 0.036 0.041 0.055 0.061 0.050 0.003 0.002 0.003 0.004 0.005 0.006 0.131 0.355 0.446 0.406 0.268 0.107 0.007 0.006 0.004 0.002 0.002 0.003 0.003 0.004 0.125 0.203 0.194 0.143 0.048 0.006 0.005 0.007 0.009 0.008 0.007 0.005 0.005 0.005 0.003 0.002 0.003 0.005 0.002 0.001 0.002 0.003 0.010 0.061 0.086 0.106 0.106 0.113 0.114
0.000 0.000 0.000 0.000 0.000 0.000 0.000 0.000 0.000 0.001 0.002 0.003 0.003 0.002 0.002 0.002 0.003 0.003 0.002 0.124 0.089 0.094 0.033 0.048 0.078 0.030 0.022 0.002 0.002 0.002 0.003 0.004 0.004 0.003 0.004 0.248 0.502 0.468 0.320 0.167 0.014 0.005 0.003 0.003 0.004 0.017 0.022 0.080 0.210 0.204 0.198 0.140 0.047 0.008 0.008 0.010 0.011 0.010 0.008 0.006 0.005 0.004 0.003 0.003 0.004 0.007 0.003 0.002 0.002 0.003 0.003 0.007 0.014 0.015 0.018 0.020 0.024
0.000 0.000 0.000 0.000 0.000 0.000 0.000 0.000 0.000 0.000 0.000 0.002 0.002 0.001 0.002 0.002 0.002 0.003 0.003 0.006 0.029 0.072 0.045 0.066 0.104 0.038 0.002 0.001 0.001 0.002 0.003 0.003 0.003 0.003 0.002 0.199 0.460 0.416 0.328 0.220 0.062 0.004 0.017 0.022 0.027 0.022 0.009 0.009 0.174 0.210 0.200 0.137 0.060 0.033 0.029 0.025 0.021 0.014 0.008 0.005 0.003 0.001 0.003 0.004 0.005 0.010 0.004 0.003 0.002 0.002 0.002 0.008 0.013 0.007 0.009 0.011 0.015
0.000 0.000 0.000 0.000 0.000 0.000 0.000 0.000 0.000 0.000 0.000 0.000 0.000 0.000 0.002 0.001 0.001 0.002 0.002 0.001 0.005 0.075 0.038 0.061 0.130 0.101 0.002 0.001 0.001 0.001 0.002 0.002 0.002 0.002 0.003 0.254 0.359 0.298 0.230 0.161 0.052 0.027 0.032 0.007 0.003 0.002 0.001 0.002 0.004 0.152 0.203 0.135 0.092 0.082 0.075 0.068 0.060 0.042 0.008 0.004 0.002 0.002 0.003 0.004 0.005 0.016 0.007 0.005 0.004 0.004 0.007 0.026 0.008 0.006 0.007 0.009 0.013
0.000 0.000 0.000 0.000 0.000 0.000 0.000 0.000 0.000 0.000 0.000 0.000 0.000 0.000 0.000 0.000 0.001 0.001 0.002 0.002 0.004 0.006 0.008 0.040 0.101 0.059 0.030 0.003 0.002 0.002 0.002 0.001 0.001 0.002 0.007 0.244 0.230 0.157 0.044 0.005 0.003 0.030 0.006 0.003 0.002 0.001 0.001 0.002 0.002 0.005 0.167 0.161 0.143 0.134 0.125 0.117 0.107 0.087 0.009 0.003 0.002 0.003 0.003 0.004 0.007 0.049 0.037 0.024 0.021 0.018 0.013 0.008 0.006 0.006 0.007 0.007 0.012
0.000 0.000 0.000 0.000 0.000 0.000 0.000 0.000 0.000 0.000 0.000 0.000 0.000 0.000 0.000 0.000 0.000 0.000 0.001 0.002 0.003 0.003 0.005 0.033 0.053 0.036 0.038 0.047 0.005 0.004 0.002 0.002 0.002 0.003 0.041 0.088 0.007 0.004 0.003 0.002 0.004 0.033 0.009 0.005 0.001 0.004 0.003 0.001 0.002 0.002 0.049 0.171 0.153 0.155 0.154 0.151 0.148 0.126 0.035 0.004 0.003 0.003 0.004 0.006 0.058 0.062 0.011 0.006 0.006 0.006 0.002 0.005 0.006 0.006 0.007 0.008 0.010
