Project1/res/jiangbei-0002.Vy
ncols         319
nrows         412
xllcorner     657492.000000
yllcorner     3548062.000000
cellsize      10.000000
NODATA_value  -9999.000000
[rows 264 to 296 of 412, columns 75 to 149 of 319]
-0.012 -0.015 -0.024 -0.027 0.000 0.000 -0.021 -0.020 0.017 0.000 0.019 -0.005 -0.017 -0.038 -0.033 -0.032 -0.038 -0.040 -0.039 -0.033 -0.026 -0.088 -0.035 -0.030 -0.059 -0.044 -0.036 -0.039 -0.029 -0.028 -0.040 0.000 -0.053 -0.037 -0.031 -0.022 -0.026 -0.035 -0.041 -0.037 -0.019 0.053 0.000 0.000 0.000 0.043 0.002 -0.037 -0.039 0.008 0.018 0.019 0.018 0.016 0.016 0.034 0.030 0.000 0.000 -0.019 -0.031 -0.044 0.000 -0.139 0.013 0.016 -0.025 -0.032 -0.030 -0.027 0.000 -0.032 0.000 0.000 0.000
-0.005 -0.020 -0.024 -0.028 -0.044 0.000 0.000 0.000 0.010 0.019 0.019 0.016 0.008 -0.018 -0.025 -0.030 -0.031 0.000 -0.032 -0.021 0.006 -0.060 -0.031 -0.034 -0.047 -0.050 -0.054 -0.059 -0.061 -0.060 -0.063 -0.058 0.000 -0.057 -0.042 -0.036 -0.023 -0.011 -0.020 -0.030 -0.042 -0.045 -0.015 0.000 0.014 0.079 0.020 -0.032 -0.043 -0.040 -0.009 0.018 0.020 0.016 0.016 0.006 0.032 0.037 0.000 0.000 -0.029 -0.036 -0.052 -0.050 -0.099 -0.033 -0.028 -0.030 -0.023 -0.020 -0.015 0.000 0.000 0.000 0.000
-0.022 -0.016 -0.019 -0.030 -0.034 0.013 0.028 0.000 0.000 0.021 0.009 -0.011 -0.017 -0.017 -0.022 -0.024 -0.020 -0.021 -0.020 0.014 -0.024 -0.037 -0.037 -0.045 -0.053 -0.056 -0.061 -0.065 -0.067 -0.070 0.000 0.000 0.000 0.000 0.000 -0.039 -0.017 0.021 0.015 -0.005 0.000 -0.025 0.000 -0.011 -0.026 -0.085 0.033 -0.025 -0.044 -0.044 -0.037 -0.023 0.014 0.016 0.014 0.008 -0.007 0.022 0.027 0.018 -0.016 0.000 -0.032 -0.044 -0.085 -0.082 0.000 0.000 0.000 -0.025 -0.005 0.000 0.000 0.000 0.000
-0.024 -0.023 -0.020 -0.022 -0.024 0.003 0.000 0.037 0.000 0.059 -0.008 0.000 -0.012 0.000 -0.018 -0.009 -0.001 0.000 0.000 -0.013 -0.030 -0.027 0.000 -0.040 -0.047 0.000 -0.058 0.000 0.000 0.000 -0.066 -0.063 0.000 0.000 0.000 -0.019 0.015 0.028 0.033 0.013 0.013 0.020 -0.002 -0.015 -0.010 -0.017 0.031 0.007 -0.046 -0.050 -0.044 -0.022 -0.015 0.027 0.035 -0.009 -0.022 0.018 0.038 0.000 0.041 0.000 -0.017 0.000 -0.034 -0.070 0.000 0.000 0.000 0.000 0.000 0.000 0.000 0.000 0.000
0.000 -0.027 -0.017 0.000 -0.025 -0.031 0.001 0.004 0.046 0.074 0.018 0.000 0.011 0.000 0.018 0.024 0.001 0.000 -0.008 -0.012 -0.030 -0.012 -0.009 0.000 0.000 -0.037 -0.042 -0.049 -0.049 -0.044 0.000 0.000 0.000 0.000 0.000 0.020 0.020 0.022 0.009 0.013 0.000 0.018 -0.016 -0.018 -0.028 -0.038 -0.045 -0.078 -0.060 -0.054 -0.058 -0.013 -0.006 0.024 0.045 0.020 0.021 0.034 0.041 0.043 0.000 0.043 0.025 0.000 0.000 -0.022 -0.019 0.032 0.033 0.000 0.000 0.000 0.000 0.000 0.000
-0.030 -0.020 -0.013 0.000 -0.016 -0.030 -0.044 0.001 0.005 0.034 0.030 0.023 0.018 0.020 0.022 0.029 0.011 0.000 0.015 0.010 -0.013 0.015 0.023 0.000 0.000 0.008 0.000 0.000 0.000 0.000 -0.005 0.000 0.035 0.000 0.038 0.032 0.028 0.002 0.006 0.012 0.021 -0.008 -0.008 -0.012 -0.031 -0.038 -0.030 -0.050 -0.056 -0.063 -0.068 -0.008 0.011 0.019 0.021 0.014 0.032 0.054 0.042 -0.038 0.019 0.000 0.000 0.000 0.000 -0.050 0.000 -0.043 0.018 0.000 0.000 0.000 0.000 0.000 0.000
-0.026 0.000 -0.002 0.013 0.013 0.000 -0.075 0.001 0.001 0.004 0.013 0.033 0.027 0.018 0.024 0.027 0.019 0.024 0.028 0.024 0.023 0.024 0.030 0.000 0.036 0.000 0.000 0.000 0.000 0.000 0.000 0.041 0.040 0.041 0.041 0.040 0.033 0.000 0.000 0.060 0.023 -0.004 -0.002 -0.030 -0.028 -0.033 -0.028 -0.051 -0.066 -0.048 -0.044 -0.047 -0.016 -0.003 0.001 -0.002 -0.005 -0.044 -0.050 -0.055 -0.036 0.029 0.041 0.043 0.000 0.000 0.000 0.000 0.000 0.000 0.000 0.000 0.000 0.000 0.000
-0.015 0.000 0.011 -0.028 0.011 0.000 -0.072 -0.086 0.004 0.002 0.004 0.028 0.037 0.024 0.024 0.025 0.024 0.000 0.032 0.028 0.039 0.031 0.040 0.042 0.000 0.052 0.052 0.050 0.050 0.000 0.050 0.000 0.048 0.050 0.052 0.047 0.039 0.003 0.000 0.026 -0.001 -0.002 -0.036 0.000 0.000 -0.042 -0.036 -0.051 -0.049 -0.059 -0.076 -0.073 -0.032 -0.026 -0.004 -0.004 -0.081 -0.044 -0.021 -0.013 -0.022 -0.037 -0.037 0.027 0.043 0.000 0.000 0.000 0.000 0.000 0.000 0.000 0.000 0.000 0.000
0.011 0.019 0.018 -0.043 -0.072 -0.056 0.000 -0.034 -0.028 0.004 0.003 0.009 0.031 0.036 0.031 0.023 0.020 0.023 0.011 0.003 0.012 0.023 0.027 0.044 0.046 0.048 0.000 0.000 0.056 0.055 0.000 0.057 0.056 0.054 0.045 0.009 -0.010 0.000 0.014 -0.005 -0.026 -0.045 -0.065 -0.067 -0.068 -0.064 -0.052 -0.050 -0.044 -0.069 -0.080 -0.056 -0.045 -0.042 -0.058 -0.088 -0.132 -0.035 0.012 0.020 0.011 -0.015 -0.027 -0.032 0.021 0.034 0.000 0.000 0.000 0.000 0.000 0.000 0.000 0.000 0.000
0.018 0.020 -0.038 0.000 -0.052 -0.040 -0.026 -0.022 -0.034 0.006 0.006 0.004 0.008 0.033 0.032 0.016 -0.003 -0.002 0.003 0.001 0.002 0.001 0.000 0.030 0.034 0.043 0.049 0.057 0.000 0.000 0.062 0.000 0.054 0.044 0.007 0.019 0.013 0.018 -0.021 -0.038 -0.048 -0.056 -0.064 0.000 0.000 -0.069 0.000 -0.061 -0.048 -0.045 -0.078 -0.053 -0.041 -0.048 0.000 -0.038 -0.110 -0.018 0.021 0.029 0.026 0.021 0.020 -0.022 -0.023 0.013 0.000 0.000 0.000 0.000 0.000 0.000 0.000 0.000 0.000
0.021 -0.018 -0.018 -0.015 -0.023 -0.019 -0.014 -0.020 -0.033 -0.043 -0.033 0.008 0.005 0.017 0.033 0.012 -0.015 -0.017 0.034 0.003 0.005 -0.007 0.000 -0.001 0.044 0.052 0.049 0.045 0.051 0.059 0.054 0.045 0.037 0.001 0.002 0.019 0.040 0.006 -0.034 -0.030 -0.034 0.000 0.000 0.000 -0.055 0.000 -0.072 -0.070 -0.058 -0.046 -0.075 -0.064 -0.032 0.000 -0.039 0.000 -0.040 -0.010 -0.003 0.021 0.033 0.032 0.014 0.000 -0.022 0.000 0.000 0.000 0.000 0.000 0.000 0.000 0.000 0.000 0.000
-0.024 -0.019 0.000 -0.021 -0.039 -0.024 0.000 -0.028 -0.031 -0.032 -0.037 -0.036 0.017 0.014 0.025 0.018 0.012 0.014 0.082 -0.006 -0.003 0.011 0.000 0.016 0.036 0.040 0.050 0.041 0.040 0.000 0.039 0.037 0.017 0.000 -0.009 0.059 0.013 -0.014 0.010 0.024 0.000 -0.019 0.000 0.000 0.000 0.000 0.000 -0.065 0.000 0.000 -0.040 -0.070 -0.025 -0.028 -0.011 0.000 -0.011 -0.003 -0.003 -0.001 0.037 -0.022 0.000 -0.033 0.000 0.000 0.000 0.000 0.000 0.000 0.000 0.000 0.000 0.000 0.000
-0.012 -0.010 -0.015 -0.019 -0.035 -0.024 -0.016 0.000 -0.022 -0.026 -0.034 -0.045 -0.039 0.038 0.023 0.024 0.028 0.000 0.140 0.009 -0.010 0.016 0.000 0.000 0.000 0.000 0.002 0.037 0.035 0.038 0.036 0.037 0.037 0.000 0.016 0.011 0.004 0.015 0.029 0.022 0.000 0.041 0.047 0.051 0.050 0.000 0.000 0.000 -0.053 -0.047 -0.034 -0.054 -0.019 0.000 0.028 0.024 -0.003 -0.001 -0.001 -0.001 0.019 -0.027 -0.033 0.000 0.000 0.000 0.000 0.000 0.000 0.000 0.000 0.000 0.000 0.000 0.000
0.010 0.012 0.000 -0.018 -0.023 0.005 0.023 0.000 0.007 -0.021 -0.026 -0.035 -0.036 -0.037 0.105 0.037 0.000 0.073 0.101 0.025 0.014 0.000 0.000 0.000 0.000 -0.000 -0.000 0.017 0.024 0.029 0.026 0.041 0.028 0.016 0.014 0.003 0.002 0.004 0.028 0.025 0.032 0.043 0.052 0.000 0.060 0.000 0.000 0.018 -0.009 0.000 -0.031 -0.039 -0.021 -0.025 -0.030 -0.000 -0.001 -0.001 -0.001 -0.001 -0.002 0.000 0.000 0.000 0.000 0.000 0.000 0.000 0.000 0.000 0.000 0.000 0.000 0.000 0.000
0.029 0.008 -0.007 0.000 0.000 0.000 0.033 0.026 0.017 0.000 -0.021 -0.027 -0.022 -0.033 -0.034 -0.023 -0.011 0.058 0.060 0.024 0.024 0.000 -0.015 0.001 -0.000 -0.000 -0.000 0.002 0.002 -0.002 -0.001 -0.010 0.015 0.000 0.003 0.002 0.001 0.001 0.025 0.036 0.041 0.047 0.052 0.060 0.000 0.070 0.066 0.000 0.042 0.000 0.000 -0.041 -0.015 0.000 0.000 -0.038 -0.001 -0.003 -0.031 -0.042 -0.040 -0.041 0.000 0.000 0.000 0.000 0.000 0.000 0.000 0.000 0.000 0.000 0.000 0.000 0.000
0.040 -0.008 -0.003 0.000 0.000 0.022 0.039 0.026 0.019 0.000 0.000 -0.017 0.000 -0.025 0.000 -0.024 -0.030 -0.031 -0.036 -0.082 0.016 0.019 -0.003 -0.018 -0.011 -0.001 -0.001 -0.000 0.000 -0.018 -0.020 0.000 0.013 0.005 0.002 0.001 0.001 0.001 0.000 0.023 0.039 0.051 0.056 0.060 0.058 0.061 0.000 0.061 0.051 0.000 0.000 -0.039 -0.007 0.000 -0.027 -0.046 -0.077 -0.059 -0.046 -0.055 -0.044 0.000 0.000 0.000 0.000 0.000 0.000 0.000 0.000 0.000 0.000 0.000 0.000 0.000 0.000
0.025 0.011 0.020 0.000 0.027 0.025 0.040 0.024 0.019 0.019 0.000 0.012 0.000 0.000 0.000 0.008 -0.020 -0.034 -0.050 -0.025 -0.072 0.015 0.019 0.001 0.000 -0.017 -0.001 -0.002 0.000 0.000 0.000 -0.005 0.005 0.004 0.002 0.001 0.001 0.000 -0.002 0.028 0.038 0.046 0.052 0.056 0.052 0.054 0.000 0.000 0.053 0.000 0.043 0.028 -0.015 -0.013 -0.020 -0.035 -0.121 -0.076 -0.042 -0.048 0.000 0.000 0.000 0.000 0.000 0.000 0.000 0.000 0.000 0.000 0.000 0.000 0.000 0.000 0.000
0.041 0.025 0.027 0.028 0.027 0.025 0.046 0.024 0.013 0.013 0.024 0.000 0.004 0.000 0.027 -0.005 -0.017 -0.029 -0.038 -0.026 -0.031 -0.062 -0.028 0.003 -0.008 -0.015 -0.001 -0.000 -0.001 0.000 0.000 0.020 0.008 0.003 0.001 0.001 0.000 -0.000 -0.003 0.001 0.002 0.000 -0.001 0.034 0.041 0.047 0.044 0.000 0.000 0.041 0.035 0.027 -0.021 -0.028 -0.028 -0.039 -0.108 -0.092 0.000 -0.045 -0.043 0.000 0.000 0.000 0.000 0.000 0.000 0.000 0.000 0.000 0.000 0.000 0.000 0.000 0.000
0.035 0.084 0.028 0.025 0.024 0.042 0.054 0.035 0.000 0.006 0.034 0.000 0.000 0.030 0.039 0.026 -0.019 -0.032 -0.033 -0.032 -0.036 -0.045 -0.056 -0.022 -0.009 -0.013 -0.000 -0.000 -0.001 0.006 0.000 0.014 0.010 0.003 0.001 0.000 0.000 -0.000 -0.000 -0.000 0.000 -0.000 -0.001 -0.004 0.035 0.027 0.027 0.039 0.042 0.056 -0.039 -0.031 -0.039 -0.036 -0.030 -0.038 -0.081 -0.098 0.000 0.000 0.000 0.000 0.000 0.000 0.000 0.000 0.000 0.000 0.000 0.000 0.000 0.000 0.000 0.000 0.000
0.058 0.089 0.030 0.025 0.045 0.061 0.086 0.049 0.000 0.025 0.046 0.045 0.045 0.000 0.033 -0.020 -0.022 -0.028 0.000 -0.031 -0.032 -0.040 -0.042 -0.039 -0.023 0.000 0.000 0.001 0.008 0.006 0.004 0.002 0.002 0.001 0.000 -0.000 -0.000 -0.000 -0.000 0.000 -0.000 -0.000 -0.001 -0.004 0.041 0.023 0.045 0.077 0.059 -0.039 -0.038 -0.044 -0.053 -0.051 -0.036 -0.034 -0.028 -0.029 0.000 -0.024 0.000 0.000 0.000 0.000 0.000 0.000 0.000 0.000 0.000 0.000 0.000 0.000 0.000 0.000 0.000
0.034 0.009 0.005 0.013 0.020 0.012 0.017 0.027 0.027 0.000 0.040 0.049 0.033 0.017 0.019 -0.021 -0.024 -0.027 -0.022 -0.021 -0.024 -0.032 -0.032 -0.027 0.000 -0.018 -0.018 -0.010 0.026 0.012 0.014 -0.000 -0.006 -0.002 -0.001 -0.000 -0.000 -0.000 0.000 0.001 -0.000 -0.001 -0.002 -0.002 0.018 -0.026 -0.015 0.023 -0.034 -0.032 -0.032 -0.041 -0.048 -0.050 -0.047 -0.042 -0.034 -0.002 0.005 0.000 0.000 0.000 0.000 0.000 0.000 0.000 0.000 0.000 0.000 0.000 0.000 0.000 0.000 0.000 0.000
0.000 0.001 0.001 0.000 0.000 0.000 0.001 -0.001 0.013 0.019 0.026 -0.040 0.005 0.002 -0.012 -0.020 -0.019 -0.016 -0.017 -0.020 -0.019 -0.017 -0.009 -0.009 0.000 0.011 -0.013 0.012 0.054 0.007 -0.021 -0.024 -0.023 -0.007 -0.001 -0.001 -0.000 -0.000 0.000 0.003 -0.004 -0.008 -0.011 -0.009 -0.050 -0.056 -0.059 -0.055 -0.034 -0.028 -0.031 -0.037 -0.041 -0.041 -0.046 -0.048 -0.043 -0.060 0.000 0.000 0.000 0.000 0.000 0.000 0.000 0.000 0.000 0.000 0.000 0.000 0.000 0.000 0.000 0.000 0.000
0.000 0.000 0.001 0.001 0.000 0.000 0.001 -0.022 0.000 0.000 -0.026 0.000 0.050 -0.019 -0.034 0.000 -0.022 -0.015 -0.006 -0.015 -0.017 -0.008 0.021 0.004 0.014 0.013 0.007 -0.017 0.100 0.001 -0.021 0.000 0.000 -0.032 -0.002 -0.001 -0.001 -0.000 -0.000 0.001 -0.003 -0.037 -0.070 -0.074 -0.047 -0.049 -0.050 -0.040 -0.018 -0.030 -0.041 -0.052 0.000 0.000 0.000 -0.049 -0.063 0.000 0.000 0.000 0.000 0.000 0.000 0.000 0.000 0.000 0.000 0.000 0.000 0.000 0.000 0.000 0.000 0.000 0.000
0.000 0.000 0.002 -0.015 0.000 -0.001 -0.023 -0.021 -0.018 -0.010 0.012 0.000 0.071 -0.020 0.000 -0.020 0.000 0.004 0.023 0.025 0.014 0.010 0.043 -0.006 0.000 -0.004 -0.006 -0.010 0.161 0.024 -0.012 -0.025 -0.023 -0.025 -0.003 -0.001 -0.001 -0.001 -0.000 -0.001 0.009 0.006 -0.069 -0.081 0.000 -0.023 -0.018 -0.034 -0.035 -0.043 -0.046 0.000 -0.053 0.000 -0.043 -0.045 -0.055 0.000 0.000 0.000 0.000 0.000 0.000 0.000 0.000 0.000 0.000 0.000 0.000 0.000 0.000 0.000 0.000 0.000 0.000
0.000 0.000 -0.000 -0.022 -0.027 -0.039 -0.025 0.000 0.006 0.017 0.029 0.012 0.006 0.023 0.000 0.030 0.000 0.025 0.027 0.042 0.000 0.029 0.055 0.022 0.000 0.014 -0.006 -0.005 0.071 0.111 0.021 0.000 0.000 0.000 0.000 -0.002 -0.001 -0.001 -0.000 -0.000 0.000 -0.015 -0.077 -0.089 0.000 0.030 0.020 -0.040 -0.050 -0.052 -0.052 0.000 0.020 0.000 0.024 -0.032 -0.039 0.000 0.000 0.000 0.000 0.000 0.000 0.000 0.000 0.000 0.000 0.000 0.000 0.000 0.000 0.000 0.000 0.000 0.000
0.000 0.000 -0.019 -0.019 -0.024 -0.024 -0.015 0.000 0.000 0.023 0.027 0.002 0.001 0.019 0.038 0.033 0.025 0.000 0.025 0.038 0.038 0.024 0.034 0.009 0.000 0.020 0.016 0.010 -0.115 -0.134 0.007 0.016 0.000 -0.019 0.000 0.000 -0.025 -0.003 -0.000 0.000 -0.022 -0.036 -0.037 -0.034 -0.032 -0.066 -0.049 -0.061 -0.073 -0.063 -0.037 0.000 0.000 0.027 0.000 -0.024 0.000 0.000 0.000 0.000 0.000 0.000 0.000 0.000 0.000 0.000 0.000 0.000 0.000 0.000 0.000 0.000 0.000 0.000 0.000
0.000 0.000 -0.017 -0.017 -0.019 -0.019 -0.010 0.018 0.027 0.038 0.008 0.001 0.001 -0.001 0.023 0.030 0.025 0.027 0.027 0.032 0.044 -0.022 0.000 -0.010 0.023 0.017 -0.075 -0.022 -0.041 -0.087 -0.089 0.013 0.017 0.021 -0.008 -0.044 0.000 -0.047 -0.056 -0.048 -0.055 0.000 -0.043 0.000 0.000 -0.093 -0.074 -0.065 -0.074 -0.062 0.022 0.038 0.000 -0.018 -0.019 -0.024 0.000 0.000 0.000 0.000 0.000 0.000 0.000 0.000 0.000 0.000 0.000 0.000 0.000 0.000 0.000 0.000 0.000 0.000 0.000
-0.000 -0.000 -0.019 -0.017 -0.017 -0.017 0.000 0.027 0.041 -0.156 -0.006 -0.002 -0.001 -0.002 -0.004 0.028 0.026 0.028 0.030 0.038 0.051 0.000 0.000 0.024 0.017 -0.007 -0.012 0.005 0.000 -0.023 -0.048 0.020 -0.017 0.009 0.012 0.000 -0.037 0.000 0.000 -0.046 0.000 0.000 0.005 0.000 -0.008 -0.051 -0.067 -0.078 -0.069 -0.047 0.016 0.012 0.000 0.014 0.000 0.000 0.000 0.000 0.000 0.000 0.000 0.000 0.000 0.000 0.000 0.000 0.000 0.000 0.000 0.000 0.000 0.000 0.000 0.000 0.000
-0.000 -0.000 0.000 -0.020 0.000 0.007 0.019 0.035 -0.021 -0.011 -0.006 -0.014 -0.031 -0.025 -0.023 -0.071 0.023 0.021 0.063 -0.017 -0.022 0.000 0.027 0.015 0.017 -0.003 -0.013 0.010 0.003 0.013 -0.020 -0.018 0.000 0.020 0.024 0.000 0.023 0.000 0.000 -0.005 0.000 0.000 0.033 0.031 0.023 -0.038 -0.055 -0.059 -0.050 -0.035 -0.037 -0.030 -0.027 -0.031 0.000 0.000 0.000 0.000 0.000 0.000 0.000 0.000 0.000 0.000 0.000 0.000 0.000 0.000 0.000 0.000 0.000 0.000 0.000 0.000 0.000
-0.028 -0.037 -0.030 -0.020 0.000 0.024 0.000 0.024 -0.007 -0.009 -0.028 0.000 -0.051 -0.049 0.000 0.000 -0.040 -0.034 -0.028 0.000 0.000 0.018 0.016 0.029 0.011 -0.010 -0.062 -0.076 0.000 0.007 -0.018 0.016 0.000 0.027 0.019 0.014 0.000 0.031 0.036 0.043 0.052 0.037 -0.045 -0.048 -0.039 -0.036 -0.038 -0.034 -0.032 -0.033 -0.038 -0.038 -0.036 -0.028 0.000 0.000 0.000 0.000 0.000 0.000 0.000 0.000 0.000 0.000 0.000 0.000 0.000 0.000 0.000 0.000 0.000 0.000 0.000 0.000 0.000
-0.044 -0.036 0.000 0.020 0.000 0.038 0.023 -0.022 -0.011 -0.015 0.000 -0.052 -0.037 0.000 0.000 0.000 -0.037 -0.043 -0.020 -0.011 0.000 0.058 0.017 0.013 -0.017 0.000 -0.036 -0.137 -0.125 0.009 -0.035 0.041 0.062 0.074 0.070 0.018 0.034 -0.012 -0.033 -0.036 -0.044 -0.053 -0.064 -0.041 -0.040 -0.041 -0.032 -0.022 -0.040 0.000 0.000 0.000 -0.046 0.000 0.000 0.000 0.000 0.000 0.000 0.000 0.000 0.000 0.000 0.000 0.000 0.000 0.000 0.000 0.000 0.000 0.000 0.000 0.000 0.000 0.000
0.000 0.000 0.000 0.000 0.051 0.058 0.000 -0.015 -0.014 -0.048 0.000 0.035 0.015 0.000 0.000 0.000 -0.022 -0.025 0.008 0.000 0.027 0.201 0.003 -0.035 -0.047 -0.036 -0.032 -0.033 -0.036 -0.097 -0.011 -0.009 0.048 0.044 0.088 0.062 -0.011 -0.029 -0.036 -0.040 -0.041 -0.059 -0.078 -0.040 -0.044 -0.047 -0.036 -0.035 -0.048 0.000 0.000 -0.031 -0.024 0.000 0.000 0.000 0.000 0.000 0.000 0.000 0.000 0.000 0.000 0.000 0.000 0.000 0.000 0.000 0.000 0.000 0.000 0.000 0.000 0.000 0.000
0.000 0.000 0.048 0.053 0.038 0.042 0.022 0.012 -0.019 -0.061 0.000 0.000 0.051 0.031 0.000 0.000 -0.007 -0.011 0.017 0.026 0.057 0.190 -0.020 -0.034 0.000 -0.035 0.000 -0.029 -0.062 -0.045 -0.033 -0.088 0.043 0.065 0.058 0.030 -0.014 -0.024 -0.030 -0.033 0.000 -0.036 -0.108 -0.045 -0.039 -0.039 -0.032 -0.037 0.000 0.000 0.007 0.030 0.000 0.000 0.000 0.000 0.000 0.000 0.000 0.000 0.000 0.000 0.000 0.000 0.000 0.000 0.000 0.000 0.000 0.000 0.000 0.000 0.000 0.000 0.000
