Project1/res/jiangbei-0001.Qx
ncols         320
nrows         411
xllcorner     657487.000000
yllcorner     3548067.000000
cellsize      10.000000
NODATA_value  -9999.000000
[rows 34 to 67 of 411, columns 75 to 149 of 320]
0.000 0.000 0.000 0.000 0.000 0.000 0.000 0.000 0.000 0.000 0.000 0.000 0.000 0.000 0.000 0.001 0.001 0.001 0.001 0.001 -0.001 -0.001 0.000 -0.001 -0.000 0.000 0.001 0.001 0.002 0.001 0.001 0.001 0.002 -0.000 -0.000 -0.000 0.000 0.000 -0.001 -0.001 -0.000 0.001 0.001 0.001 0.000 -0.000 -0.000 0.001 0.003 0.007 0.007 0.006 0.007 0.005 0.005 0.007 0.014 0.011 -0.002 -0.006 -0.005 -0.010 -0.019 -0.025 -0.029 -0.032 -0.035 -0.034 -0.032 -0.040 -0.034 -0.026 -0.035 -0.048 -0.069
0.000 0.000 0.000 0.000 0.000 0.000 0.000 0.000 0.000 0.000 0.000 0.000 0.000 0.000 0.000 -0.000 0.000 0.001 0.002 -0.003 -0.001 -0.000 -0.000 -0.000 -0.000 0.000 0.001 0.001 0.001 0.000 0.000 0.001 0.001 0.001 -0.000 0.000 0.001 -0.002 -0.002 -0.001 -0.000 0.001 0.001 0.001 -0.001 -0.001 -0.000 0.000 0.001 0.006 0.005 0.004 0.005 0.005 0.006 0.017 0.015 -0.002 -0.003 0.000 0.004 -0.000 -0.004 -0.005 -0.007 -0.010 -0.012 -0.015 -0.020 -0.028 -0.020 -0.012 -0.018 -0.022 -0.006
0.000 0.000 0.000 0.000 0.000 0.000 0.000 0.000 0.000 0.000 0.000 0.000 -0.001 -0.001 -0.001 -0.000 0.000 0.001 0.002 0.008 -0.001 -0.001 -0.000 0.000 -0.001 -0.000 0.000 0.001 0.001 0.001 0.001 0.001 0.001 0.001 0.002 0.002 0.002 -0.003 -0.002 -0.001 0.000 0.001 0.002 0.002 -0.002 -0.002 -0.001 0.000 0.001 0.002 0.008 0.012 0.009 0.006 0.011 0.013 -0.003 -0.003 -0.001 0.002 0.001 -0.001 -0.002 -0.004 -0.004 -0.005 -0.006 -0.008 -0.010 -0.011 -0.001 -0.002 -0.001 -0.003 -0.002
0.000 0.000 0.000 0.000 0.000 0.000 0.000 0.000 0.000 0.000 0.000 -0.002 -0.006 -0.003 -0.000 0.001 0.002 0.003 0.007 0.016 -0.002 -0.001 -0.001 -0.002 -0.001 -0.000 0.000 0.001 0.002 0.002 0.001 0.001 0.002 0.002 0.002 0.004 0.004 -0.002 -0.002 -0.001 0.000 0.001 0.002 0.003 -0.004 -0.003 -0.001 0.000 0.001 0.001 0.002 0.002 0.004 0.009 0.008 -0.005 -0.004 -0.002 0.001 0.001 -0.001 -0.002 -0.003 -0.003 -0.003 -0.004 -0.004 -0.005 -0.006 0.004 0.029 -0.004 -0.003 -0.002 -0.001
0.000 0.000 0.000 0.000 0.000 0.000 0.000 0.000 0.000 0.000 0.000 0.001 -0.001 -0.000 0.000 0.001 0.003 0.005 0.005 0.002 0.024 0.033 0.068 -0.002 -0.001 -0.000 0.000 0.002 0.004 0.003 0.002 0.002 0.003 0.003 0.001 0.002 0.003 0.026 0.035 0.037 0.033 0.026 0.014 -0.001 -0.007 -0.001 -0.001 0.000 0.000 0.000 -0.000 0.000 0.001 0.001 -0.002 -0.004 -0.004 -0.002 0.000 -0.001 -0.002 -0.002 -0.002 -0.002 -0.003 -0.003 -0.003 -0.004 -0.004 0.012 0.030 -0.004 -0.003 -0.002 -0.001
0.000 0.000 0.000 0.000 0.000 0.000 0.000 0.000 -0.001 -0.001 -0.000 0.001 -0.001 -0.001 -0.000 0.000 0.001 0.001 0.001 0.007 0.027 0.026 0.014 -0.002 -0.001 -0.000 0.000 0.001 0.004 0.012 0.017 0.025 0.031 0.030 0.016 0.011 0.008 0.028 0.038 0.041 0.037 0.030 0.019 0.007 -0.002 -0.001 -0.000 0.000 0.001 -0.000 -0.000 0.000 0.001 0.001 0.001 0.001 -0.001 0.001 -0.001 -0.001 -0.002 -0.001 -0.002 -0.001 -0.002 -0.003 -0.002 -0.002 0.004 0.022 -0.005 -0.004 -0.003 -0.002 -0.001
0.000 0.000 0.000 0.000 0.000 0.000 0.000 -0.003 -0.003 -0.003 -0.004 -0.006 -0.002 -0.001 0.000 0.001 0.001 0.001 0.001 0.001 0.001 0.001 -0.014 -0.032 -0.001 -0.001 -0.000 0.000 0.001 0.002 0.006 0.008 0.008 0.016 0.036 0.030 0.043 0.039 0.049 0.053 0.043 0.037 0.025 0.010 -0.001 -0.001 -0.000 0.000 0.001 -0.001 -0.001 -0.000 -0.000 0.000 0.001 0.001 0.001 -0.000 0.000 -0.001 -0.000 -0.001 -0.000 -0.000 -0.001 -0.001 -0.002 0.003 0.012 0.047 -0.006 -0.005 -0.004 -0.002 -0.001
0.000 0.000 0.000 0.000 0.000 0.000 -0.000 -0.006 -0.005 -0.005 -0.005 -0.004 -0.001 0.001 0.001 0.001 0.001 0.000 -0.000 -0.000 0.000 0.000 0.000 -0.024 -0.032 -0.021 -0.001 -0.000 0.000 0.001 0.001 -0.000 0.001 0.002 0.011 0.032 0.033 0.024 0.007 0.007 0.034 0.050 0.033 0.010 -0.001 -0.000 0.000 0.001 -0.004 -0.002 -0.001 -0.001 -0.000 -0.000 0.000 0.001 0.001 -0.001 -0.000 0.000 0.000 0.000 0.001 0.001 0.001 -0.001 0.003 0.010 0.073 0.001 -0.008 -0.006 -0.004 -0.003 -0.002
0.000 0.000 0.000 0.000 -0.002 -0.003 -0.015 -0.017 -0.011 -0.006 -0.004 -0.001 0.003 0.003 0.002 0.002 0.000 -0.002 -0.001 -0.000 0.000 0.000 -0.006 -0.012 -0.024 -0.029 -0.001 -0.001 -0.000 0.000 0.000 0.001 0.001 0.002 0.003 0.003 0.002 -0.000 0.001 0.001 0.003 0.018 0.048 0.015 -0.001 -0.000 0.000 0.000 -0.004 -0.003 -0.002 -0.002 -0.001 -0.001 -0.000 0.000 0.001 0.001 0.002 0.001 -0.000 0.001 0.000 -0.001 -0.000 0.001 0.008 0.073 -0.004 -0.006 -0.007 -0.007 -0.005 -0.004 -0.002
0.000 0.000 0.000 -0.001 -0.006 -0.009 -0.009 -0.003 -0.005 -0.005 0.004 0.014 0.022 0.028 0.021 0.011 -0.003 -0.002 -0.000 0.000 0.001 -0.006 -0.000 0.000 -0.001 0.001 -0.029 -0.001 -0.001 -0.000 0.000 0.000 0.001 0.002 0.002 0.001 0.001 0.001 0.001 0.001 0.003 0.006 0.038 0.056 0.032 -0.003 -0.004 -0.009 -0.005 -0.003 -0.003 -0.002 -0.002 -0.002 -0.001 -0.001 0.000 0.001 0.002 -0.017 -0.003 -0.001 -0.001 -0.000 0.000 0.001 0.063 -0.004 -0.004 -0.005 -0.006 -0.006 -0.006 -0.004 -0.003
0.000 0.000 -0.003 -0.006 -0.004 -0.000 -0.004 -0.002 -0.001 -0.000 -0.000 -0.000 0.001 0.002 0.015 0.033 -0.009 -0.001 -0.000 0.000 0.001 -0.003 -0.000 0.000 0.000 0.001 -0.006 -0.027 -0.012 -0.001 -0.000 0.000 0.001 0.001 0.001 0.001 0.001 0.001 0.001 0.001 0.005 0.011 0.017 0.068 0.076 0.054 0.020 -0.008 -0.005 -0.004 -0.005 -0.005 -0.006 -0.006 -0.003 -0.001 -0.000 0.001 0.001 0.002 -0.005 -0.001 -0.000 0.000 0.001 0.035 0.003 -0.003 -0.003 -0.003 -0.004 -0.005 -0.006 -0.005 -0.004
0.000 0.001 -0.006 -0.005 -0.001 0.001 -0.005 -0.002 -0.001 -0.001 -0.001 -0.001 0.000 0.001 0.001 0.001 -0.001 -0.001 0.001 0.001 0.002 -0.002 -0.001 -0.000 0.000 0.001 0.001 0.001 -0.007 -0.007 -0.002 -0.001 -0.000 0.000 0.001 0.001 0.001 0.000 0.001 0.001 0.012 0.020 0.018 0.035 0.043 0.036 0.019 -0.002 -0.007 -0.006 -0.005 -0.004 -0.003 -0.001 -0.001 -0.001 -0.000 0.000 0.001 0.002 0.002 0.000 -0.000 0.000 0.029 0.023 -0.004 -0.004 -0.003 -0.003 -0.003 -0.003 -0.004 -0.005 -0.005
0.001 -0.022 -0.033 -0.005 -0.001 0.001 -0.008 -0.003 -0.002 -0.001 -0.001 -0.001 -0.000 0.001 0.002 0.002 -0.001 0.001 0.003 0.003 0.004 -0.002 -0.001 -0.001 -0.001 -0.000 0.000 0.001 0.002 -0.002 -0.001 -0.001 -0.000 -0.000 0.000 0.001 0.011 0.028 0.030 0.034 0.035 0.032 0.018 0.015 0.026 0.026 0.022 0.023 -0.006 -0.006 -0.004 -0.003 -0.002 -0.001 -0.001 -0.001 -0.000 0.000 0.001 0.002 0.002 0.003 0.007 0.013 -0.010 -0.006 -0.003 -0.003 -0.003 -0.002 -0.002 -0.002 -0.003 -0.005 -0.005
-0.042 -0.070 -0.044 -0.061 -0.055 -0.034 -0.006 -0.002 -0.001 -0.001 -0.001 -0.001 0.000 0.000 0.001 0.009 0.002 -0.000 0.000 0.023 0.028 0.030 -0.002 -0.001 -0.001 -0.000 0.000 0.000 0.000 0.001 0.001 0.009 0.004 0.002 0.002 0.007 0.021 0.032 0.054 0.062 0.052 0.039 0.029 0.013 0.019 0.021 0.019 0.013 -0.005 -0.004 -0.003 -0.003 -0.002 -0.002 -0.001 -0.001 -0.001 -0.000 0.000 0.001 0.002 0.002 0.002 0.001 0.001 0.002 -0.002 -0.002 -0.002 -0.002 -0.004 -0.005 -0.006 -0.006 -0.005
-0.021 -0.002 -0.001 -0.000 0.000 -0.012 -0.003 -0.002 -0.002 -0.002 -0.002 -0.002 -0.000 0.000 0.001 0.002 0.094 0.028 0.023 0.043 0.056 0.041 0.030 -0.002 -0.001 -0.001 -0.000 -0.001 -0.000 0.000 0.001 0.002 0.014 0.022 0.029 0.032 0.019 0.017 0.016 0.011 0.011 0.015 0.027 0.012 0.017 0.019 0.019 0.017 0.013 -0.004 -0.003 -0.003 -0.002 -0.002 -0.002 -0.001 -0.001 -0.000 0.000 0.000 0.001 0.001 0.001 0.001 0.001 -0.001 -0.001 -0.002 -0.003 -0.004 -0.006 -0.006 -0.004 -0.003 -0.003
0.008 -0.001 -0.001 -0.000 0.000 0.001 -0.004 -0.004 -0.004 -0.004 -0.004 -0.002 -0.001 0.001 0.002 0.002 0.004 0.081 0.088 0.055 0.045 0.049 0.030 -0.001 -0.000 -0.001 -0.001 -0.001 -0.000 0.000 0.001 0.002 0.002 0.003 0.006 0.006 0.005 0.012 -0.000 0.000 0.001 0.003 0.012 0.013 0.017 0.020 0.021 0.022 0.031 0.019 0.000 -0.004 -0.003 -0.003 -0.002 -0.001 -0.001 -0.001 -0.001 -0.000 0.000 0.001 0.001 0.001 0.001 -0.016 -0.002 -0.003 -0.004 -0.005 -0.005 -0.003 -0.002 -0.001 -0.002
0.012 0.001 -0.001 -0.000 0.000 0.001 -0.002 -0.005 -0.005 -0.004 -0.002 -0.001 0.000 0.001 0.002 0.002 0.002 0.002 0.004 0.007 0.007 0.031 0.030 0.043 0.015 0.003 -0.003 -0.002 -0.001 -0.000 0.000 0.000 0.001 0.002 0.003 0.004 0.004 -0.002 -0.000 0.000 0.001 0.001 0.002 0.013 0.019 0.022 0.022 0.021 0.019 0.011 0.004 -0.005 -0.004 -0.003 -0.002 -0.001 -0.003 -0.003 -0.003 -0.001 0.000 0.001 0.001 0.001 0.002 -0.006 -0.026 -0.016 -0.006 -0.005 -0.004 -0.003 -0.002 -0.001 -0.001
0.012 0.026 -0.001 -0.001 0.000 0.000 0.000 -0.004 -0.005 -0.004 -0.002 -0.001 -0.000 0.000 0.001 0.001 0.001 0.001 0.006 0.005 0.004 0.006 0.015 0.020 0.016 0.006 -0.004 -0.002 -0.001 -0.001 -0.000 0.000 0.001 0.002 0.004 0.003 0.002 -0.003 -0.000 0.000 0.000 0.002 0.001 0.016 0.025 0.026 0.024 0.020 0.012 0.001 -0.009 -0.016 -0.021 -0.016 -0.001 0.001 -0.009 -0.004 -0.001 -0.001 0.000 0.001 0.001 0.002 -0.000 -0.000 0.000 -0.005 -0.008 -0.005 -0.004 -0.003 -0.002 -0.002 -0.001
0.008 0.013 0.013 -0.001 -0.000 0.001 0.001 0.001 -0.003 -0.002 -0.001 -0.001 -0.000 -0.000 0.000 0.001 0.001 0.004 0.005 0.004 0.003 -0.003 0.003 0.007 0.006 0.001 -0.007 -0.003 -0.002 -0.001 -0.000 0.000 0.001 0.001 -0.000 0.000 0.001 -0.004 -0.000 0.000 0.001 0.004 0.014 0.025 0.040 0.033 0.028 0.022 0.009 -0.010 -0.024 -0.031 -0.031 -0.025 -0.014 -0.010 -0.001 -0.001 -0.001 -0.000 0.000 0.000 0.001 0.002 -0.001 -0.000 -0.000 0.000 -0.002 -0.000 0.000 -0.003 -0.003 -0.002 -0.002
0.005 0.007 0.008 -0.001 -0.001 0.001 0.002 0.005 -0.003 -0.002 -0.001 -0.001 -0.001 -0.000 0.000 0.001 0.002 0.002 0.002 0.001 0.002 -0.020 -0.008 -0.002 -0.000 -0.001 -0.003 -0.003 -0.002 -0.001 -0.001 -0.000 0.000 0.001 -0.001 -0.000 0.000 0.001 -0.001 0.001 0.004 0.012 0.013 0.007 0.005 0.038 0.035 0.033 0.010 -0.024 -0.048 -0.052 -0.046 -0.037 -0.032 -0.010 -0.001 -0.001 -0.001 -0.001 -0.000 0.000 0.001 0.002 0.001 -0.002 -0.001 -0.000 0.001 0.003 0.004 0.004 -0.003 -0.002 -0.002
0.003 0.003 0.002 -0.002 -0.000 0.000 0.002 -0.005 -0.003 -0.003 -0.002 -0.002 -0.001 -0.001 -0.000 0.001 0.001 0.001 0.001 0.001 -0.005 -0.016 -0.012 -0.006 -0.003 -0.002 -0.002 -0.003 -0.003 -0.002 -0.002 -0.001 -0.000 0.000 -0.000 -0.000 0.000 0.001 -0.001 0.003 0.004 0.006 -0.000 0.000 0.001 0.001 0.040 0.063 0.033 -0.057 -0.092 -0.082 -0.064 -0.045 -0.025 -0.003 -0.003 -0.002 -0.001 -0.001 -0.001 0.000 0.001 0.002 -0.004 -0.005 -0.002 -0.000 0.000 0.001 0.007 0.008 0.010 -0.003 -0.002
0.004 0.001 -0.001 -0.001 -0.000 0.000 0.001 -0.007 -0.006 -0.006 -0.004 -0.003 -0.002 -0.001 -0.001 0.000 0.002 0.003 0.006 -0.082 -0.062 -0.030 -0.016 -0.009 -0.005 -0.003 -0.003 -0.004 -0.003 -0.003 -0.003 -0.002 -0.000 0.000 0.000 -0.000 0.000 0.001 0.001 0.002 0.002 -0.000 -0.000 -0.000 0.000 0.001 0.001 0.018 0.120 -0.152 -0.179 -0.122 -0.085 -0.052 -0.021 -0.002 -0.001 -0.001 0.000 -0.004 -0.012 -0.024 -0.040 -0.036 -0.013 -0.001 -0.001 -0.000 -0.000 0.000 0.001 0.008 0.015 0.016 -0.003
0.010 -0.002 -0.006 -0.001 -0.000 0.001 -0.026 -0.019 -0.021 -0.014 -0.010 -0.010 -0.012 -0.008 -0.003 -0.000 0.001 0.002 0.002 -0.041 -0.037 -0.024 -0.015 -0.008 -0.004 -0.002 -0.004 -0.004 -0.003 -0.002 -0.002 -0.001 -0.000 0.000 0.000 -0.001 -0.000 0.000 0.001 0.001 0.001 -0.002 -0.001 -0.001 -0.000 0.000 0.001 0.001 0.002 -0.498 -0.159 -0.124 -0.101 -0.075 -0.046 -0.002 -0.001 0.000 0.001 -0.013 -0.022 -0.020 -0.001 0.000 -0.000 -0.001 -0.001 -0.001 -0.000 0.000 0.000 0.000 0.005 0.022 0.022
0.001 -0.014 -0.020 -0.022 -0.030 -0.041 -0.029 -0.022 -0.009 -0.005 -0.006 -0.005 -0.002 -0.001 -0.001 -0.000 0.000 0.001 0.001 -0.027 -0.021 -0.015 -0.010 -0.005 -0.001 0.002 0.008 -0.003 -0.001 0.000 -0.001 -0.000 0.000 0.001 0.000 -0.001 -0.001 0.000 0.000 0.001 0.002 0.002 0.003 -0.001 -0.001 -0.000 -0.000 0.000 0.001 0.001 -0.217 -0.149 -0.122 -0.106 -0.084 -0.047 -0.002 -0.002 -0.007 -0.019 -0.008 -0.001 -0.000 0.000 0.000 -0.001 -0.001 -0.001 -0.001 -0.001 -0.001 -0.000 0.000 0.001 0.029
-0.003 -0.034 -0.038 -0.037 -0.039 -0.036 -0.029 -0.020 -0.006 -0.008 -0.005 -0.003 -0.001 -0.001 -0.000 -0.000 0.000 0.001 0.001 -0.001 -0.006 -0.006 -0.004 -0.002 0.002 0.006 0.009 0.005 -0.001 0.001 -0.001 -0.000 0.000 0.001 -0.004 -0.002 -0.001 -0.001 -0.000 0.000 0.001 0.001 0.004 -0.001 -0.001 0.000 0.000 0.000 0.000 0.001 0.001 -0.114 -0.130 -0.136 -0.153 -0.192 -0.165 -0.123 -0.092 -0.045 -0.010 -0.001 -0.000 0.000 0.001 -0.001 -0.002 -0.002 -0.002 -0.002 -0.002 -0.001 -0.000 0.000 0.006
-0.081 -0.082 -0.059 -0.047 -0.041 -0.034 -0.018 -0.004 -0.003 -0.002 -0.003 -0.002 -0.001 -0.001 -0.001 -0.000 0.000 0.001 0.001 0.003 0.002 0.002 -0.000 0.001 0.004 0.009 0.014 0.022 0.017 0.005 0.002 -0.000 0.000 -0.008 -0.004 -0.002 -0.001 -0.001 -0.001 -0.000 -0.000 0.000 0.001 0.017 0.002 0.002 -0.001 -0.000 0.000 0.001 0.001 -0.043 -0.149 -0.140 -0.144 -0.147 -0.131 -0.105 -0.082 -0.060 -0.050 -0.001 -0.001 0.000 0.001 -0.002 -0.002 -0.003 -0.003 -0.003 -0.002 -0.000 0.000 0.002 -0.000
-0.062 -0.035 -0.019 -0.013 -0.009 -0.008 -0.006 -0.004 -0.002 -0.004 -0.003 -0.002 -0.001 -0.001 -0.001 0.000 0.001 0.002 0.007 0.006 0.010 0.001 0.000 0.001 0.005 0.011 0.017 0.026 0.018 0.003 -0.005 -0.011 -0.017 -0.015 -0.020 -0.008 -0.003 -0.002 -0.002 -0.001 -0.001 -0.000 0.001 0.002 0.009 0.010 0.018 -0.001 -0.000 0.000 0.000 0.001 0.001 -0.131 -0.138 -0.121 -0.104 -0.086 -0.071 -0.062 -0.062 -0.079 -0.059 -0.040 -0.014 -0.005 -0.005 -0.004 -0.004 -0.003 -0.001 -0.000 0.000 0.001 -0.001
-0.040 -0.001 -0.001 -0.000 0.000 0.001 -0.004 -0.008 -0.011 -0.008 -0.011 -0.014 -0.010 -0.006 -0.002 0.001 0.004 0.007 0.006 0.005 -0.001 -0.001 0.000 0.001 0.001 0.003 0.004 0.004 0.024 -0.005 -0.013 -0.015 -0.015 -0.014 -0.013 -0.022 -0.021 -0.015 -0.009 -0.005 -0.002 -0.000 0.000 0.002 -0.005 0.002 0.003 0.026 -0.001 -0.000 0.000 0.000 0.001 0.004 -0.095 -0.094 -0.078 -0.063 -0.055 -0.054 -0.058 -0.063 -0.060 -0.060 -0.064 -0.052 -0.022 -0.006 -0.004 -0.002 -0.001 -0.001 -0.000 0.000 -0.001
-0.031 -0.001 -0.001 -0.000 0.000 0.000 -0.000 -0.000 0.000 -0.003 -0.004 -0.002 -0.002 -0.002 -0.001 -0.001 0.000 0.001 0.001 0.002 -0.002 -0.001 0.000 0.001 0.001 0.003 0.003 0.003 0.003 -0.036 -0.028 -0.020 -0.015 -0.012 -0.008 -0.005 -0.005 -0.004 -0.002 -0.001 -0.001 -0.001 0.001 0.002 0.002 0.002 0.003 0.003 0.031 0.009 -0.001 -0.000 0.000 0.006 0.017 -0.083 -0.050 -0.034 -0.032 -0.043 -0.052 -0.055 -0.058 -0.060 -0.056 -0.033 -0.021 -0.007 -0.004 -0.002 -0.002 -0.001 -0.000 0.000 -0.002
-0.026 -0.001 -0.000 0.000 0.001 -0.000 -0.000 0.000 0.001 0.002 -0.004 -0.002 -0.001 -0.001 -0.001 -0.001 -0.000 0.000 0.001 0.002 -0.002 -0.001 0.000 0.001 0.002 0.002 0.002 0.002 0.002 -0.099 -0.041 -0.022 -0.015 -0.010 -0.005 -0.004 -0.004 -0.004 -0.003 -0.002 -0.001 -0.000 0.001 -0.000 0.000 0.001 0.002 0.013 0.011 0.023 -0.001 -0.000 0.000 0.018 0.024 0.034 -0.004 0.010 0.002 -0.031 -0.053 -0.048 -0.057 -0.067 -0.063 -0.039 -0.027 -0.023 -0.005 -0.003 -0.002 -0.002 -0.002 -0.003 -0.002
-0.033 -0.017 -0.000 0.000 0.001 -0.007 -0.005 -0.004 -0.009 -0.010 -0.003 -0.002 -0.001 -0.001 -0.001 -0.000 -0.000 0.000 0.001 0.002 -0.003 -0.000 0.000 0.001 0.003 0.003 0.002 0.001 0.001 -0.001 -0.015 -0.014 -0.011 -0.008 -0.004 -0.002 -0.003 -0.004 -0.003 -0.002 -0.001 -0.000 -0.000 -0.000 0.000 0.000 0.002 0.016 0.035 0.052 0.102 0.096 0.068 0.051 0.027 0.036 0.093 0.058 -0.000 0.001 0.002 -0.025 -0.030 -0.032 -0.053 -0.043 -0.031 -0.028 -0.033 -0.026 -0.016 -0.003 -0.003 -0.004 -0.002
0.001 -0.037 -0.001 -0.000 -0.021 -0.021 -0.026 -0.026 -0.017 -0.005 0.017 -0.002 -0.002 -0.001 -0.001 -0.001 -0.000 0.000 0.000 0.001 0.001 0.001 0.004 0.007 0.008 0.007 0.005 0.004 0.003 0.001 -0.005 -0.007 -0.008 -0.007 -0.003 -0.005 -0.006 -0.007 -0.005 -0.004 -0.002 -0.001 -0.000 0.000 0.001 0.002 0.023 0.024 0.026 0.031 0.027 0.044 0.083 0.084 0.074 0.076 0.060 -0.000 0.000 0.001 0.001 0.001 0.001 0.002 0.002 -0.026 -0.026 -0.020 -0.021 -0.025 -0.030 -0.030 -0.007 -0.006 -0.004
0.002 -0.017 -0.043 -0.040 -0.030 -0.027 -0.031 -0.027 -0.021 -0.012 -0.006 -0.003 -0.003 -0.003 -0.003 -0.002 -0.001 -0.002 -0.000 0.000 0.001 0.002 0.007 0.014 0.016 0.020 0.022 0.017 0.012 0.014 0.003 -0.003 -0.006 -0.007 -0.006 -0.008 -0.012 -0.007 -0.007 -0.008 -0.009 -0.006 -0.002 0.005 0.014 0.026 0.018 0.016 0.009 0.007 0.007 0.006 0.009 0.022 0.043 0.032 -0.016 -0.001 -0.000 0.000 0.001 0.001 0.002 0.003 0.003 -0.011 -0.018 -0.012 -0.010 -0.010 -0.009 -0.012 -0.025 -0.016 -0.011
0.002 0.002 -0.020 -0.026 -0.030 -0.027 -0.017 -0.013 -0.012 -0.009 -0.010 -0.015 -0.008 -0.009 -0.009 -0.010 -0.006 -0.002 -0.000 0.000 0.001 0.002 0.003 0.006 0.004 0.004 0.008 0.016 0.013 0.013 0.004 -0.001 -0.006 -0.011 -0.021 -0.015 -0.010 -0.004 -0.002 -0.001 -0.001 -0.000 0.000 -0.000 -0.002 -0.003 -0.001 0.001 0.002 0.002 0.002 0.003 0.001 0.012 0.011 -0.007 -0.032 -0.001 -0.001 -0.000 0.000 0.001 0.002 0.002 0.003 -0.001 -0.010 -0.010 -0.008 -0.008 -0.003 -0.002 -0.002 -0.002 -0.002
