Project1/res/jiangbei.maxVx
ncols         320
nrows         411
xllcorner     657487.000000
yllcorner     3548067.000000
cellsize      10.000000
NODATA_value  -9999.000000
[rows 238 to 271 of 411, columns 0 to 76 of 320]
0.000 0.000 0.000 0.000 0.000 0.000 0.000 0.000 0.000 0.000 0.000 0.000 0.000 0.000 0.000 0.000 0.000 0.000 0.000 0.000 0.000 0.000 0.000 0.000 0.000 0.000 0.000 0.000 0.000 0.080 0.040 0.032 0.004 0.023 0.048 0.067 0.076 0.115 0.109 0.098 0.056 0.059 0.033 0.018 0.037 0.070 0.087 0.047 0.052 0.091 0.061 0.062 0.022 0.041 0.072 0.088 0.080 0.064 0.038 0.074 0.089 0.074 0.055 0.086 0.123 0.044 0.055 0.074 0.053 0.061 0.020 0.050 0.056 0.018 0.023 0.027 0.028
0.000 0.000 0.000 0.000 0.000 0.000 0.000 0.000 0.000 0.000 0.000 0.000 0.000 0.000 0.000 0.000 0.000 0.000 0.000 0.000 0.000 0.000 0.000 0.000 0.000 0.000 0.000 0.000 0.000 0.101 0.060 0.061 0.051 0.012 0.042 0.073 0.087 0.100 0.106 0.095 0.071 0.081 0.047 0.017 0.041 0.086 0.081 0.044 0.050 0.067 0.027 0.040 0.041 0.026 0.054 0.097 0.070 0.060 0.037 0.049 0.105 0.091 0.024 0.098 0.075 0.042 0.059 0.082 0.016 0.090 0.095 0.058 0.048 0.024 0.021 0.022 0.032
0.000 0.000 0.000 0.000 0.000 0.000 0.000 0.000 0.000 0.000 0.000 0.000 0.000 0.000 0.000 0.000 0.000 0.000 0.000 0.000 0.000 0.000 0.000 0.000 0.000 0.000 0.000 0.000 0.000 0.122 0.083 0.066 0.061 0.032 0.028 0.062 0.087 0.098 0.102 0.084 0.067 0.065 0.047 0.016 0.059 0.090 0.079 0.047 0.040 0.065 0.035 0.029 0.045 0.032 0.040 0.072 0.105 0.043 0.051 0.047 0.103 0.095 0.043 0.080 0.105 0.039 0.124 0.164 0.076 0.063 0.061 0.010 0.047 0.043 0.016 0.037 0.032
0.000 0.000 0.000 0.000 0.000 0.000 0.000 0.000 0.000 0.000 0.000 0.000 0.000 0.000 0.000 0.000 0.000 0.000 0.000 0.000 0.000 0.000 0.000 0.000 0.000 0.000 0.000 0.000 0.000 0.116 0.076 0.049 0.063 0.047 0.005 0.049 0.076 0.093 0.096 0.074 0.054 0.054 0.037 0.021 0.069 0.088 0.071 0.044 0.035 0.058 0.041 0.030 0.045 0.038 0.042 0.068 0.102 0.041 0.041 0.037 0.125 0.114 0.068 0.075 0.114 0.052 0.091 0.120 0.067 0.038 0.076 0.044 0.031 0.051 0.020 0.025 0.034
0.000 0.000 0.000 0.000 0.000 0.000 0.000 0.000 0.000 0.000 0.000 0.000 0.000 0.000 0.000 0.000 0.000 0.000 0.000 0.000 0.000 0.000 0.000 0.000 0.000 0.000 0.000 0.000 0.000 0.109 0.083 0.032 0.057 0.056 0.029 0.036 0.063 0.087 0.088 0.069 0.044 0.041 0.023 0.017 0.076 0.086 0.080 0.046 0.049 0.084 0.083 0.070 0.043 0.040 0.052 0.095 0.110 0.066 0.008 0.037 0.163 0.151 0.095 0.056 0.124 0.050 0.035 0.091 0.092 0.044 0.051 0.124 0.065 0.003 0.028 0.020 0.046
0.000 0.000 0.000 0.000 0.000 0.000 0.000 0.000 0.000 0.000 0.000 0.000 0.000 0.000 0.000 0.000 0.000 0.000 0.000 0.000 0.000 0.000 0.000 0.000 0.000 0.000 0.000 0.000 0.000 0.103 0.097 0.026 0.042 0.056 0.038 0.024 0.060 0.073 0.079 0.063 0.040 0.028 0.016 0.022 0.090 0.117 0.091 0.052 0.056 0.105 0.113 0.111 0.078 0.064 0.097 0.118 0.090 0.069 0.035 0.028 0.088 0.091 0.070 0.027 0.096 0.078 0.048 0.055 0.083 0.089 0.048 0.107 0.080 0.014 0.025 0.053 0.012
0.000 0.000 0.000 0.000 0.000 0.000 0.000 0.000 0.000 0.000 0.000 0.000 0.000 0.000 0.000 0.000 0.000 0.000 0.000 0.000 0.000 0.000 0.000 0.000 0.000 0.000 0.000 0.000 0.000 0.092 0.108 0.021 0.047 0.049 0.044 0.011 0.054 0.067 0.082 0.048 0.029 0.024 0.024 0.012 0.082 0.102 0.091 0.047 0.043 0.065 0.066 0.070 0.044 0.048 0.051 0.041 0.048 0.046 0.032 0.030 0.106 0.113 0.090 0.027 0.096 0.090 0.035 0.007 0.069 0.097 0.074 0.110 0.087 0.025 0.042 0.061 0.036
0.000 0.000 0.000 0.000 0.000 0.000 0.000 0.000 0.000 0.000 0.000 0.000 0.000 0.000 0.000 0.000 0.000 0.000 0.000 0.000 0.000 0.000 0.000 0.000 0.000 0.000 0.000 0.000 0.000 0.089 0.113 0.070 0.037 0.052 0.045 0.033 0.057 0.060 0.070 0.031 0.013 0.031 0.035 0.032 0.071 0.069 0.060 0.039 0.039 0.060 0.058 0.057 0.039 0.028 0.023 0.023 0.043 0.044 0.033 0.025 0.134 0.164 0.130 0.055 0.096 0.103 0.048 0.052 0.023 0.063 0.074 0.086 0.083 0.039 0.066 0.068 0.069
0.000 0.000 0.000 0.000 0.000 0.000 0.000 0.000 0.000 0.000 0.000 0.000 0.000 0.000 0.000 0.000 0.000 0.000 0.000 0.000 0.000 0.000 0.000 0.000 0.000 0.000 0.000 0.000 0.000 0.079 0.116 0.098 0.061 0.073 0.078 0.079 0.078 0.046 0.030 0.026 0.023 0.039 0.041 0.031 0.064 0.061 0.057 0.029 0.042 0.036 0.057 0.051 0.029 0.032 0.007 0.032 0.046 0.053 0.040 0.010 0.092 0.091 0.081 0.052 0.066 0.106 0.098 0.073 0.063 0.030 0.045 0.074 0.047 0.035 0.065 0.028 0.033
0.000 0.000 0.000 0.000 0.000 0.000 0.000 0.000 0.000 0.000 0.000 0.000 0.000 0.000 0.000 0.000 0.000 0.000 0.000 0.000 0.000 0.000 0.000 0.000 0.000 0.000 0.000 0.000 0.000 0.079 0.100 0.100 0.091 0.088 0.151 0.111 0.049 0.039 0.035 0.019 0.031 0.047 0.045 0.010 0.067 0.062 0.049 0.022 0.032 0.058 0.056 0.021 0.028 0.028 0.016 0.041 0.053 0.055 0.043 0.022 0.061 0.102 0.096 0.063 0.047 0.098 0.106 0.053 0.089 0.070 0.026 0.051 0.076 0.108 0.103 0.046 0.061
0.000 0.000 0.000 0.000 0.000 0.000 0.000 0.000 0.000 0.000 0.000 0.000 0.000 0.000 0.000 0.000 0.000 0.000 0.000 0.000 0.000 0.000 0.000 0.000 0.000 0.000 0.000 0.000 0.000 0.046 0.061 0.090 0.100 0.107 0.119 0.144 0.024 0.026 0.033 0.014 0.038 0.048 0.047 0.031 0.050 0.060 0.042 0.043 0.018 0.049 0.040 0.022 0.028 0.021 0.026 0.043 0.052 0.053 0.043 0.028 0.029 0.079 0.108 0.092 0.038 0.062 0.098 0.084 0.065 0.087 0.058 0.017 0.053 0.075 0.079 0.056 0.078
0.000 0.000 0.000 0.000 0.000 0.000 0.000 0.000 0.000 0.000 0.000 0.000 0.000 0.000 0.000 0.000 0.000 0.000 0.000 0.000 0.000 0.000 0.000 0.000 0.000 0.000 0.000 0.000 0.000 0.000 0.072 0.097 0.107 0.111 0.114 0.081 0.020 0.025 0.026 0.036 0.042 0.049 0.048 0.032 0.018 0.059 0.061 0.052 0.031 0.035 0.032 0.018 0.026 0.033 0.044 0.047 0.052 0.052 0.042 0.028 0.020 0.017 0.090 0.110 0.090 0.036 0.066 0.108 0.055 0.097 0.080 0.040 0.032 0.065 0.042 0.024 0.036
0.000 0.000 0.000 0.000 0.000 0.000 0.000 0.000 0.000 0.000 0.000 0.000 0.000 0.000 0.000 0.000 0.000 0.000 0.000 0.000 0.000 0.000 0.000 0.000 0.000 0.000 0.000 0.000 0.000 0.000 0.055 0.080 0.100 0.106 0.109 0.101 0.036 0.035 0.047 0.058 0.054 0.052 0.049 0.027 0.012 0.051 0.061 0.052 0.036 0.035 0.028 0.022 0.039 0.051 0.053 0.051 0.053 0.049 0.037 0.024 0.015 0.022 0.046 0.118 0.115 0.067 0.037 0.101 0.100 0.031 0.064 0.046 0.009 0.037 0.035 0.036 0.057
0.000 0.000 0.000 0.000 0.000 0.000 0.000 0.000 0.000 0.000 0.000 0.000 0.000 0.000 0.000 0.000 0.000 0.000 0.000 0.000 0.000 0.000 0.000 0.000 0.000 0.000 0.000 0.000 0.000 0.000 0.058 0.037 0.079 0.093 0.101 0.099 0.066 0.051 0.062 0.068 0.064 0.061 0.051 0.030 0.018 0.042 0.059 0.054 0.043 0.029 0.024 0.019 0.035 0.048 0.051 0.052 0.051 0.046 0.032 0.015 0.008 0.025 0.053 0.181 0.156 0.105 0.052 0.071 0.067 0.102 0.074 0.071 0.024 0.042 0.055 0.058 0.058
0.000 0.000 0.000 0.000 0.000 0.000 0.000 0.000 0.000 0.000 0.000 0.000 0.000 0.000 0.000 0.000 0.000 0.000 0.000 0.000 0.000 0.000 0.000 0.000 0.000 0.000 0.000 0.000 0.000 0.000 0.067 0.016 0.071 0.084 0.090 0.091 0.079 0.054 0.062 0.074 0.080 0.077 0.065 0.050 0.032 0.029 0.054 0.054 0.047 0.032 0.027 0.028 0.036 0.044 0.051 0.052 0.052 0.052 0.040 0.019 0.015 0.022 0.080 0.169 0.192 0.162 0.099 0.042 0.038 0.099 0.072 0.098 0.112 0.114 0.073 0.048 0.038
0.000 0.000 0.000 0.000 0.000 0.000 0.000 0.000 0.000 0.000 0.000 0.000 0.000 0.000 0.000 0.000 0.000 0.000 0.000 0.000 0.000 0.000 0.000 0.000 0.000 0.000 0.000 0.000 0.000 0.000 0.058 0.015 0.054 0.066 0.070 0.072 0.068 0.040 0.066 0.086 0.093 0.090 0.079 0.063 0.055 0.039 0.039 0.055 0.052 0.041 0.031 0.030 0.034 0.043 0.051 0.056 0.056 0.055 0.042 0.024 0.020 0.028 0.101 0.129 0.117 0.107 0.078 0.022 0.062 0.092 0.107 0.110 0.109 0.101 0.066 0.052 0.020
0.000 0.000 0.000 0.000 0.000 0.000 0.000 0.000 0.000 0.000 0.000 0.000 0.000 0.000 0.000 0.000 0.000 0.000 0.000 0.000 0.000 0.000 0.000 0.000 0.000 0.000 0.000 0.000 0.000 0.000 0.048 0.017 0.062 0.080 0.089 0.096 0.083 0.076 0.082 0.096 0.102 0.098 0.084 0.068 0.056 0.050 0.031 0.040 0.055 0.049 0.034 0.035 0.033 0.037 0.052 0.058 0.049 0.037 0.030 0.024 0.027 0.047 0.105 0.123 0.101 0.066 0.016 0.066 0.097 0.114 0.104 0.115 0.140 0.096 0.033 0.043 0.051
0.000 0.000 0.000 0.000 0.000 0.000 0.000 0.000 0.000 0.000 0.000 0.000 0.000 0.000 0.000 0.000 0.000 0.000 0.000 0.000 0.000 0.000 0.000 0.000 0.000 0.000 0.000 0.000 0.000 0.000 0.051 0.109 0.137 0.144 0.150 0.158 0.158 0.116 0.102 0.107 0.108 0.098 0.081 0.064 0.051 0.042 0.034 0.012 0.035 0.057 0.056 0.044 0.032 0.036 0.054 0.055 0.037 0.018 0.020 0.028 0.030 0.041 0.088 0.109 0.097 0.052 0.057 0.092 0.117 0.162 0.169 0.131 0.160 0.094 0.030 0.047 0.047
0.000 0.000 0.000 0.000 0.000 0.000 0.000 0.000 0.000 0.000 0.000 0.000 0.000 0.000 0.000 0.000 0.000 0.000 0.000 0.000 0.000 0.000 0.000 0.000 0.000 0.000 0.000 0.000 0.000 0.000 0.036 0.080 0.139 0.179 0.209 0.217 0.164 0.109 0.093 0.095 0.093 0.083 0.067 0.054 0.050 0.042 0.029 0.018 0.019 0.057 0.084 0.076 0.034 0.030 0.032 0.053 0.045 0.030 0.037 0.035 0.035 0.049 0.095 0.128 0.113 0.060 0.054 0.089 0.074 0.117 0.126 0.129 0.129 0.145 0.064 0.099 0.050
0.000 0.000 0.000 0.000 0.000 0.000 0.000 0.000 0.000 0.000 0.000 0.000 0.000 0.000 0.000 0.000 0.000 0.000 0.000 0.000 0.000 0.000 0.000 0.000 0.000 0.000 0.000 0.000 0.000 0.000 0.028 0.066 0.098 0.115 0.127 0.131 0.114 0.087 0.060 0.054 0.060 0.059 0.052 0.044 0.052 0.053 0.043 0.026 0.018 0.048 0.074 0.082 0.056 0.035 0.024 0.065 0.071 0.053 0.040 0.046 0.045 0.040 0.069 0.118 0.119 0.089 0.025 0.048 0.082 0.109 0.116 0.082 0.074 0.094 0.095 0.039 0.063
0.000 0.000 0.000 0.000 0.000 0.000 0.000 0.000 0.000 0.000 0.000 0.000 0.000 0.000 0.000 0.000 0.000 0.000 0.000 0.000 0.000 0.000 0.000 0.000 0.000 0.000 0.000 0.000 0.000 0.000 0.007 0.060 0.100 0.112 0.120 0.122 0.107 0.091 0.061 0.030 0.036 0.048 0.064 0.048 0.052 0.057 0.031 0.021 0.052 0.054 0.143 0.064 0.044 0.015 0.048 0.077 0.084 0.076 0.056 0.046 0.058 0.065 0.068 0.055 0.110 0.136 0.096 0.013 0.064 0.090 0.095 0.070 0.033 0.022 0.054 0.065 0.046
0.000 0.000 0.000 0.000 0.000 0.000 0.000 0.000 0.000 0.000 0.000 0.000 0.000 0.000 0.000 0.000 0.000 0.000 0.000 0.000 0.000 0.000 0.000 0.000 0.000 0.000 0.000 0.000 0.000 0.000 0.000 0.057 0.100 0.100 0.110 0.115 0.102 0.092 0.067 0.038 0.058 0.080 0.081 0.062 0.053 0.054 0.056 0.051 0.049 0.043 0.039 0.034 0.016 0.045 0.067 0.079 0.082 0.080 0.072 0.061 0.078 0.068 0.070 0.059 0.024 0.133 0.138 0.039 0.083 0.119 0.107 0.040 0.043 0.009 0.060 0.087 0.018
0.000 0.000 0.000 0.000 0.000 0.000 0.000 0.000 0.000 0.000 0.000 0.000 0.000 0.000 0.000 0.000 0.000 0.000 0.000 0.000 0.000 0.000 0.000 0.000 0.000 0.000 0.000 0.000 0.000 0.000 0.000 0.051 0.097 0.066 0.104 0.115 0.101 0.081 0.057 0.048 0.066 0.075 0.072 0.054 0.056 0.081 0.070 0.049 0.034 0.017 0.029 0.044 0.051 0.058 0.066 0.064 0.062 0.070 0.074 0.079 0.075 0.069 0.090 0.069 0.047 0.085 0.144 0.062 0.087 0.120 0.093 0.039 0.048 0.091 0.096 0.106 0.110
0.000 0.000 0.000 0.000 0.000 0.000 0.000 0.000 0.000 0.000 0.000 0.000 0.000 0.000 0.000 0.000 0.000 0.000 0.000 0.000 0.000 0.000 0.000 0.000 0.000 0.000 0.000 0.000 0.000 0.000 0.000 0.029 0.100 0.120 0.132 0.133 0.107 0.085 0.069 0.044 0.029 0.030 0.041 0.020 0.065 0.085 0.080 0.057 0.023 0.027 0.056 0.071 0.067 0.020 0.023 0.025 0.023 0.059 0.070 0.078 0.079 0.056 0.023 0.094 0.061 0.050 0.123 0.076 0.068 0.095 0.080 0.045 0.022 0.032 0.016 0.042 0.098
0.000 0.000 0.000 0.000 0.000 0.000 0.000 0.000 0.000 0.000 0.000 0.000 0.000 0.000 0.000 0.000 0.000 0.000 0.000 0.000 0.000 0.000 0.000 0.000 0.000 0.000 0.000 0.000 0.000 0.000 0.000 0.046 0.107 0.125 0.136 0.123 0.109 0.069 0.064 0.031 0.011 0.031 0.041 0.015 0.062 0.085 0.096 0.084 0.057 0.040 0.037 0.064 0.089 0.040 0.059 0.032 0.022 0.063 0.080 0.080 0.083 0.066 0.041 0.037 0.082 0.052 0.154 0.103 0.056 0.014 0.052 0.044 0.034 0.036 0.042 0.063 0.077
0.000 0.000 0.000 0.000 0.000 0.000 0.000 0.000 0.000 0.000 0.000 0.000 0.000 0.000 0.000 0.000 0.000 0.000 0.000 0.000 0.000 0.000 0.000 0.000 0.000 0.000 0.000 0.000 0.000 0.000 0.000 0.073 0.116 0.136 0.153 0.172 0.132 0.050 0.042 0.027 0.018 0.042 0.048 0.020 0.082 0.132 0.115 0.105 0.083 0.066 0.033 0.054 0.097 0.084 0.072 0.030 0.029 0.062 0.092 0.094 0.088 0.079 0.037 0.072 0.035 0.015 0.112 0.154 0.123 0.042 0.045 0.023 0.051 0.069 0.066 0.128 0.189
0.000 0.000 0.000 0.000 0.000 0.000 0.000 0.000 0.000 0.000 0.000 0.000 0.000 0.000 0.000 0.000 0.000 0.000 0.000 0.000 0.000 0.000 0.000 0.000 0.000 0.000 0.000 0.000 0.000 0.000 0.000 0.078 0.118 0.139 0.160 0.189 0.171 0.043 0.039 0.024 0.037 0.044 0.047 0.022 0.070 0.114 0.112 0.106 0.092 0.071 0.043 0.050 0.099 0.104 0.030 0.028 0.038 0.060 0.091 0.110 0.100 0.087 0.058 0.050 0.063 0.068 0.076 0.069 0.051 0.020 0.047 0.012 0.064 0.064 0.053 0.041 0.085
0.000 0.000 0.000 0.000 0.000 0.000 0.000 0.000 0.000 0.000 0.000 0.000 0.000 0.000 0.000 0.000 0.000 0.000 0.000 0.000 0.000 0.000 0.000 0.000 0.000 0.000 0.000 0.000 0.000 0.000 0.000 0.075 0.114 0.138 0.158 0.170 0.134 0.049 0.045 0.054 0.057 0.046 0.043 0.022 0.053 0.088 0.095 0.092 0.088 0.071 0.030 0.037 0.086 0.111 0.067 0.027 0.048 0.068 0.074 0.112 0.112 0.098 0.074 0.037 0.059 0.092 0.079 0.043 0.014 0.048 0.047 0.051 0.083 0.084 0.043 0.043 0.049
0.000 0.000 0.000 0.000 0.000 0.000 0.000 0.000 0.000 0.000 0.000 0.000 0.000 0.000 0.000 0.000 0.000 0.000 0.000 0.000 0.000 0.000 0.000 0.000 0.000 0.000 0.000 0.000 0.000 0.000 0.000 0.075 0.120 0.144 0.157 0.163 0.142 0.052 0.054 0.069 0.058 0.046 0.038 0.022 0.043 0.111 0.119 0.110 0.097 0.075 0.023 0.051 0.069 0.108 0.098 0.022 0.059 0.082 0.053 0.102 0.112 0.102 0.087 0.088 0.046 0.104 0.099 0.075 0.040 0.051 0.040 0.073 0.100 0.041 0.080 0.044 0.062
0.000 0.000 0.000 0.000 0.000 0.000 0.000 0.000 0.000 0.000 0.000 0.000 0.000 0.000 0.000 0.000 0.000 0.000 0.000 0.000 0.000 0.000 0.000 0.000 0.000 0.000 0.000 0.000 0.000 0.000 0.000 0.073 0.105 0.127 0.136 0.142 0.134 0.081 0.064 0.073 0.054 0.043 0.033 0.021 0.032 0.118 0.135 0.125 0.111 0.088 0.037 0.051 0.077 0.096 0.113 0.045 0.075 0.094 0.054 0.077 0.098 0.093 0.090 0.091 0.060 0.067 0.051 0.046 0.021 0.026 0.039 0.027 0.057 0.056 0.084 0.057 0.038
0.000 0.000 0.000 0.000 0.000 0.000 0.000 0.000 0.000 0.000 0.000 0.000 0.000 0.000 0.000 0.000 0.000 0.000 0.000 0.000 0.000 0.000 0.000 0.000 0.000 0.000 0.000 0.000 0.000 0.000 0.000 0.083 0.120 0.122 0.117 0.115 0.114 0.084 0.059 0.058 0.050 0.039 0.029 0.018 0.031 0.119 0.144 0.134 0.118 0.094 0.053 0.046 0.070 0.083 0.109 0.078 0.077 0.093 0.063 0.022 0.061 0.075 0.091 0.026 0.055 0.029 0.013 0.032 0.030 0.050 0.041 0.033 0.054 0.091 0.046 0.038 0.024
0.000 0.000 0.000 0.000 0.000 0.000 0.000 0.000 0.000 0.000 0.000 0.000 0.000 0.000 0.000 0.000 0.000 0.000 0.000 0.000 0.000 0.000 0.000 0.000 0.000 0.000 0.000 0.000 0.000 0.000 0.000 0.000 0.114 0.135 0.140 0.139 0.127 0.091 0.051 0.064 0.061 0.046 0.027 0.017 0.034 0.143 0.147 0.137 0.121 0.099 0.066 0.007 0.065 0.069 0.071 0.088 0.077 0.082 0.064 0.018 0.036 0.065 0.079 0.046 0.034 0.033 0.057 0.026 0.044 0.064 0.041 0.018 0.080 0.068 0.038 0.032 0.017
0.000 0.000 0.000 0.000 0.000 0.000 0.000 0.000 0.000 0.000 0.000 0.000 0.000 0.000 0.000 0.000 0.000 0.000 0.000 0.000 0.000 0.000 0.000 0.000 0.000 0.000 0.000 0.000 0.000 0.000 0.000 0.000 0.088 0.134 0.154 0.164 0.154 0.090 0.076 0.077 0.069 0.054 0.033 0.015 0.048 0.139 0.151 0.140 0.126 0.106 0.078 0.028 0.033 0.080 0.053 0.041 0.068 0.060 0.049 0.036 0.022 0.052 0.097 0.060 0.015 0.049 0.063 0.005 0.072 0.085 0.044 0.036 0.083 0.058 0.029 0.053 0.016
0.000 0.000 0.000 0.000 0.000 0.000 0.000 0.000 0.000 0.000 0.000 0.000 0.000 0.000 0.000 0.000 0.000 0.000 0.000 0.000 0.000 0.000 0.000 0.000 0.000 0.000 0.000 0.000 0.000 0.000 0.000 0.000 0.084 0.119 0.144 0.163 0.151 0.124 0.092 0.087 0.080 0.056 0.025 0.018 0.081 0.145 0.170 0.145 0.132 0.115 0.090 0.059 0.011 0.077 0.077 0.034 0.075 0.067 0.045 0.050 0.078 0.159 0.052 0.044 0.028 0.064 0.054 0.063 0.066 0.043 0.056 0.069 0.071 0.043 0.041 0.054 0.044
