Project1/res/jiangbei.mxe
ncols         319
nrows         411
xllcorner     657492.000000
yllcorner     3548067.000000
cellsize      10.000000
NODATA_value  -9999.000000
[rows 210 to 239 of 411, columns 67 to 133 of 319]
6.657 6.662 6.684 6.482 6.479 6.549 7.388 7.487 6.612 6.433 6.433 6.433 6.433 6.433 6.433 6.617 6.906 7.022 7.097 7.086 7.077 7.026 7.028 7.070 7.015 6.847 6.847 6.848 6.964 7.079 7.069 7.015 6.956 6.887 6.894 6.898 6.950 7.024 7.031 6.684 6.349 6.370 6.359 6.192 5.904 5.686 5.686 5.686 5.686 6.076 6.767 7.310 7.458 7.296 7.289 7.282 7.309 7.224 7.047 6.881 6.836 6.974 7.419 7.097 6.771 6.764 6.757
6.650 6.648 6.629 6.483 6.475 6.451 6.860 6.736 6.433 6.433 6.433 6.433 6.433 6.433 6.433 6.548 6.771 6.912 7.000 6.925 6.857 6.858 6.867 7.039 6.962 6.848 6.848 6.849 6.850 6.896 6.967 7.052 7.162 6.942 6.911 6.911 6.919 6.954 7.019 6.782 6.502 6.461 6.496 6.379 6.035 5.686 5.686 5.686 5.799 6.477 7.200 7.618 7.466 7.337 7.395 7.425 7.420 7.305 7.036 6.963 7.110 7.183 7.068 6.779 6.776 6.773 6.778
6.650 6.650 6.673 6.629 6.461 6.435 6.434 6.434 6.433 6.433 6.433 6.433 6.433 6.433 6.433 6.600 6.722 6.832 6.899 6.854 6.856 6.858 6.860 6.966 6.987 6.850 6.849 6.850 6.850 6.852 6.922 7.054 7.234 6.960 6.914 6.915 6.918 6.913 6.885 6.791 6.692 6.738 6.777 6.530 6.001 5.686 5.686 5.691 6.223 6.950 7.515 7.624 7.505 7.484 7.554 7.501 7.456 7.375 7.198 7.365 7.524 7.088 6.784 6.782 6.781 6.780 6.807
6.650 6.694 6.799 6.893 6.648 6.435 6.434 6.434 6.433 6.433 6.433 6.433 6.433 6.579 6.715 6.677 6.707 6.825 6.852 6.851 6.854 6.857 6.862 6.920 7.030 7.081 6.998 6.852 6.896 7.014 7.033 7.051 7.055 6.980 6.971 6.973 6.959 6.963 6.963 6.843 6.813 6.900 7.013 6.605 6.005 5.763 5.741 6.009 6.682 7.344 7.637 7.607 7.599 7.657 7.661 7.537 7.399 7.396 7.429 7.519 7.232 6.817 6.785 6.785 6.785 6.785 6.788
6.644 6.686 6.729 6.761 6.466 6.435 6.435 6.434 6.433 6.433 6.433 6.433 6.632 6.677 6.648 6.572 6.674 6.823 6.839 6.847 6.850 6.862 6.912 6.933 7.046 7.229 7.265 7.167 7.182 7.196 7.145 7.097 7.098 7.146 7.155 7.116 7.053 7.123 7.100 6.855 6.839 6.843 6.931 6.792 6.350 6.171 6.116 6.295 6.883 7.455 7.615 7.622 7.698 7.710 7.623 7.526 7.400 7.398 7.456 7.421 7.016 6.804 6.788 6.788 6.788 6.789 6.790
6.631 6.634 6.598 6.470 6.438 6.436 6.435 6.434 6.433 6.433 6.433 6.583 6.707 6.476 6.495 6.521 6.668 6.807 6.833 6.843 6.848 6.939 7.017 7.022 7.087 7.219 7.230 7.162 7.178 7.190 7.193 7.186 7.217 7.297 7.293 7.176 7.164 7.299 7.109 6.845 6.844 6.846 6.848 7.013 6.947 6.810 6.652 6.683 7.063 7.485 7.629 7.669 7.686 7.633 7.544 7.543 7.524 7.407 7.295 7.269 7.115 6.955 6.810 6.790 6.790 6.791 6.792
6.594 6.570 6.468 6.442 6.440 6.437 6.435 6.433 6.432 6.432 6.434 6.572 6.479 6.483 6.488 6.520 6.671 6.792 6.827 6.839 6.947 7.070 7.155 7.128 7.126 7.134 7.136 7.138 7.151 7.192 7.217 7.250 7.316 7.356 7.277 7.166 7.205 7.292 7.108 6.848 6.847 6.849 6.855 7.010 7.126 7.197 7.110 7.073 7.302 7.568 7.704 7.724 7.647 7.547 7.512 7.642 7.616 7.261 6.977 7.095 7.250 7.211 6.881 6.791 6.791 6.793 6.794
6.553 6.486 6.447 6.444 6.441 6.438 6.435 6.431 6.430 6.431 6.436 6.457 6.472 6.480 6.485 6.538 6.663 6.761 6.839 6.950 7.112 7.167 7.182 7.167 7.132 7.134 7.136 7.137 7.231 7.253 7.239 7.272 7.365 7.377 7.247 7.101 7.068 7.093 7.094 6.987 6.857 6.854 6.874 6.896 6.966 7.175 7.234 7.227 7.397 7.634 7.762 7.730 7.586 7.465 7.488 7.737 7.481 6.986 6.774 6.944 7.214 7.245 6.919 6.792 6.803 6.796 6.796
6.503 6.453 6.450 6.447 6.443 6.439 6.434 6.428 6.425 6.425 6.437 6.462 6.474 6.481 6.484 6.548 6.602 6.676 6.763 6.900 7.070 7.114 7.110 7.134 7.134 7.135 7.136 7.215 7.288 7.288 7.259 7.335 7.503 7.413 7.216 7.028 6.934 6.931 7.000 7.030 7.012 6.928 6.892 6.898 6.951 7.080 7.190 7.251 7.397 7.580 7.606 7.519 7.415 7.447 7.487 7.768 7.297 6.774 6.770 6.791 7.057 7.067 6.910 6.819 6.820 6.846 6.846
6.460 6.456 6.453 6.450 6.446 6.441 6.434 6.422 6.418 6.411 6.371 6.457 6.477 6.484 6.492 6.561 6.591 6.609 6.635 6.750 6.931 7.030 7.060 7.110 7.139 7.138 7.171 7.196 7.206 7.213 7.290 7.730 7.915 7.601 7.233 6.987 6.842 6.837 6.908 7.036 7.192 7.083 6.898 6.900 6.994 7.092 7.182 7.272 7.354 7.388 7.369 7.334 7.348 7.490 7.654 7.700 7.339 6.785 6.765 6.762 6.903 6.921 6.974 6.987 6.930 6.933 7.037
6.462 6.459 6.456 6.454 6.451 6.532 6.606 6.416 6.414 6.410 6.406 6.450 6.479 6.493 6.509 6.566 6.593 6.610 6.638 6.733 6.870 6.989 7.053 7.119 7.122 7.116 7.111 7.105 7.105 7.128 7.437 8.026 8.220 7.862 7.289 6.959 6.821 6.820 6.888 7.251 7.360 7.065 6.905 6.982 7.038 7.090 7.162 7.218 7.228 7.204 7.204 7.230 7.342 7.531 7.544 7.534 7.466 7.029 6.762 6.752 6.758 6.837 7.040 7.166 7.121 7.007 7.105
6.464 6.462 6.459 6.457 6.454 6.545 6.438 6.411 6.411 6.409 6.408 6.453 6.502 6.513 6.518 6.568 6.593 6.619 6.692 6.797 6.926 7.002 7.035 7.068 7.061 7.051 7.046 7.047 7.053 7.106 7.461 8.050 8.376 8.027 7.289 6.913 6.818 6.814 6.831 7.152 7.213 6.995 6.909 7.039 7.046 7.057 7.117 7.115 7.074 7.047 7.043 7.081 7.200 7.248 7.027 7.000 7.191 7.082 6.759 6.674 6.669 6.759 6.942 7.147 7.130 7.009 7.105
6.467 6.465 6.463 6.461 6.495 6.426 6.404 6.408 6.409 6.409 6.451 6.535 6.528 6.525 6.525 6.574 6.631 6.679 6.778 6.907 7.013 7.037 7.013 7.008 7.007 7.007 7.011 7.020 7.039 7.112 7.460 8.042 8.423 8.096 7.403 6.981 6.816 6.803 6.800 6.834 6.901 6.865 6.845 6.871 6.927 7.003 7.098 7.066 6.949 6.910 6.891 6.894 6.979 6.938 6.704 6.520 6.556 6.911 6.876 6.658 6.648 6.640 6.709 6.918 6.951 6.980 7.213
6.470 6.468 6.466 6.465 6.465 6.434 6.382 6.401 6.409 6.468 6.534 6.567 6.538 6.538 6.551 6.675 6.779 6.791 6.868 6.996 7.043 6.992 6.952 6.954 6.965 6.973 6.982 6.999 7.033 7.106 7.362 7.960 8.418 8.114 7.485 7.112 6.838 6.789 6.786 6.772 6.624 6.592 6.606 6.644 6.739 6.874 7.091 7.100 6.885 6.802 6.782 6.766 6.762 6.701 6.545 6.316 6.312 6.406 6.818 6.645 6.608 6.545 6.529 6.665 6.759 6.916 7.264
6.472 6.471 6.468 6.466 6.462 6.456 6.451 6.455 6.462 6.494 6.542 6.599 6.607 6.608 6.648 6.763 6.831 6.810 6.864 6.992 7.032 6.930 6.902 6.908 6.928 6.948 6.964 6.983 7.012 7.030 7.170 7.789 8.331 8.025 7.424 7.033 6.825 6.760 6.735 6.647 6.444 6.374 6.399 6.523 6.575 6.701 6.982 7.075 6.865 6.728 6.709 6.698 6.630 6.545 6.467 6.325 6.312 6.312 6.312 6.401 6.509 6.413 6.362 6.478 6.617 6.824 7.204
6.476 6.473 6.471 6.468 6.465 6.462 6.461 6.461 6.479 6.529 6.547 6.662 6.748 6.745 6.743 6.771 6.790 6.793 6.816 6.924 6.986 6.904 6.886 6.887 6.886 6.933 6.958 6.981 7.008 7.030 7.099 7.427 7.838 7.768 7.281 6.923 6.775 6.646 6.504 6.378 6.296 6.321 6.327 6.374 6.413 6.595 6.893 6.967 6.863 6.706 6.696 6.680 6.612 6.523 6.469 6.412 6.312 6.312 6.312 6.312 6.312 6.312 6.312 6.312 6.500 6.778 7.169
6.479 6.476 6.474 6.470 6.467 6.465 6.463 6.463 6.579 6.720 6.749 6.767 6.769 6.768 6.766 6.778 6.785 6.788 6.790 6.815 6.851 6.860 6.871 6.880 6.895 6.927 6.953 6.979 7.014 7.054 7.096 7.146 7.363 7.425 7.148 6.862 6.685 6.482 6.345 6.324 6.321 6.322 6.324 6.325 6.364 6.618 6.891 7.001 6.919 6.753 6.694 6.677 6.613 6.535 6.470 6.442 6.420 6.312 6.312 6.312 6.312 6.312 6.312 6.312 6.544 6.879 7.235
6.483 6.480 6.476 6.473 6.469 6.467 6.465 6.596 6.778 6.815 6.814 6.771 6.772 6.773 6.775 6.781 6.786 6.788 6.791 6.795 6.808 6.832 6.855 6.872 6.891 6.921 6.949 6.978 7.012 7.043 7.061 7.056 7.121 7.131 6.918 6.741 6.524 6.363 6.323 6.322 6.322 6.322 6.323 6.324 6.441 6.712 7.060 7.222 7.070 6.895 6.783 6.699 6.677 6.670 6.526 6.460 6.503 6.523 6.312 6.312 6.312 6.312 6.312 6.389 6.721 7.050 7.272
6.487 6.483 6.479 6.476 6.473 6.607 6.735 6.792 6.753 6.753 6.755 6.770 6.774 6.777 6.780 6.783 6.786 6.789 6.791 6.794 6.800 6.819 6.843 6.863 6.886 6.911 6.933 6.958 6.985 7.006 7.000 6.971 6.960 6.902 6.732 6.568 6.402 6.293 6.320 6.321 6.321 6.322 6.322 6.323 6.538 6.747 7.088 7.271 7.163 7.024 6.934 6.849 6.857 6.856 6.669 6.529 6.522 6.505 6.339 6.312 6.312 6.312 6.312 6.402 6.797 7.104 7.276
6.492 6.487 6.483 6.544 6.757 6.898 6.823 6.752 6.753 6.753 6.759 6.883 6.837 6.781 6.783 6.785 6.787 6.790 6.792 6.794 6.798 6.804 6.822 6.841 6.864 6.886 6.907 6.932 6.950 6.951 6.934 6.924 6.905 6.824 6.616 6.436 6.335 6.319 6.320 6.320 6.320 6.321 6.322 6.388 6.508 6.628 6.844 7.050 7.047 7.042 7.041 7.004 6.902 6.900 6.787 6.631 6.551 6.468 6.312 6.312 6.312 6.312 6.312 6.312 6.683 7.010 7.246
6.537 6.582 6.925 7.110 7.397 7.028 6.751 6.752 6.752 6.753 6.754 6.892 6.893 6.783 6.784 6.786 6.788 6.790 6.793 6.795 6.798 6.800 6.803 6.811 6.838 6.864 6.884 6.903 6.916 6.918 6.923 6.932 6.880 6.716 6.524 6.347 6.324 6.321 6.320 6.319 6.317 6.333 6.331 6.354 6.358 6.514 6.767 6.941 6.946 6.951 7.099 7.315 7.091 6.893 6.832 6.757 6.614 6.505 6.419 6.335 6.312 6.312 6.312 6.312 6.312 6.642 7.051
6.658 6.795 7.374 7.728 7.849 7.089 6.750 6.751 6.752 6.753 6.754 6.773 6.782 6.785 6.786 6.787 6.789 6.791 6.793 6.795 6.798 6.800 6.803 6.807 6.828 6.859 6.883 6.898 6.905 6.908 6.990 7.115 6.900 6.651 6.491 6.348 6.324 6.322 6.320 6.317 6.300 6.253 6.195 6.157 6.138 6.376 6.883 7.010 6.876 6.791 6.938 7.359 7.215 6.960 6.852 6.783 6.712 6.568 6.488 6.461 6.321 6.312 6.312 6.312 6.312 6.312 6.406
6.702 6.798 6.949 6.982 7.068 6.916 6.749 6.750 6.752 6.754 6.756 6.765 6.778 6.785 6.786 6.788 6.790 6.792 6.794 6.796 6.798 6.800 6.803 6.806 6.826 6.858 6.885 6.899 6.906 6.908 6.953 6.974 6.718 6.554 6.506 6.432 6.327 6.323 6.322 6.345 6.204 5.939 5.963 5.964 5.965 6.095 6.774 6.961 6.613 6.490 6.594 7.005 7.162 7.158 6.896 6.643 6.588 6.525 6.487 6.513 6.485 6.478 6.322 6.312 6.312 6.312 6.312
6.719 6.724 6.728 6.732 6.735 6.740 6.746 6.749 6.752 6.754 6.756 6.766 6.781 6.786 6.787 6.789 6.790 6.792 6.794 6.796 6.798 6.800 6.802 6.804 6.826 6.953 7.057 6.970 6.911 6.909 6.897 6.821 6.654 6.538 6.506 6.466 6.403 6.364 6.402 6.440 6.192 5.963 5.964 5.965 5.966 5.967 6.191 6.375 6.152 6.184 6.316 6.687 7.175 7.298 6.861 6.403 6.380 6.485 6.525 6.588 6.620 6.626 6.539 6.312 6.312 6.312 6.312
6.722 6.725 6.728 6.731 6.735 6.739 6.745 6.749 6.753 6.757 6.764 6.780 6.785 6.787 6.788 6.789 6.790 6.792 6.794 6.796 6.798 6.799 7.031 7.045 6.950 7.077 7.153 7.027 6.919 6.916 6.915 6.823 6.651 6.547 6.511 6.442 6.346 6.381 6.559 6.578 6.312 5.965 5.965 5.966 5.967 5.967 5.969 5.970 5.970 6.048 6.139 6.483 6.860 6.914 6.478 6.062 6.063 6.334 6.604 6.773 6.824 6.740 6.672 6.703 6.540 6.312 6.312
6.724 6.726 6.728 6.731 6.733 6.737 6.767 6.761 6.766 6.771 6.778 6.786 6.787 6.788 6.788 6.789 6.790 6.830 6.931 6.830 6.931 7.453 7.944 7.636 7.105 6.979 6.944 6.931 6.927 6.947 6.948 6.812 6.678 6.625 6.581 6.466 6.222 6.069 6.461 6.537 6.128 5.966 5.966 5.966 5.967 5.968 5.969 5.970 5.971 5.972 5.974 6.205 6.318 6.245 6.062 6.062 6.062 6.589 6.836 7.008 7.032 6.889 6.789 6.731 6.622 6.509 6.312
6.725 6.726 6.727 6.842 6.821 6.809 6.818 6.782 6.780 6.782 6.785 6.786 6.788 6.788 6.789 6.789 6.790 6.926 7.219 7.414 7.815 8.368 8.470 8.014 7.303 6.944 6.937 6.934 6.944 7.112 7.067 6.808 6.708 6.680 6.663 6.504 6.054 5.967 5.967 5.967 5.967 5.966 5.967 5.967 5.968 5.968 5.969 5.970 5.971 5.973 5.975 5.977 6.099 6.183 6.061 6.062 6.325 7.121 7.138 7.089 7.089 7.066 7.014 6.917 6.837 6.871 6.924
6.726 6.726 7.032 7.060 6.921 6.806 6.792 6.786 6.785 6.785 6.786 6.787 6.788 6.788 6.789 6.790 6.791 6.824 7.018 7.440 7.870 8.091 7.884 7.624 7.318 7.033 6.951 6.963 7.020 7.110 6.976 6.804 6.753 6.755 6.743 6.424 5.967 5.967 5.967 5.967 5.967 5.967 5.967 5.967 5.968 5.969 5.969 5.970 5.971 5.973 5.976 5.979 6.040 6.055 6.061 6.061 6.292 6.858 7.088 7.183 7.162 7.158 7.227 7.202 7.130 7.064 6.946
6.727 6.728 6.925 6.899 6.798 6.787 6.787 6.787 6.787 6.786 6.787 6.787 6.788 6.789 6.790 6.791 6.792 6.793 6.810 7.187 7.407 7.363 7.191 7.121 7.123 7.046 7.042 7.066 7.052 7.092 7.026 6.855 6.829 6.843 6.830 6.425 5.967 5.967 5.967 5.967 5.967 5.967 5.967 5.968 5.968 5.969 5.969 5.970 5.971 5.972 6.068 6.068 6.052 6.059 6.073 6.190 6.337 6.568 6.921 7.225 7.299 7.277 7.307 7.364 7.366 7.225 6.980
6.729 6.729 6.730 6.762 6.781 6.787 6.787 6.787 6.787 6.787 6.787 6.788 6.788 6.789 6.793 6.792 6.792 6.793 6.803 7.224 7.326 7.143 7.050 7.049 7.047 7.042 7.033 7.017 7.002 7.006 7.027 6.987 6.996 7.045 7.033 6.924 6.680 6.364 6.158 6.093 5.967 5.967 5.968 5.968 5.968 5.969 5.969 5.970 6.085 6.361 6.593 6.432 6.167 6.093 6.107 6.121 6.125 6.155 6.566 7.052 7.345 7.367 7.343 7.364 7.410 7.350 7.159
