Project1/res/jiangbei.maxVx
ncols         320
nrows         411
xllcorner     657487.000000
yllcorner     3548067.000000
cellsize      10.000000
NODATA_value  -9999.000000
[rows 136 to 169 of 411, columns 154 to 230 of 320]
0.157 0.090 0.081 0.048 0.015 0.071 0.084 0.051 0.044 0.085 0.009 0.059 0.047 0.101 0.069 0.053 0.030 0.040 0.052 0.059 0.053 0.016 0.033 0.042 0.049 0.059 0.062 0.045 0.018 0.041 0.063 0.031 0.044 0.063 0.063 0.057 0.145 0.069 0.019 0.051 0.068 0.080 0.120 0.086 0.068 0.006 0.064 0.087 0.069 0.110 0.105 0.108 0.105 0.047 0.073 0.042 0.059 0.081 0.164 0.161 0.108 0.056 0.088 0.072 0.030 0.059 0.072 0.084 0.098 0.111 0.136 0.155 0.180 0.191 0.150 0.129 0.135
0.123 0.077 0.065 0.023 0.054 0.074 0.081 0.065 0.024 0.043 0.064 0.033 0.063 0.090 0.044 0.080 0.131 0.102 0.040 0.063 0.058 0.034 0.021 0.031 0.037 0.030 0.033 0.022 0.008 0.034 0.061 0.048 0.027 0.064 0.064 0.144 0.135 0.019 0.052 0.083 0.126 0.158 0.083 0.073 0.039 0.036 0.063 0.079 0.084 0.080 0.080 0.188 0.096 0.078 0.066 0.026 0.025 0.096 0.140 0.133 0.132 0.074 0.036 0.119 0.057 0.053 0.076 0.088 0.100 0.126 0.145 0.141 0.169 0.176 0.118 0.084 0.088
0.098 0.085 0.055 0.042 0.069 0.046 0.024 0.059 0.101 0.018 0.036 0.040 0.045 0.039 0.060 0.065 0.105 0.122 0.081 0.041 0.062 0.047 0.030 0.022 0.031 0.049 0.035 0.002 0.016 0.007 0.051 0.032 0.052 0.082 0.101 0.039 0.032 0.044 0.067 0.207 0.162 0.073 0.062 0.031 0.015 0.040 0.054 0.062 0.070 0.074 0.064 0.136 0.221 0.069 0.075 0.019 0.091 0.123 0.102 0.068 0.052 0.036 0.028 0.125 0.034 0.084 0.095 0.094 0.087 0.117 0.146 0.155 0.158 0.129 0.082 0.070 0.100
0.086 0.093 0.057 0.044 0.061 0.070 0.075 0.021 0.060 0.127 0.096 0.077 0.065 0.046 0.072 0.039 0.050 0.064 0.077 0.076 0.042 0.047 0.054 0.054 0.063 0.065 0.062 0.031 0.006 0.013 0.018 0.052 0.080 0.130 0.083 0.023 0.034 0.071 0.063 0.096 0.051 0.038 0.019 0.023 0.017 0.036 0.044 0.047 0.055 0.021 0.039 0.034 0.046 0.121 0.121 0.108 0.134 0.121 0.101 0.085 0.088 0.074 0.062 0.056 0.052 0.088 0.130 0.152 0.131 0.136 0.156 0.159 0.170 0.189 0.117 0.077 0.117
0.071 0.095 0.058 0.037 0.043 0.101 0.074 0.030 0.042 0.072 0.104 0.055 0.029 0.037 0.072 0.034 0.042 0.052 0.049 0.080 0.053 0.020 0.066 0.082 0.094 0.104 0.078 0.052 0.023 0.021 0.057 0.082 0.141 0.027 0.012 0.038 0.066 0.075 0.096 0.055 0.031 0.035 0.034 0.027 0.028 0.035 0.032 0.045 0.053 0.021 0.030 0.044 0.039 0.086 0.113 0.104 0.085 0.094 0.087 0.087 0.091 0.078 0.067 0.037 0.046 0.071 0.087 0.104 0.134 0.133 0.141 0.173 0.134 0.106 0.065 0.105 0.126
0.094 0.077 0.077 0.065 0.124 0.093 0.073 0.047 0.011 0.057 0.049 0.033 0.035 0.060 0.070 0.009 0.052 0.064 0.066 0.078 0.042 0.027 0.067 0.091 0.105 0.098 0.079 0.055 0.019 0.047 0.081 0.108 0.033 0.020 0.045 0.063 0.077 0.114 0.057 0.065 0.019 0.041 0.065 0.094 0.079 0.025 0.025 0.023 0.056 0.058 0.042 0.022 0.029 0.072 0.096 0.098 0.137 0.102 0.092 0.097 0.103 0.092 0.088 0.064 0.011 0.063 0.087 0.111 0.122 0.098 0.170 0.144 0.121 0.057 0.099 0.123 0.102
0.032 0.070 0.034 0.017 0.104 0.091 0.077 0.067 0.053 0.012 0.052 0.015 0.043 0.048 0.045 0.040 0.063 0.073 0.072 0.056 0.018 0.020 0.044 0.073 0.097 0.081 0.067 0.034 0.037 0.078 0.077 0.044 0.022 0.026 0.057 0.077 0.132 0.074 0.026 0.032 0.003 0.026 0.035 0.052 0.073 0.008 0.036 0.016 0.053 0.055 0.034 0.018 0.027 0.061 0.082 0.078 0.106 0.156 0.161 0.142 0.094 0.088 0.087 0.081 0.031 0.043 0.099 0.112 0.052 0.090 0.082 0.063 0.056 0.080 0.114 0.093 0.062
0.093 0.030 0.065 0.060 0.090 0.073 0.087 0.080 0.073 0.050 0.019 0.016 0.002 0.020 0.013 0.053 0.070 0.074 0.089 0.051 0.033 0.034 0.033 0.081 0.080 0.086 0.056 0.013 0.069 0.056 0.047 0.022 0.042 0.061 0.152 0.127 0.125 0.080 0.034 0.037 0.022 0.012 0.027 0.057 0.058 0.033 0.037 0.003 0.046 0.050 0.030 0.026 0.036 0.076 0.052 0.051 0.039 0.027 0.036 0.083 0.082 0.078 0.079 0.084 0.049 0.049 0.059 0.143 0.055 0.050 0.060 0.036 0.064 0.087 0.080 0.049 0.038
0.118 0.078 0.026 0.043 0.079 0.124 0.068 0.089 0.085 0.068 0.039 0.023 0.010 0.014 0.014 0.047 0.073 0.083 0.049 0.085 0.051 0.059 0.088 0.038 0.124 0.079 0.058 0.035 0.047 0.032 0.023 0.032 0.053 0.104 0.032 0.033 0.053 0.059 0.049 0.058 0.036 0.014 0.016 0.049 0.028 0.037 0.040 0.018 0.035 0.043 0.024 0.039 0.052 0.108 0.105 0.056 0.057 0.026 0.036 0.037 0.088 0.082 0.026 0.074 0.060 0.030 0.080 0.122 0.080 0.060 0.073 0.060 0.045 0.024 0.052 0.067 0.078
0.104 0.059 0.025 0.048 0.075 0.036 0.150 0.065 0.092 0.073 0.044 0.036 0.060 0.104 0.093 0.055 0.063 0.036 0.061 0.074 0.054 0.037 0.085 0.090 0.027 0.109 0.046 0.092 0.066 0.031 0.023 0.049 0.077 0.032 0.043 0.030 0.066 0.077 0.066 0.066 0.031 0.024 0.033 0.048 0.058 0.157 0.051 0.048 0.032 0.036 0.035 0.048 0.075 0.100 0.096 0.105 0.111 0.107 0.071 0.030 0.035 0.046 0.030 0.018 0.069 0.019 0.057 0.017 0.060 0.042 0.060 0.027 0.059 0.107 0.121 0.108 0.085
0.108 0.088 0.033 0.027 0.066 0.084 0.079 0.148 0.070 0.078 0.053 0.069 0.104 0.093 0.061 0.026 0.065 0.037 0.068 0.085 0.078 0.035 0.050 0.070 0.075 0.014 0.066 0.064 0.036 0.017 0.046 0.047 0.035 0.048 0.037 0.078 0.092 0.088 0.061 0.071 0.071 0.070 0.050 0.024 0.033 0.060 0.138 0.112 0.063 0.050 0.040 0.050 0.068 0.077 0.066 0.052 0.070 0.082 0.077 0.055 0.029 0.050 0.040 0.038 0.038 0.030 0.015 0.032 0.086 0.071 0.035 0.050 0.114 0.151 0.155 0.083 0.056
0.095 0.101 0.058 0.038 0.052 0.091 0.106 0.115 0.133 0.063 0.073 0.102 0.133 0.083 0.055 0.035 0.067 0.075 0.068 0.076 0.087 0.061 0.022 0.062 0.062 0.032 0.058 0.046 0.004 0.021 0.046 0.033 0.051 0.015 0.068 0.100 0.134 0.126 0.096 0.077 0.068 0.073 0.070 0.050 0.030 0.027 0.043 0.072 0.065 0.060 0.061 0.086 0.092 0.087 0.075 0.061 0.066 0.075 0.071 0.043 0.034 0.049 0.042 0.023 0.066 0.076 0.009 0.075 0.084 0.065 0.012 0.093 0.176 0.233 0.240 0.101 0.047
0.058 0.079 0.085 0.036 0.056 0.108 0.154 0.140 0.159 0.182 0.090 0.097 0.099 0.085 0.052 0.032 0.079 0.058 0.051 0.048 0.073 0.077 0.035 0.048 0.035 0.050 0.047 0.017 0.037 0.055 0.046 0.048 0.006 0.052 0.076 0.101 0.109 0.095 0.069 0.059 0.057 0.058 0.057 0.051 0.038 0.019 0.030 0.066 0.077 0.088 0.092 0.078 0.087 0.090 0.081 0.073 0.074 0.069 0.047 0.009 0.064 0.070 0.030 0.018 0.138 0.111 0.073 0.088 0.080 0.050 0.017 0.076 0.144 0.141 0.137 0.116 0.078
0.035 0.058 0.063 0.068 0.072 0.110 0.203 0.172 0.169 0.214 0.112 0.067 0.096 0.073 0.058 0.027 0.063 0.058 0.067 0.058 0.049 0.068 0.056 0.017 0.097 0.048 0.034 0.030 0.064 0.082 0.038 0.055 0.025 0.043 0.036 0.068 0.081 0.085 0.074 0.055 0.051 0.053 0.049 0.040 0.028 0.019 0.014 0.028 0.053 0.115 0.078 0.061 0.055 0.061 0.069 0.073 0.065 0.044 0.008 0.058 0.084 0.060 0.029 0.079 0.061 0.026 0.103 0.123 0.112 0.081 0.033 0.045 0.078 0.077 0.120 0.125 0.098
0.017 0.064 0.075 0.079 0.067 0.107 0.182 0.133 0.142 0.104 0.145 0.136 0.072 0.055 0.069 0.057 0.040 0.048 0.068 0.080 0.065 0.073 0.102 0.083 0.065 0.023 0.019 0.053 0.089 0.121 0.078 0.091 0.113 0.091 0.048 0.019 0.048 0.069 0.077 0.065 0.049 0.052 0.053 0.048 0.038 0.025 0.015 0.028 0.046 0.081 0.088 0.052 0.014 0.011 0.061 0.061 0.033 0.016 0.052 0.073 0.072 0.042 0.029 0.113 0.093 0.023 0.034 0.099 0.101 0.081 0.085 0.021 0.036 0.032 0.088 0.114 0.101
0.022 0.062 0.082 0.085 0.100 0.124 0.055 0.038 0.054 0.102 0.099 0.231 0.247 0.155 0.074 0.086 0.075 0.060 0.081 0.101 0.099 0.103 0.071 0.061 0.022 0.025 0.052 0.090 0.118 0.101 0.061 0.087 0.135 0.090 0.053 0.025 0.027 0.048 0.070 0.073 0.054 0.047 0.053 0.051 0.045 0.033 0.017 0.027 0.063 0.093 0.091 0.044 0.052 0.039 0.065 0.050 0.031 0.048 0.062 0.065 0.128 0.074 0.064 0.103 0.102 0.048 0.044 0.058 0.059 0.028 0.042 0.027 0.061 0.047 0.015 0.079 0.091
0.067 0.106 0.096 0.112 0.140 0.110 0.047 0.022 0.060 0.126 0.146 0.149 0.234 0.194 0.104 0.085 0.186 0.192 0.114 0.128 0.127 0.083 0.063 0.032 0.017 0.055 0.046 0.133 0.163 0.152 0.050 0.094 0.105 0.076 0.062 0.033 0.011 0.030 0.047 0.065 0.065 0.051 0.049 0.051 0.046 0.040 0.036 0.040 0.091 0.098 0.093 0.051 0.056 0.061 0.036 0.046 0.044 0.062 0.062 0.146 0.104 0.089 0.061 0.083 0.090 0.055 0.031 0.070 0.078 0.074 0.079 0.023 0.078 0.078 0.065 0.027 0.070
0.130 0.132 0.114 0.137 0.077 0.022 0.037 0.072 0.120 0.144 0.149 0.139 0.109 0.181 0.113 0.048 0.169 0.217 0.167 0.147 0.101 0.067 0.030 0.015 0.103 0.037 0.014 0.082 0.097 0.042 0.088 0.094 0.086 0.059 0.070 0.036 0.017 0.010 0.021 0.043 0.063 0.058 0.046 0.047 0.042 0.037 0.035 0.075 0.094 0.093 0.089 0.061 0.038 0.085 0.042 0.032 0.049 0.061 0.089 0.097 0.122 0.101 0.076 0.074 0.071 0.040 0.036 0.066 0.083 0.093 0.079 0.047 0.073 0.069 0.067 0.052 0.053
0.099 0.095 0.100 0.026 0.045 0.003 0.054 0.076 0.091 0.095 0.097 0.107 0.118 0.100 0.223 0.222 0.176 0.183 0.131 0.092 0.067 0.052 0.021 0.107 0.081 0.049 0.036 0.072 0.087 0.056 0.083 0.080 0.086 0.073 0.059 0.037 0.015 0.014 0.005 0.025 0.044 0.057 0.050 0.042 0.039 0.023 0.047 0.087 0.093 0.087 0.082 0.061 0.025 0.070 0.064 0.058 0.056 0.101 0.131 0.121 0.123 0.095 0.075 0.068 0.058 0.025 0.040 0.055 0.061 0.071 0.070 0.010 0.031 0.028 0.045 0.060 0.039
0.044 0.039 0.053 0.056 0.018 0.043 0.064 0.077 0.086 0.083 0.086 0.099 0.125 0.119 0.100 0.111 0.125 0.143 0.115 0.106 0.082 0.065 0.092 0.073 0.070 0.027 0.051 0.079 0.083 0.050 0.052 0.050 0.017 0.059 0.083 0.048 0.024 0.013 0.020 0.021 0.017 0.038 0.060 0.059 0.040 0.020 0.050 0.094 0.094 0.079 0.064 0.039 0.035 0.075 0.083 0.064 0.099 0.132 0.099 0.145 0.113 0.079 0.070 0.060 0.043 0.015 0.031 0.046 0.052 0.055 0.048 0.056 0.062 0.046 0.021 0.163 0.076
0.027 0.054 0.078 0.057 0.047 0.068 0.063 0.073 0.075 0.078 0.080 0.076 0.107 0.116 0.063 0.066 0.090 0.101 0.108 0.101 0.077 0.036 0.075 0.065 0.055 0.018 0.059 0.080 0.100 0.073 0.070 0.046 0.053 0.099 0.078 0.077 0.086 0.055 0.035 0.022 0.029 0.049 0.065 0.088 0.077 0.061 0.060 0.101 0.087 0.062 0.034 0.030 0.070 0.089 0.046 0.161 0.130 0.090 0.087 0.158 0.158 0.150 0.125 0.076 0.045 0.016 0.032 0.054 0.068 0.072 0.039 0.011 0.038 0.057 0.036 0.107 0.238
0.023 0.047 0.071 0.057 0.035 0.052 0.063 0.072 0.065 0.064 0.068 0.060 0.067 0.090 0.060 0.082 0.085 0.074 0.060 0.031 0.022 0.034 0.079 0.066 0.077 0.058 0.023 0.038 0.085 0.090 0.063 0.017 0.086 0.111 0.105 0.081 0.104 0.102 0.042 0.040 0.035 0.064 0.094 0.124 0.081 0.054 0.084 0.081 0.076 0.058 0.018 0.055 0.090 0.090 0.033 0.223 0.103 0.120 0.115 0.107 0.086 0.071 0.059 0.024 0.037 0.039 0.025 0.045 0.068 0.080 0.061 0.052 0.037 0.025 0.053 0.054 0.177
0.050 0.045 0.057 0.060 0.057 0.035 0.044 0.069 0.076 0.075 0.076 0.078 0.088 0.110 0.077 0.109 0.132 0.069 0.062 0.029 0.026 0.024 0.057 0.018 0.077 0.102 0.072 0.081 0.085 0.083 0.069 0.028 0.082 0.108 0.118 0.098 0.018 0.070 0.079 0.053 0.029 0.039 0.060 0.067 0.073 0.071 0.055 0.040 0.034 0.033 0.060 0.072 0.090 0.044 0.090 0.123 0.101 0.073 0.105 0.094 0.059 0.012 0.032 0.044 0.062 0.073 0.069 0.058 0.064 0.076 0.067 0.056 0.070 0.052 0.025 0.024 0.066
0.042 0.096 0.061 0.018 0.072 0.059 0.040 0.077 0.085 0.088 0.091 0.114 0.125 0.099 0.174 0.113 0.174 0.178 0.144 0.159 0.108 0.070 0.045 0.022 0.054 0.098 0.086 0.080 0.082 0.089 0.095 0.064 0.041 0.088 0.112 0.117 0.088 0.011 0.069 0.136 0.081 0.059 0.086 0.071 0.061 0.060 0.033 0.029 0.053 0.074 0.089 0.082 0.062 0.122 0.129 0.125 0.079 0.047 0.082 0.058 0.019 0.043 0.061 0.070 0.079 0.089 0.099 0.099 0.087 0.085 0.067 0.057 0.095 0.094 0.075 0.048 0.032
0.051 0.099 0.067 0.033 0.058 0.052 0.005 0.065 0.085 0.101 0.126 0.143 0.110 0.105 0.085 0.069 0.014 0.042 0.115 0.085 0.053 0.049 0.035 0.047 0.049 0.084 0.100 0.107 0.104 0.100 0.091 0.082 0.048 0.058 0.099 0.120 0.120 0.090 0.022 0.050 0.059 0.078 0.075 0.050 0.002 0.018 0.048 0.064 0.085 0.093 0.080 0.081 0.100 0.126 0.136 0.116 0.074 0.042 0.029 0.023 0.043 0.061 0.074 0.084 0.093 0.102 0.111 0.120 0.125 0.112 0.065 0.056 0.150 0.157 0.098 0.064 0.042
0.052 0.075 0.060 0.024 0.042 0.052 0.031 0.049 0.087 0.124 0.150 0.114 0.036 0.072 0.082 0.039 0.047 0.051 0.059 0.043 0.033 0.042 0.048 0.067 0.077 0.135 0.088 0.121 0.116 0.107 0.105 0.098 0.067 0.009 0.071 0.101 0.109 0.111 0.083 0.087 0.098 0.088 0.071 0.040 0.044 0.077 0.095 0.110 0.114 0.088 0.091 0.090 0.121 0.131 0.123 0.093 0.041 0.016 0.032 0.044 0.057 0.068 0.080 0.090 0.098 0.106 0.113 0.122 0.127 0.109 0.051 0.055 0.172 0.190 0.167 0.107 0.076
0.062 0.062 0.024 0.037 0.050 0.051 0.033 0.040 0.101 0.148 0.123 0.022 0.066 0.171 0.083 0.053 0.056 0.129 0.078 0.046 0.028 0.097 0.086 0.076 0.069 0.078 0.114 0.111 0.119 0.108 0.108 0.108 0.096 0.067 0.015 0.060 0.082 0.088 0.073 0.020 0.037 0.066 0.060 0.019 0.066 0.078 0.053 0.096 0.106 0.137 0.093 0.124 0.129 0.122 0.100 0.056 0.011 0.035 0.045 0.053 0.062 0.071 0.081 0.091 0.099 0.107 0.114 0.122 0.119 0.092 0.040 0.053 0.149 0.136 0.109 0.085 0.079
0.054 0.068 0.085 0.020 0.037 0.039 0.017 0.021 0.095 0.141 0.086 0.062 0.180 0.246 0.178 0.066 0.128 0.176 0.215 0.153 0.145 0.161 0.076 0.068 0.055 0.040 0.052 0.124 0.110 0.111 0.113 0.111 0.110 0.100 0.081 0.042 0.016 0.047 0.051 0.048 0.063 0.051 0.033 0.060 0.095 0.110 0.105 0.107 0.166 0.214 0.124 0.133 0.127 0.111 0.075 0.027 0.030 0.042 0.051 0.058 0.063 0.070 0.080 0.089 0.099 0.107 0.114 0.127 0.232 0.062 0.029 0.034 0.110 0.118 0.095 0.074 0.065
0.088 0.140 0.053 0.016 0.081 0.102 0.113 0.080 0.092 0.118 0.054 0.093 0.147 0.079 0.063 0.102 0.144 0.195 0.231 0.156 0.111 0.066 0.046 0.023 0.017 0.048 0.069 0.117 0.159 0.107 0.120 0.115 0.112 0.110 0.101 0.082 0.063 0.047 0.025 0.035 0.064 0.065 0.062 0.098 0.129 0.139 0.130 0.076 0.084 0.126 0.122 0.111 0.115 0.100 0.053 0.025 0.038 0.046 0.055 0.065 0.069 0.068 0.074 0.084 0.095 0.104 0.113 0.119 0.100 0.059 0.026 0.033 0.086 0.092 0.069 0.061 0.069
0.150 0.067 0.040 0.032 0.048 0.126 0.171 0.130 0.054 0.067 0.067 0.039 0.052 0.057 0.069 0.075 0.115 0.181 0.208 0.116 0.097 0.075 0.030 0.011 0.020 0.043 0.012 0.035 0.202 0.192 0.096 0.118 0.119 0.115 0.111 0.101 0.091 0.084 0.070 0.032 0.036 0.053 0.071 0.104 0.129 0.139 0.089 0.095 0.128 0.127 0.106 0.088 0.075 0.049 0.017 0.031 0.042 0.051 0.057 0.066 0.076 0.078 0.069 0.076 0.086 0.097 0.107 0.113 0.099 0.053 0.025 0.030 0.099 0.113 0.091 0.086 0.088
0.089 0.066 0.040 0.034 0.056 0.113 0.137 0.056 0.083 0.077 0.045 0.049 0.065 0.028 0.081 0.079 0.025 0.026 0.043 0.085 0.125 0.115 0.062 0.055 0.062 0.073 0.021 0.062 0.040 0.109 0.161 0.082 0.119 0.119 0.113 0.108 0.106 0.103 0.095 0.061 0.030 0.074 0.105 0.130 0.139 0.106 0.138 0.126 0.134 0.114 0.090 0.066 0.030 0.033 0.041 0.023 0.039 0.051 0.059 0.066 0.077 0.086 0.082 0.073 0.076 0.088 0.099 0.105 0.089 0.043 0.024 0.066 0.141 0.136 0.114 0.110 0.122
0.070 0.061 0.036 0.048 0.091 0.113 0.072 0.058 0.079 0.048 0.042 0.074 0.046 0.095 0.093 0.070 0.008 0.050 0.099 0.047 0.064 0.112 0.063 0.080 0.096 0.090 0.044 0.049 0.077 0.089 0.044 0.107 0.080 0.115 0.121 0.118 0.127 0.137 0.114 0.060 0.047 0.102 0.135 0.144 0.102 0.131 0.126 0.129 0.115 0.091 0.060 0.008 0.041 0.054 0.034 0.026 0.029 0.044 0.057 0.065 0.075 0.088 0.095 0.084 0.070 0.075 0.087 0.093 0.075 0.042 0.035 0.100 0.276 0.404 0.378 0.334 0.255
0.060 0.047 0.017 0.075 0.113 0.074 0.058 0.078 0.050 0.038 0.065 0.123 0.089 0.094 0.079 0.044 0.017 0.048 0.101 0.093 0.087 0.070 0.037 0.119 0.120 0.091 0.031 0.034 0.085 0.114 0.102 0.046 0.067 0.042 0.107 0.132 0.158 0.160 0.099 0.023 0.076 0.122 0.141 0.103 0.114 0.128 0.129 0.106 0.079 0.051 0.021 0.069 0.090 0.062 0.027 0.032 0.030 0.034 0.047 0.060 0.071 0.084 0.097 0.101 0.090 0.068 0.074 0.076 0.063 0.047 0.032 0.084 0.156 0.207 0.243 0.254 0.305
0.042 0.017 0.053 0.096 0.093 0.047 0.079 0.053 0.037 0.070 0.068 0.078 0.095 0.082 0.050 0.062 0.015 0.062 0.072 0.040 0.020 0.043 0.057 0.110 0.137 0.105 0.033 0.043 0.087 0.125 0.125 0.105 0.073 0.032 0.021 0.084 0.152 0.108 0.058 0.064 0.106 0.129 0.107 0.062 0.122 0.136 0.116 0.082 0.047 0.021 0.054 0.076 0.116 0.118 0.078 0.050 0.041 0.037 0.037 0.050 0.063 0.078 0.093 0.102 0.100 0.077 0.054 0.066 0.092 0.059 0.097 0.107 0.108 0.100 0.102 0.077 0.130
