Project1/res/jiangbei.max
ncols         319
nrows         411
xllcorner     657492.000000
yllcorner     3548067.000000
cellsize      10.000000
NODATA_value  -9999.000000
[rows 238 to 271 of 411, columns 77 to 153 of 319]
0.085 0.113 0.134 0.116 0.061 0.061 0.120 0.162 0.015 0.009 0.005 0.006 0.008 0.013 0.006 0.010 0.007 0.004 0.007 0.004 0.006 0.016 0.021 0.007 0.006 0.010 0.026 0.259 0.339 0.301 0.544 0.726 0.663 0.623 0.593 0.570 0.455 0.303 0.331 0.212 0.004 0.006 0.122 0.188 0.063 0.004 0.006 0.007 0.006 0.004 0.005 0.016 0.019 0.005 0.005 0.007 0.012 0.013 0.020 0.021 0.004 0.004 0.004 0.006 0.068 0.296 0.236 0.013 0.006 0.005 0.004 0.016 0.021 0.008 0.006 0.009 0.009
0.084 0.108 0.097 0.023 0.007 0.099 0.221 0.304 0.020 0.007 0.007 0.012 0.086 0.118 0.045 0.033 0.016 0.012 0.051 0.009 0.005 0.013 0.009 0.005 0.005 0.005 0.005 0.007 0.009 0.008 0.128 0.515 0.666 0.719 0.653 0.560 0.328 0.112 0.006 0.005 0.003 0.004 0.008 0.053 0.070 0.083 0.076 0.010 0.007 0.006 0.005 0.005 0.030 0.025 0.006 0.006 0.008 0.011 0.022 0.020 0.005 0.003 0.005 0.007 0.309 0.508 0.229 0.003 0.003 0.004 0.003 0.006 0.024 0.009 0.007 0.011 0.011
0.083 0.074 0.011 0.006 0.007 0.018 0.110 0.275 0.008 0.004 0.005 0.008 0.158 0.181 0.108 0.042 0.009 0.072 0.154 0.142 0.062 0.011 0.007 0.004 0.004 0.005 0.005 0.008 0.008 0.008 0.007 0.007 0.299 0.642 0.576 0.368 0.007 0.006 0.005 0.003 0.004 0.005 0.008 0.011 0.133 0.263 0.366 0.362 0.011 0.005 0.003 0.003 0.014 0.022 0.010 0.004 0.006 0.008 0.013 0.031 0.032 0.006 0.011 0.141 0.568 0.737 0.489 0.005 0.005 0.005 0.004 0.003 0.011 0.009 0.007 0.011 0.012
0.020 0.012 0.008 0.006 0.007 0.012 0.004 0.009 0.005 0.003 0.005 0.013 0.144 0.122 0.008 0.003 0.006 0.084 0.162 0.096 0.010 0.008 0.006 0.002 0.005 0.011 0.027 0.018 0.008 0.006 0.007 0.006 0.006 0.215 0.331 0.300 0.008 0.006 0.005 0.003 0.006 0.010 0.012 0.010 0.035 0.120 0.214 0.316 0.244 0.007 0.005 0.005 0.006 0.011 0.008 0.009 0.008 0.006 0.007 0.012 0.034 0.011 0.011 0.010 0.166 0.633 0.733 0.319 0.006 0.006 0.006 0.005 0.005 0.005 0.005 0.005 0.006
0.012 0.009 0.006 0.004 0.008 0.008 0.003 0.003 0.002 0.003 0.004 0.006 0.081 0.068 0.004 0.004 0.005 0.017 0.092 0.011 0.009 0.007 0.004 0.007 0.016 0.079 0.048 0.008 0.005 0.004 0.005 0.005 0.004 0.005 0.006 0.085 0.010 0.006 0.005 0.005 0.003 0.008 0.010 0.013 0.070 0.128 0.169 0.213 0.147 0.012 0.013 0.007 0.007 0.007 0.005 0.015 0.012 0.003 0.004 0.008 0.019 0.011 0.009 0.006 0.005 0.007 0.440 0.341 0.264 0.008 0.007 0.006 0.005 0.004 0.006 0.007 0.007
0.011 0.008 0.005 0.004 0.006 0.017 0.005 0.003 0.003 0.004 0.005 0.009 0.017 0.053 0.010 0.009 0.013 0.088 0.041 0.006 0.009 0.006 0.003 0.004 0.006 0.032 0.006 0.004 0.004 0.006 0.009 0.039 0.004 0.004 0.005 0.010 0.009 0.007 0.007 0.008 0.008 0.008 0.008 0.009 0.089 0.188 0.261 0.307 0.201 0.012 0.010 0.008 0.006 0.005 0.003 0.005 0.009 0.007 0.013 0.009 0.008 0.007 0.012 0.013 0.004 0.006 0.009 0.393 0.648 0.420 0.147 0.009 0.007 0.004 0.006 0.009 0.011
0.009 0.008 0.007 0.006 0.005 0.010 0.012 0.005 0.006 0.005 0.008 0.040 0.004 0.011 0.024 0.006 0.110 0.116 0.008 0.009 0.002 0.004 0.003 0.005 0.007 0.063 0.029 0.005 0.003 0.008 0.116 0.238 0.005 0.003 0.005 0.006 0.006 0.011 0.011 0.010 0.010 0.011 0.011 0.023 0.115 0.214 0.312 0.395 0.311 0.004 0.002 0.011 0.008 0.005 0.004 0.005 0.009 0.040 0.036 0.018 0.010 0.008 0.007 0.016 0.009 0.009 0.011 0.021 0.264 0.248 0.265 0.210 0.008 0.004 0.006 0.010 0.054
0.112 0.007 0.005 0.008 0.007 0.008 0.011 0.224 0.215 0.017 0.014 0.016 0.005 0.004 0.023 0.089 0.075 0.052 0.060 0.011 0.005 0.004 0.006 0.097 0.200 0.173 0.094 0.008 0.004 0.004 0.042 0.287 0.140 0.005 0.003 0.004 0.004 0.006 0.004 0.009 0.011 0.013 0.024 0.111 0.196 0.283 0.368 0.442 0.314 0.006 0.003 0.011 0.023 0.009 0.006 0.005 0.039 0.071 0.014 0.011 0.010 0.007 0.005 0.007 0.010 0.012 0.010 0.008 0.009 0.012 0.015 0.061 0.009 0.005 0.005 0.008 0.016
0.207 0.008 0.004 0.007 0.007 0.236 0.417 0.342 0.108 0.009 0.010 0.003 0.004 0.005 0.050 0.082 0.076 0.116 0.121 0.053 0.007 0.007 0.069 0.126 0.114 0.121 0.120 0.116 0.027 0.007 0.023 0.161 0.173 0.007 0.004 0.007 0.008 0.008 0.009 0.014 0.015 0.031 0.118 0.199 0.277 0.347 0.414 0.406 0.155 0.004 0.004 0.012 0.162 0.015 0.004 0.005 0.037 0.014 0.007 0.007 0.008 0.007 0.006 0.005 0.007 0.014 0.009 0.006 0.006 0.010 0.013 0.013 0.041 0.041 0.017 0.022 0.033
0.285 0.018 0.004 0.027 0.369 0.552 0.329 0.009 0.006 0.005 0.028 0.062 0.010 0.016 0.067 0.043 0.044 0.029 0.003 0.007 0.017 0.047 0.074 0.020 0.005 0.020 0.092 0.141 0.097 0.061 0.038 0.038 0.066 0.005 0.005 0.009 0.015 0.008 0.004 0.011 0.029 0.110 0.177 0.238 0.294 0.352 0.355 0.162 0.004 0.007 0.006 0.039 0.117 0.006 0.004 0.009 0.050 0.011 0.004 0.004 0.005 0.006 0.006 0.004 0.006 0.008 0.014 0.006 0.006 0.007 0.011 0.014 0.014 0.061 0.145 0.040 0.029
0.166 0.004 0.007 0.299 0.571 0.401 0.006 0.007 0.005 0.004 0.120 0.192 0.147 0.073 0.049 0.011 0.008 0.008 0.005 0.007 0.009 0.009 0.029 0.022 0.007 0.053 0.104 0.121 0.060 0.047 0.045 0.037 0.046 0.023 0.034 0.272 0.198 0.007 0.003 0.004 0.007 0.087 0.172 0.229 0.282 0.290 0.174 0.050 0.068 0.165 0.191 0.056 0.004 0.003 0.006 0.094 0.134 0.011 0.006 0.005 0.005 0.005 0.005 0.004 0.005 0.007 0.009 0.008 0.006 0.007 0.010 0.010 0.005 0.009 0.012 0.054 0.079
0.067 0.003 0.005 0.106 0.196 0.006 0.006 0.006 0.002 0.039 0.218 0.192 0.079 0.018 0.013 0.008 0.008 0.007 0.005 0.007 0.007 0.005 0.019 0.057 0.065 0.094 0.018 0.007 0.004 0.005 0.027 0.029 0.033 0.030 0.250 0.441 0.286 0.015 0.005 0.003 0.004 0.006 0.138 0.222 0.246 0.191 0.141 0.190 0.271 0.351 0.332 0.115 0.027 0.005 0.113 0.250 0.245 0.034 0.009 0.007 0.006 0.007 0.008 0.007 0.007 0.007 0.006 0.005 0.006 0.008 0.008 0.007 0.008 0.009 0.010 0.011 0.036
0.134 0.006 0.003 0.007 0.004 0.005 0.013 0.004 0.004 0.139 0.224 0.119 0.022 0.021 0.015 0.004 0.007 0.006 0.006 0.007 0.006 0.010 0.034 0.046 0.029 0.008 0.005 0.003 0.003 0.004 0.018 0.025 0.033 0.046 0.216 0.411 0.402 0.255 0.054 0.006 0.005 0.003 0.005 0.121 0.210 0.250 0.323 0.399 0.455 0.434 0.202 0.043 0.159 0.127 0.111 0.201 0.177 0.031 0.027 0.029 0.012 0.009 0.009 0.012 0.010 0.006 0.004 0.003 0.005 0.009 0.006 0.006 0.007 0.009 0.010 0.008 0.010
0.180 0.007 0.004 0.005 0.006 0.008 0.016 0.006 0.004 0.131 0.153 0.030 0.019 0.024 0.023 0.012 0.006 0.005 0.005 0.014 0.074 0.137 0.044 0.007 0.006 0.005 0.003 0.002 0.003 0.005 0.010 0.061 0.132 0.148 0.043 0.080 0.249 0.355 0.331 0.262 0.150 0.005 0.003 0.005 0.161 0.336 0.493 0.609 0.508 0.218 0.004 0.003 0.123 0.036 0.008 0.013 0.015 0.010 0.009 0.029 0.173 0.009 0.006 0.004 0.006 0.007 0.007 0.006 0.007 0.004 0.008 0.009 0.009 0.010 0.009 0.005 0.007
0.197 0.030 0.007 0.003 0.009 0.010 0.011 0.064 0.081 0.089 0.024 0.012 0.012 0.020 0.030 0.019 0.013 0.008 0.030 0.033 0.077 0.118 0.007 0.005 0.004 0.003 0.003 0.004 0.005 0.007 0.037 0.225 0.284 0.289 0.085 0.004 0.004 0.051 0.271 0.408 0.369 0.249 0.107 0.004 0.004 0.005 0.291 0.620 0.437 0.022 0.003 0.006 0.082 0.006 0.007 0.009 0.010 0.010 0.006 0.006 0.154 0.139 0.007 0.004 0.003 0.003 0.011 0.011 0.010 0.004 0.005 0.009 0.012 0.013 0.010 0.009 0.006
0.100 0.005 0.011 0.020 0.015 0.023 0.073 0.116 0.072 0.012 0.010 0.007 0.003 0.017 0.024 0.011 0.007 0.041 0.059 0.010 0.010 0.009 0.006 0.005 0.003 0.002 0.004 0.006 0.008 0.103 0.280 0.325 0.373 0.397 0.217 0.004 0.003 0.004 0.264 0.434 0.464 0.388 0.239 0.075 0.005 0.003 0.006 0.137 0.108 0.051 0.053 0.094 0.095 0.036 0.014 0.009 0.010 0.010 0.008 0.004 0.006 0.009 0.019 0.006 0.004 0.007 0.011 0.010 0.008 0.006 0.006 0.007 0.005 0.014 0.014 0.011 0.004
0.004 0.007 0.017 0.004 0.008 0.011 0.080 0.083 0.013 0.013 0.010 0.007 0.006 0.015 0.013 0.008 0.007 0.021 0.006 0.004 0.008 0.008 0.005 0.004 0.003 0.004 0.005 0.007 0.077 0.242 0.174 0.104 0.252 0.430 0.297 0.007 0.004 0.040 0.321 0.411 0.471 0.465 0.366 0.239 0.176 0.101 0.006 0.003 0.005 0.062 0.061 0.034 0.062 0.018 0.008 0.007 0.009 0.008 0.007 0.004 0.005 0.004 0.034 0.201 0.214 0.214 0.016 0.011 0.008 0.007 0.008 0.006 0.006 0.010 0.017 0.011 0.004
0.007 0.011 0.031 0.047 0.005 0.005 0.082 0.099 0.007 0.010 0.009 0.008 0.007 0.009 0.012 0.008 0.009 0.007 0.003 0.003 0.004 0.007 0.009 0.004 0.005 0.006 0.007 0.011 0.201 0.008 0.004 0.005 0.206 0.426 0.296 0.005 0.004 0.017 0.240 0.349 0.412 0.478 0.486 0.423 0.379 0.196 0.005 0.003 0.005 0.059 0.044 0.046 0.023 0.012 0.005 0.006 0.007 0.007 0.005 0.003 0.004 0.005 0.147 0.280 0.289 0.232 0.014 0.008 0.007 0.008 0.011 0.007 0.004 0.008 0.012 0.011 0.007
0.011 0.021 0.080 0.097 0.013 0.012 0.058 0.260 0.140 0.005 0.003 0.007 0.008 0.008 0.014 0.010 0.007 0.005 0.006 0.006 0.005 0.006 0.008 0.006 0.006 0.008 0.013 0.200 0.042 0.005 0.003 0.004 0.155 0.414 0.244 0.004 0.005 0.008 0.098 0.099 0.066 0.278 0.502 0.528 0.441 0.057 0.003 0.004 0.007 0.114 0.238 0.159 0.018 0.020 0.015 0.006 0.005 0.005 0.003 0.005 0.006 0.043 0.334 0.435 0.318 0.015 0.010 0.007 0.007 0.008 0.013 0.009 0.005 0.010 0.010 0.005 0.000
0.012 0.031 0.030 0.042 0.051 0.024 0.076 0.444 0.404 0.004 0.004 0.005 0.009 0.017 0.018 0.013 0.009 0.010 0.011 0.012 0.015 0.005 0.008 0.008 0.008 0.012 0.213 0.034 0.005 0.004 0.004 0.005 0.092 0.399 0.196 0.004 0.003 0.007 0.018 0.007 0.003 0.004 0.355 0.505 0.339 0.006 0.003 0.025 0.050 0.146 0.211 0.014 0.010 0.017 0.024 0.013 0.005 0.003 0.004 0.006 0.106 0.331 0.517 0.584 0.384 0.017 0.011 0.007 0.006 0.009 0.013 0.012 0.011 0.008 0.005 0.000 0.000
0.002 0.006 0.007 0.006 0.008 0.010 0.087 0.378 0.439 0.135 0.005 0.006 0.009 0.011 0.010 0.009 0.010 0.009 0.011 0.023 0.024 0.003 0.005 0.008 0.016 0.278 0.051 0.004 0.003 0.003 0.012 0.009 0.017 0.262 0.270 0.008 0.007 0.005 0.012 0.007 0.003 0.003 0.160 0.259 0.005 0.004 0.013 0.035 0.017 0.037 0.029 0.008 0.007 0.008 0.014 0.014 0.009 0.004 0.005 0.029 0.403 0.628 0.662 0.566 0.014 0.012 0.014 0.014 0.010 0.009 0.011 0.011 0.010 0.007 0.005 0.000 0.000
0.005 0.008 0.013 0.006 0.004 0.015 0.010 0.225 0.504 0.561 0.018 0.007 0.007 0.008 0.009 0.008 0.006 0.003 0.011 0.014 0.003 0.004 0.005 0.009 0.301 0.323 0.004 0.003 0.003 0.002 0.006 0.012 0.026 0.019 0.171 0.162 0.006 0.003 0.005 0.007 0.005 0.007 0.069 0.005 0.003 0.005 0.093 0.038 0.011 0.018 0.010 0.007 0.007 0.007 0.006 0.005 0.012 0.040 0.005 0.140 0.668 0.812 0.708 0.360 0.010 0.010 0.012 0.011 0.009 0.009 0.010 0.009 0.007 0.006 0.000 0.000 0.000
0.010 0.011 0.016 0.007 0.005 0.008 0.005 0.050 0.237 0.372 0.292 0.010 0.009 0.007 0.007 0.005 0.007 0.004 0.013 0.008 0.004 0.006 0.007 0.221 0.428 0.314 0.017 0.006 0.005 0.003 0.004 0.054 0.107 0.006 0.005 0.010 0.003 0.002 0.003 0.004 0.011 0.286 0.006 0.003 0.003 0.017 0.031 0.010 0.010 0.011 0.010 0.008 0.006 0.006 0.005 0.004 0.005 0.185 0.504 0.607 0.829 0.820 0.661 0.012 0.009 0.011 0.012 0.011 0.008 0.009 0.010 0.007 0.005 0.000 0.000 0.000 0.000
0.013 0.011 0.023 0.010 0.006 0.004 0.003 0.005 0.007 0.152 0.314 0.369 0.522 0.008 0.006 0.005 0.007 0.006 0.017 0.017 0.006 0.026 0.124 0.353 0.402 0.197 0.025 0.024 0.027 0.015 0.034 0.128 0.115 0.005 0.004 0.006 0.003 0.003 0.003 0.004 0.005 0.168 0.004 0.003 0.006 0.043 0.010 0.007 0.007 0.007 0.008 0.007 0.004 0.004 0.004 0.003 0.004 0.007 0.492 0.571 0.663 0.720 0.156 0.008 0.010 0.014 0.016 0.018 0.018 0.015 0.008 0.005 0.000 0.000 0.000 0.000 0.000
0.020 0.024 0.023 0.015 0.005 0.007 0.005 0.003 0.005 0.007 0.117 0.251 0.387 0.306 0.005 0.008 0.037 0.138 0.114 0.284 0.165 0.053 0.045 0.037 0.015 0.012 0.010 0.011 0.018 0.012 0.028 0.010 0.006 0.003 0.007 0.021 0.028 0.005 0.005 0.007 0.012 0.013 0.004 0.004 0.022 0.061 0.012 0.006 0.005 0.005 0.005 0.005 0.006 0.008 0.005 0.004 0.004 0.005 0.006 0.005 0.009 0.156 0.007 0.007 0.010 0.011 0.010 0.009 0.009 0.007 0.006 0.004 0.000 0.000 0.000 0.000 0.000
0.037 0.016 0.034 0.010 0.011 0.035 0.007 0.003 0.004 0.006 0.008 0.017 0.039 0.069 0.076 0.061 0.024 0.009 0.005 0.074 0.013 0.006 0.021 0.011 0.009 0.012 0.009 0.009 0.022 0.004 0.018 0.008 0.006 0.011 0.011 0.011 0.029 0.046 0.206 0.191 0.021 0.005 0.005 0.075 0.059 0.052 0.038 0.018 0.010 0.009 0.008 0.006 0.006 0.025 0.007 0.005 0.005 0.004 0.005 0.003 0.008 0.030 0.005 0.006 0.009 0.009 0.009 0.008 0.006 0.005 0.004 0.000 0.000 0.000 0.000 0.000 0.000
0.009 0.010 0.005 0.002 0.004 0.010 0.032 0.006 0.006 0.006 0.006 0.014 0.010 0.008 0.008 0.008 0.007 0.005 0.005 0.042 0.012 0.008 0.019 0.012 0.013 0.014 0.010 0.014 0.021 0.004 0.010 0.006 0.006 0.019 0.010 0.008 0.007 0.006 0.018 0.021 0.006 0.003 0.009 0.062 0.045 0.038 0.040 0.039 0.025 0.012 0.009 0.006 0.007 0.088 0.009 0.005 0.004 0.007 0.006 0.004 0.005 0.031 0.038 0.013 0.008 0.009 0.009 0.007 0.004 0.003 0.000 0.000 0.000 0.000 0.000 0.000 0.000
0.006 0.008 0.018 0.008 0.003 0.003 0.022 0.087 0.093 0.038 0.030 0.015 0.009 0.008 0.007 0.004 0.005 0.005 0.028 0.049 0.012 0.011 0.010 0.009 0.008 0.008 0.008 0.007 0.006 0.004 0.005 0.004 0.006 0.008 0.008 0.008 0.006 0.005 0.006 0.007 0.012 0.035 0.039 0.029 0.037 0.033 0.036 0.037 0.035 0.028 0.012 0.007 0.008 0.125 0.133 0.007 0.005 0.005 0.005 0.004 0.004 0.005 0.025 0.015 0.006 0.006 0.011 0.007 0.004 0.000 0.000 0.000 0.000 0.000 0.000 0.000 0.000
0.008 0.007 0.008 0.067 0.002 0.003 0.004 0.037 0.048 0.007 0.025 0.010 0.006 0.007 0.008 0.004 0.005 0.012 0.102 0.024 0.007 0.007 0.007 0.006 0.006 0.006 0.006 0.005 0.004 0.003 0.004 0.004 0.005 0.005 0.005 0.011 0.013 0.006 0.003 0.004 0.035 0.093 0.095 0.084 0.039 0.030 0.035 0.035 0.031 0.030 0.029 0.022 0.036 0.102 0.048 0.008 0.005 0.004 0.003 0.003 0.004 0.004 0.012 0.016 0.004 0.004 0.005 0.006 0.005 0.000 0.000 0.000 0.000 0.000 0.000 0.000 0.000
0.007 0.006 0.008 0.067 0.295 0.122 0.011 0.020 0.005 0.005 0.008 0.004 0.003 0.009 0.012 0.004 0.005 0.008 0.036 0.008 0.005 0.005 0.005 0.005 0.005 0.005 0.005 0.004 0.003 0.003 0.003 0.003 0.003 0.004 0.006 0.015 0.052 0.007 0.004 0.006 0.092 0.142 0.127 0.089 0.021 0.046 0.039 0.036 0.030 0.021 0.020 0.021 0.022 0.007 0.006 0.008 0.007 0.006 0.005 0.004 0.003 0.003 0.005 0.026 0.039 0.006 0.004 0.004 0.000 0.000 0.000 0.000 0.000 0.000 0.000 0.000 0.000
0.005 0.005 0.006 0.006 0.279 0.457 0.206 0.014 0.007 0.009 0.011 0.009 0.007 0.011 0.008 0.003 0.004 0.006 0.018 0.006 0.005 0.004 0.004 0.004 0.004 0.004 0.004 0.004 0.003 0.003 0.004 0.004 0.005 0.006 0.008 0.099 0.123 0.006 0.006 0.109 0.145 0.103 0.011 0.013 0.013 0.032 0.044 0.043 0.038 0.023 0.012 0.013 0.041 0.032 0.012 0.016 0.023 0.025 0.008 0.005 0.004 0.004 0.004 0.006 0.073 0.101 0.005 0.000 0.000 0.000 0.000 0.000 0.000 0.000 0.000 0.000 0.000
0.004 0.007 0.007 0.005 0.012 0.504 0.553 0.323 0.035 0.010 0.012 0.014 0.011 0.012 0.007 0.004 0.004 0.007 0.013 0.013 0.007 0.005 0.005 0.004 0.003 0.003 0.003 0.002 0.003 0.004 0.005 0.006 0.006 0.007 0.011 0.125 0.070 0.017 0.031 0.240 0.329 0.065 0.008 0.010 0.007 0.017 0.030 0.038 0.075 0.065 0.037 0.032 0.134 0.223 0.192 0.019 0.034 0.022 0.021 0.008 0.006 0.005 0.003 0.002 0.004 0.009 0.002 0.000 0.000 0.000 0.000 0.000 0.000 0.000 0.000 0.000 0.000
0.005 0.019 0.073 0.013 0.017 0.196 0.542 0.615 0.420 0.009 0.011 0.013 0.014 0.013 0.007 0.004 0.005 0.010 0.018 0.016 0.008 0.006 0.006 0.005 0.004 0.004 0.004 0.003 0.004 0.005 0.005 0.006 0.007 0.009 0.022 0.007 0.009 0.027 0.250 0.450 0.420 0.008 0.006 0.011 0.010 0.021 0.023 0.013 0.026 0.112 0.047 0.094 0.288 0.338 0.185 0.011 0.011 0.016 0.026 0.036 0.024 0.007 0.004 0.003 0.002 0.004 0.000 0.000 0.000 0.000 0.000 0.000 0.000 0.000 0.000 0.000 0.000
0.007 0.020 0.072 0.056 0.032 0.020 0.224 0.633 0.620 0.203 0.010 0.010 0.013 0.013 0.007 0.007 0.021 0.140 0.034 0.016 0.017 0.008 0.007 0.006 0.005 0.005 0.004 0.003 0.004 0.005 0.006 0.007 0.009 0.096 0.060 0.004 0.010 0.190 0.310 0.291 0.007 0.004 0.003 0.006 0.010 0.023 0.018 0.019 0.019 0.024 0.007 0.012 0.303 0.234 0.008 0.006 0.006 0.008 0.010 0.013 0.020 0.022 0.007 0.005 0.004 0.000 0.000 0.000 0.000 0.000 0.000 0.000 0.000 0.000 0.000 0.000 0.000
