Project1/res/jiangbei.mxe
ncols         319
nrows         411
xllcorner     657492.000000
yllcorner     3548067.000000
cellsize      10.000000
NODATA_value  -9999.000000
[rows 240 to 269 of 411, columns 67 to 133 of 319]
6.730 6.730 6.730 6.885 6.876 6.788 6.788 6.788 6.788 6.788 6.788 6.788 6.801 6.918 6.918 6.794 6.793 6.793 6.881 7.506 7.471 7.142 7.050 7.049 7.047 7.041 7.013 7.001 7.001 7.002 7.002 7.032 7.127 7.222 7.161 6.953 6.885 6.791 6.622 6.430 6.291 6.045 5.968 5.968 5.968 5.968 5.983 6.265 6.545 6.758 6.691 6.445 6.254 6.116 6.119 6.125 6.128 6.131 6.135 6.810 7.368 7.454 7.378 7.379 7.424 7.459 7.379
6.730 6.730 6.730 6.759 6.866 6.813 6.788 6.788 6.788 6.789 6.790 6.835 6.941 7.084 7.088 7.031 7.183 7.086 7.329 7.821 7.528 7.119 7.050 7.049 7.059 7.167 7.074 7.001 7.000 7.001 7.047 7.151 7.231 7.255 7.062 6.854 6.829 6.820 6.809 6.739 6.576 6.489 6.226 5.968 5.968 5.968 6.097 6.464 6.656 6.768 6.596 6.392 6.270 6.178 6.131 6.131 6.132 6.134 6.136 6.500 7.009 7.319 7.395 7.409 7.454 7.458 7.440
6.731 6.730 6.731 6.731 6.735 6.829 6.828 6.806 6.803 6.819 6.865 6.939 7.075 7.216 7.184 7.174 7.668 8.218 8.400 8.103 7.565 7.139 7.050 7.049 7.139 7.164 7.081 6.997 6.998 7.010 7.111 7.243 7.343 7.234 6.919 6.829 6.829 6.876 6.949 6.880 6.689 6.624 6.614 6.393 6.173 5.968 6.167 6.555 6.659 6.661 6.519 6.387 6.277 6.171 6.137 6.136 6.136 6.137 6.137 6.405 6.672 7.088 7.321 7.418 7.509 7.457 7.442
6.968 6.731 6.731 6.731 6.774 7.053 7.082 6.989 6.887 6.886 6.917 6.994 7.142 7.256 7.206 7.160 7.508 8.175 8.265 7.907 7.459 7.092 7.051 7.049 7.040 7.019 6.973 6.970 6.989 7.076 7.135 7.317 7.421 7.256 6.957 6.819 6.857 7.015 7.048 6.844 6.577 6.555 6.753 6.776 6.640 6.388 6.417 6.582 6.594 6.567 6.479 6.378 6.277 6.168 6.140 6.139 6.139 6.139 6.139 6.379 6.676 6.927 7.156 7.413 7.562 7.472 7.350
7.217 6.942 6.731 6.731 6.917 7.399 7.509 7.198 6.956 6.921 6.925 7.008 7.141 7.190 7.191 7.121 7.033 7.119 7.139 7.209 7.084 7.010 7.109 7.044 6.983 6.989 6.965 6.967 6.985 7.012 7.149 7.371 7.413 7.180 6.903 6.799 6.798 6.966 7.043 6.782 6.555 6.554 6.669 6.890 6.823 6.728 6.680 6.586 6.545 6.494 6.403 6.314 6.226 6.146 6.143 6.142 6.142 6.142 6.142 6.483 6.912 6.761 6.812 7.144 7.381 7.357 7.136
7.337 7.291 7.096 6.870 6.925 7.474 7.655 7.145 6.949 6.926 6.926 7.002 7.121 7.066 7.035 6.921 6.705 6.684 6.684 6.755 6.905 6.997 7.129 7.116 6.963 6.960 6.962 6.963 6.963 6.971 7.146 7.222 7.003 6.803 6.800 6.797 6.794 6.805 6.908 6.838 6.556 6.552 6.550 6.769 6.870 6.809 6.750 6.592 6.503 6.413 6.312 6.225 6.149 6.148 6.146 6.145 6.145 6.144 6.144 6.395 6.737 6.495 6.376 6.570 6.947 7.071 6.911
7.163 7.474 7.562 7.363 7.061 7.118 7.198 6.929 6.958 6.927 6.927 6.956 7.081 6.951 6.735 6.684 6.684 6.684 6.684 6.790 6.862 6.981 7.124 7.068 6.949 6.958 6.960 6.962 6.963 6.963 6.957 6.909 6.817 6.805 6.800 6.796 6.789 6.783 6.776 6.768 6.614 6.551 6.547 6.617 6.740 6.541 6.499 6.494 6.469 6.334 6.221 6.151 6.150 6.149 6.148 6.148 6.147 6.146 6.145 6.405 6.561 6.327 6.275 6.426 6.890 6.890 6.788
7.089 7.212 7.474 7.535 7.294 7.032 6.929 6.928 6.928 6.927 6.927 6.928 7.001 6.684 6.684 6.684 6.684 6.684 6.794 6.849 6.801 6.802 6.870 6.908 6.925 6.953 6.959 6.961 7.014 7.023 6.919 6.829 6.825 6.835 6.856 6.809 6.784 6.778 6.765 6.735 6.646 6.555 6.535 6.577 6.521 6.267 6.243 6.375 6.482 6.327 6.152 6.151 6.151 6.150 6.150 6.150 6.150 6.149 6.205 6.231 6.249 6.251 6.270 6.490 6.705 6.569 6.557
7.089 7.088 7.166 7.346 7.331 7.175 6.929 6.928 6.928 6.927 6.926 7.024 6.912 6.684 6.684 6.684 6.724 6.815 6.901 6.898 6.798 6.801 6.808 6.836 6.905 6.975 7.086 7.151 7.223 7.177 7.065 6.975 6.877 6.878 6.873 6.822 6.785 6.778 6.764 6.732 6.617 6.545 6.491 6.423 6.233 6.232 6.232 6.293 6.544 6.499 6.235 6.151 6.152 6.152 6.152 6.152 6.153 6.156 6.161 6.164 6.166 6.169 6.411 6.601 6.513 6.453 6.458
7.088 7.088 7.087 7.149 7.212 7.171 7.038 7.001 7.043 6.951 6.925 7.054 6.968 6.684 6.684 6.694 6.797 6.891 7.039 6.789 6.794 6.798 6.804 6.852 6.940 7.061 7.182 7.264 7.316 7.271 7.223 7.172 6.996 6.890 6.871 6.842 6.836 6.920 7.107 6.880 6.566 6.484 6.411 6.283 6.232 6.232 6.231 6.231 6.447 6.539 6.436 6.212 6.152 6.153 6.154 6.154 6.156 6.158 6.161 6.164 6.167 6.170 6.348 6.435 6.440 6.448 6.454
7.226 7.087 7.086 7.074 7.121 7.123 7.079 7.032 6.977 6.923 6.924 6.992 7.053 6.899 6.896 6.857 6.797 6.942 6.950 6.781 6.787 6.793 6.826 6.906 6.996 7.109 7.246 7.330 7.343 7.284 7.245 7.178 7.050 6.923 6.916 7.046 7.342 7.719 7.693 7.016 6.485 6.364 6.281 6.234 6.232 6.231 6.231 6.231 6.231 6.291 6.385 6.398 6.219 6.154 6.155 6.156 6.158 6.160 6.162 6.164 6.167 6.317 6.371 6.393 6.432 6.444 6.452
7.613 7.485 7.136 7.018 7.003 6.997 6.951 6.922 6.923 6.923 6.923 6.926 7.006 6.940 6.896 6.815 6.754 6.801 6.825 6.773 6.781 6.793 6.893 6.966 7.035 7.132 7.262 7.354 7.348 7.252 7.190 7.186 7.164 7.324 7.521 7.775 8.193 8.336 7.634 6.872 6.422 6.240 6.239 6.236 6.232 6.231 6.231 6.231 6.230 6.230 6.230 6.245 6.317 6.216 6.156 6.157 6.159 6.161 6.162 6.163 6.363 6.506 6.375 6.390 6.552 6.576 6.596
7.961 7.898 7.431 7.035 6.925 6.923 6.922 6.922 6.922 6.922 6.922 6.921 6.910 6.830 6.811 6.752 6.648 6.678 6.700 6.752 6.778 6.886 7.006 7.064 7.082 7.144 7.255 7.332 7.318 7.256 7.192 7.190 7.452 7.828 8.173 8.453 8.391 7.673 6.938 6.500 6.239 6.239 6.238 6.237 6.236 6.436 6.394 6.230 6.230 6.230 6.230 6.230 6.230 6.251 6.253 6.165 6.160 6.162 6.163 6.249 6.515 6.412 6.378 6.450 6.681 6.847 6.916
8.178 8.027 7.646 7.232 6.976 6.921 6.921 6.922 6.922 6.922 6.922 6.917 6.836 6.815 6.802 6.697 6.653 6.659 6.685 6.764 6.891 7.053 7.162 7.168 7.166 7.234 7.336 7.336 7.331 7.366 7.440 7.518 7.817 8.089 8.438 8.572 7.916 7.016 6.456 6.237 6.238 6.239 6.239 6.238 6.238 6.521 6.670 6.345 6.230 6.230 6.230 6.230 6.230 6.230 6.256 6.293 6.223 6.163 6.164 6.292 6.363 6.376 6.379 6.400 6.666 6.973 7.093
8.301 8.018 7.660 7.364 7.105 6.919 6.920 6.921 6.921 6.922 6.953 6.888 6.824 6.836 6.802 6.703 6.645 6.646 6.692 6.795 6.962 7.218 7.347 7.332 7.356 7.445 7.486 7.388 7.563 7.808 7.782 7.822 7.943 8.119 8.208 7.900 7.263 6.639 6.234 6.237 6.238 6.239 6.239 6.239 6.239 6.463 6.618 6.230 6.230 6.230 6.230 6.230 6.230 6.230 6.230 6.230 6.360 6.584 6.450 6.362 6.369 6.385 6.384 6.434 6.791 7.120 7.254
8.333 7.961 7.599 7.380 7.218 6.895 6.919 6.920 6.921 6.961 6.915 6.826 6.795 6.793 6.807 6.752 6.634 6.632 6.704 6.838 7.052 7.320 7.515 7.544 7.562 7.635 7.656 7.680 8.019 8.173 8.058 7.943 7.929 7.948 7.677 7.168 6.717 6.265 6.232 6.238 6.469 6.449 6.240 6.240 6.240 6.508 6.597 6.230 6.230 6.230 6.230 6.230 6.230 6.230 6.230 6.230 6.521 6.721 6.493 6.400 6.402 6.403 6.425 6.613 6.928 7.206 7.379
8.446 8.047 7.643 7.354 7.247 7.062 6.920 6.920 6.921 6.928 6.884 6.804 6.793 6.791 6.782 6.736 6.623 6.620 6.616 6.879 7.288 7.461 7.585 7.616 7.627 7.685 7.777 7.882 7.981 8.007 8.008 7.946 7.780 7.548 7.121 6.622 6.227 6.206 6.224 6.569 6.848 6.665 6.241 6.242 6.242 6.551 6.586 6.322 6.230 6.230 6.230 6.230 6.230 6.230 6.230 6.230 6.765 6.743 6.481 6.414 6.413 6.413 6.538 6.689 6.904 7.190 7.431
8.702 8.415 7.897 7.397 7.227 7.193 7.066 6.921 6.921 6.915 6.900 6.799 6.793 6.786 6.761 6.737 6.615 6.613 6.611 6.894 7.401 7.555 7.602 7.615 7.633 7.689 7.788 7.846 7.858 7.859 7.859 7.895 7.511 7.073 6.637 6.185 6.152 6.193 6.642 6.981 6.888 6.669 6.242 6.243 6.243 6.504 6.653 6.472 6.356 6.485 6.636 6.370 6.230 6.230 6.230 6.338 6.687 6.528 6.443 6.419 6.418 6.488 6.790 6.848 6.913 7.105 7.388
8.763 8.518 7.973 7.386 7.228 7.279 7.322 7.060 6.922 6.946 6.953 6.810 6.795 6.796 6.780 6.728 6.611 6.607 6.603 6.597 7.093 7.445 7.556 7.608 7.637 7.698 7.783 7.836 7.825 7.817 7.830 7.878 7.364 6.627 6.146 6.134 6.145 6.724 7.286 7.295 6.749 6.638 6.347 6.244 6.244 6.264 6.650 6.692 6.580 6.719 6.914 6.702 6.230 6.230 6.300 6.598 6.586 6.547 6.528 6.448 6.447 6.754 7.036 7.085 7.086 7.121 7.195
8.698 8.194 7.519 7.167 7.149 7.219 7.216 7.069 7.019 7.029 6.933 6.768 6.729 6.793 6.808 6.707 6.636 6.601 6.597 6.591 6.556 7.022 7.392 7.549 7.609 7.681 7.763 7.834 7.735 7.752 7.848 7.584 6.971 6.221 6.127 6.129 6.332 6.999 7.503 7.543 6.781 6.547 6.486 6.276 6.245 6.245 6.713 7.164 7.015 6.856 6.805 6.408 6.230 6.479 6.790 6.698 6.590 6.582 6.607 6.604 6.735 7.062 7.304 7.382 7.434 7.434 7.164
8.475 7.786 7.222 7.114 7.113 7.109 7.093 7.081 7.055 6.969 6.802 6.670 6.600 6.663 6.788 6.788 6.786 6.598 6.592 6.585 6.578 6.598 6.816 7.296 7.477 7.581 7.564 7.568 7.286 7.434 7.384 6.812 6.373 6.119 6.124 6.127 6.229 6.691 7.010 7.268 6.862 6.525 6.519 6.566 6.562 6.501 7.323 7.872 7.562 6.949 6.497 6.410 6.464 6.930 6.938 6.677 6.621 6.688 6.751 6.807 6.944 7.202 7.530 7.686 7.783 7.826 7.460
7.878 7.473 7.160 7.113 7.112 7.111 7.106 7.106 7.007 6.857 6.727 6.557 6.320 6.405 6.689 6.853 6.946 6.788 6.596 6.579 6.573 6.567 6.562 6.717 7.130 7.147 6.967 6.822 6.573 6.538 6.532 6.264 6.122 6.114 6.122 6.126 6.249 6.524 6.611 6.633 6.605 6.527 6.524 6.748 6.863 6.754 7.288 7.603 7.411 6.909 6.512 6.410 6.747 7.027 6.808 6.684 6.704 6.824 6.935 7.032 7.123 7.276 7.601 7.821 8.043 8.276 8.025
7.094 7.143 7.146 7.114 7.113 7.115 7.230 7.066 6.902 6.827 6.681 6.374 6.037 6.264 6.542 6.724 6.923 6.976 6.796 6.604 6.569 6.564 6.557 6.547 6.588 6.476 6.317 6.327 6.329 6.328 6.316 6.281 6.158 6.057 6.155 6.354 6.565 6.714 6.734 6.720 6.702 6.747 6.876 7.017 6.934 6.513 6.396 6.542 6.540 6.371 6.326 6.401 6.802 6.834 6.678 6.684 6.722 6.839 6.971 7.104 7.225 7.352 7.493 7.499 7.928 8.413 8.461
7.004 7.110 7.130 7.115 7.112 7.096 7.012 6.911 6.892 6.838 6.676 6.376 6.093 6.335 6.614 6.632 6.775 6.973 6.912 6.747 6.628 6.563 6.550 6.528 6.455 6.398 6.272 6.350 6.412 6.353 6.408 6.514 6.475 6.600 6.777 6.808 6.886 6.928 6.889 7.067 6.896 7.009 7.148 7.108 7.003 6.693 6.323 6.117 6.052 6.045 6.139 6.593 6.675 6.628 6.648 6.685 6.728 6.797 6.906 7.036 7.166 7.294 7.308 7.173 7.568 8.349 8.693
7.113 7.133 7.136 7.225 7.219 6.971 6.924 6.921 6.913 6.867 6.789 6.499 6.214 6.411 6.770 6.705 6.707 6.779 6.789 6.754 6.725 6.705 6.720 6.739 6.734 6.725 6.735 6.746 6.654 6.504 6.581 6.748 6.727 6.847 6.939 6.982 7.036 7.020 6.994 7.506 7.373 7.504 7.469 7.142 7.133 7.008 6.823 6.587 6.054 6.000 6.497 6.724 6.617 6.617 6.643 6.697 6.747 6.801 6.864 6.960 7.088 7.214 7.214 7.138 7.313 8.236 8.767
7.169 7.162 7.217 7.418 7.182 6.946 6.927 6.925 6.924 7.003 6.952 6.656 6.351 6.372 6.852 6.896 6.703 6.685 6.686 6.700 6.718 6.736 6.833 6.925 7.006 7.126 7.094 6.910 6.658 6.570 6.707 6.936 7.101 7.383 7.638 7.831 8.018 8.206 8.390 8.713 8.728 8.671 8.091 7.433 7.248 7.032 6.973 6.908 6.663 6.577 6.589 6.594 6.591 6.567 6.631 6.711 6.769 6.820 6.870 6.927 7.014 7.134 7.143 7.136 7.137 7.754 8.574
7.171 7.205 7.304 7.373 7.143 7.005 6.994 6.954 6.968 7.065 7.024 6.882 6.568 6.340 6.576 6.813 6.738 6.676 6.683 6.723 6.726 6.784 6.986 7.080 7.107 7.281 7.240 6.849 6.673 6.665 7.075 7.558 7.938 8.464 8.968 9.317 9.622 9.983 10.284 10.413 10.114 9.638 8.830 7.967 7.349 6.942 6.900 6.918 6.921 6.804 6.599 6.598 6.596 6.594 6.612 6.723 6.794 6.844 6.891 6.940 7.000 7.079 7.111 7.132 7.136 7.614 8.305
7.220 7.272 7.289 7.393 7.343 7.133 7.075 7.041 7.118 7.140 7.131 7.037 6.709 6.340 6.339 6.339 6.494 6.607 6.681 6.742 6.749 6.893 7.099 7.094 7.110 7.333 7.306 6.887 6.698 6.817 7.460 8.120 8.737 9.471 10.155 10.675 11.115 11.564 11.833 11.823 11.103 10.183 9.151 8.098 7.270 6.818 6.791 6.855 6.861 6.668 6.603 6.601 6.598 6.596 6.592 6.729 6.821 6.872 6.916 6.958 7.004 7.053 7.082 7.128 7.259 7.532 7.803
7.325 7.268 7.194 7.265 7.213 7.146 7.128 7.159 7.221 7.228 7.238 7.128 6.902 6.601 6.339 6.339 6.338 6.369 6.564 6.673 6.718 6.816 6.980 7.009 7.107 7.369 7.328 6.933 6.753 6.865 7.486 8.358 9.171 9.961 10.794 11.534 11.974 12.274 12.423 12.013 11.014 9.991 8.935 7.950 7.131 6.787 6.787 6.805 6.734 6.608 6.606 6.604 6.679 6.748 6.817 6.834 6.861 6.902 6.946 6.974 7.003 7.026 7.017 7.017 7.117 7.239 7.345
7.288 7.206 7.191 7.189 7.188 7.176 7.280 7.322 7.293 7.290 7.300 7.100 6.977 6.927 6.441 6.338 6.337 6.336 6.336 6.570 6.672 6.742 6.852 6.904 7.075 7.317 7.248 6.900 6.770 6.795 7.304 8.179 9.047 9.937 10.873 11.793 12.343 12.572 12.433 11.644 10.565 9.466 8.411 7.589 6.932 6.786 6.785 6.760 6.615 6.610 6.608 6.606 6.897 7.000 7.061 7.034 6.969 6.962 6.967 6.987 7.001 7.009 7.012 7.011 7.009 6.982 7.263
