Project1/res/jiangbei.maxVy
ncols         319
nrows         412
xllcorner     657492.000000
yllcorner     3548062.000000
cellsize      10.000000
NODATA_value  -9999.000000
[rows 238 to 271 of 412, columns 77 to 153 of 319]
0.021 0.017 0.016 0.020 0.034 0.039 0.060 0.086 0.082 0.067 0.080 0.094 0.113 0.106 0.068 0.026 0.061 0.043 0.034 0.010 0.037 0.076 0.109 0.059 0.052 0.002 0.087 0.142 0.164 0.093 0.058 0.063 0.079 0.077 0.101 0.149 0.158 0.028 0.048 0.066 0.082 0.078 0.111 0.037 0.092 0.065 0.035 0.082 0.065 0.028 0.057 0.118 0.108 0.059 0.072 0.074 0.049 0.089 0.223 0.302 0.110 0.070 0.032 0.053 0.089 0.153 0.131 0.055 0.077 0.090 0.076 0.131 0.084 0.031 0.018 0.037 0.068
0.032 0.030 0.030 0.054 0.045 0.034 0.055 0.077 0.031 0.036 0.043 0.080 0.097 0.107 0.060 0.036 0.025 0.031 0.055 0.042 0.004 0.105 0.095 0.071 0.074 0.107 0.132 0.156 0.164 0.136 0.137 0.078 0.054 0.037 0.066 0.057 0.081 0.094 0.115 0.112 0.084 0.085 0.092 0.139 0.167 0.054 0.087 0.119 0.098 0.056 0.034 0.049 0.096 0.011 0.036 0.062 0.089 0.096 0.189 0.207 0.045 0.025 0.038 0.079 0.103 0.212 0.044 0.061 0.070 0.068 0.055 0.064 0.091 0.028 0.011 0.020 0.041
0.049 0.053 0.070 0.067 0.068 0.083 0.066 0.027 0.060 0.065 0.058 0.007 0.048 0.045 0.048 0.029 0.046 0.054 0.065 0.054 0.038 0.056 0.070 0.054 0.047 0.028 0.066 0.132 0.138 0.123 0.135 0.145 0.112 0.053 0.079 0.135 0.111 0.112 0.102 0.072 0.040 0.018 0.064 0.064 0.109 0.088 0.105 0.122 0.123 0.082 0.018 0.034 0.056 0.052 0.029 0.044 0.081 0.092 0.113 0.167 0.018 0.028 0.044 0.083 0.107 0.141 0.101 0.059 0.046 0.033 0.010 0.039 0.080 0.033 0.011 0.012 0.017
0.069 0.082 0.079 0.067 0.078 0.132 0.091 0.145 0.103 0.063 0.038 0.032 0.030 0.026 0.053 0.048 0.044 0.020 0.015 0.034 0.069 0.072 0.056 0.014 0.041 0.052 0.037 0.062 0.092 0.098 0.103 0.112 0.123 0.130 0.187 0.128 0.073 0.077 0.052 0.012 0.040 0.037 0.035 0.060 0.061 0.064 0.047 0.050 0.104 0.089 0.069 0.042 0.024 0.046 0.037 0.006 0.050 0.079 0.084 0.085 0.097 0.020 0.094 0.145 0.133 0.079 0.061 0.099 0.099 0.095 0.081 0.049 0.014 0.022 0.009 0.007 0.011
0.076 0.075 0.067 0.050 0.065 0.079 0.080 0.108 0.093 0.059 0.027 0.026 0.055 0.051 0.038 0.007 0.014 0.037 0.043 0.066 0.059 0.058 0.046 0.011 0.059 0.046 0.026 0.051 0.054 0.053 0.052 0.058 0.089 0.126 0.129 0.188 0.067 0.050 0.008 0.038 0.048 0.018 0.020 0.020 0.049 0.049 0.042 0.076 0.076 0.061 0.094 0.076 0.049 0.018 0.034 0.008 0.011 0.035 0.044 0.071 0.117 0.100 0.138 0.154 0.146 0.144 0.174 0.087 0.116 0.122 0.110 0.093 0.068 0.042 0.050 0.069 0.077
0.058 0.052 0.042 0.025 0.026 0.025 0.046 0.021 0.033 0.049 0.045 0.038 0.056 0.052 0.043 0.052 0.053 0.056 0.068 0.046 0.036 0.046 0.034 0.021 0.033 0.064 0.032 0.050 0.039 0.027 0.051 0.049 0.047 0.080 0.108 0.174 0.115 0.031 0.039 0.048 0.022 0.019 0.004 0.015 0.047 0.063 0.057 0.100 0.061 0.045 0.014 0.078 0.076 0.014 0.026 0.018 0.082 0.050 0.051 0.033 0.100 0.106 0.116 0.115 0.096 0.157 0.172 0.179 0.078 0.120 0.128 0.127 0.105 0.065 0.082 0.115 0.129
0.023 0.026 0.006 0.032 0.022 0.069 0.101 0.112 0.108 0.109 0.096 0.068 0.036 0.034 0.057 0.038 0.056 0.053 0.028 0.045 0.011 0.030 0.011 0.039 0.039 0.107 0.046 0.029 0.008 0.042 0.078 0.097 0.036 0.037 0.068 0.101 0.086 0.017 0.041 0.054 0.056 0.056 0.049 0.044 0.045 0.052 0.064 0.079 0.103 0.039 0.047 0.086 0.107 0.075 0.047 0.049 0.108 0.103 0.110 0.036 0.066 0.076 0.075 0.103 0.055 0.117 0.170 0.157 0.151 0.167 0.064 0.110 0.098 0.061 0.073 0.092 0.102
0.065 0.017 0.027 0.060 0.062 0.109 0.155 0.126 0.134 0.099 0.088 0.056 0.020 0.038 0.061 0.048 0.041 0.044 0.044 0.046 0.006 0.049 0.074 0.098 0.079 0.100 0.060 0.063 0.044 0.032 0.059 0.047 0.074 0.038 0.026 0.038 0.034 0.013 0.054 0.070 0.076 0.077 0.075 0.074 0.073 0.071 0.049 0.046 0.012 0.036 0.040 0.138 0.141 0.116 0.083 0.081 0.110 0.178 0.046 0.081 0.074 0.091 0.094 0.108 0.113 0.145 0.194 0.194 0.172 0.155 0.143 0.151 0.067 0.068 0.076 0.077 0.053
0.098 0.042 0.031 0.074 0.101 0.141 0.141 0.159 0.066 0.042 0.064 0.041 0.010 0.030 0.058 0.037 0.029 0.024 0.043 0.049 0.064 0.072 0.077 0.039 0.063 0.040 0.060 0.062 0.055 0.037 0.106 0.067 0.023 0.058 0.043 0.068 0.065 0.052 0.022 0.064 0.081 0.085 0.086 0.083 0.074 0.053 0.027 0.023 0.071 0.013 0.048 0.106 0.144 0.087 0.043 0.063 0.214 0.070 0.084 0.106 0.107 0.093 0.094 0.091 0.112 0.161 0.165 0.157 0.162 0.149 0.148 0.124 0.086 0.104 0.106 0.117 0.114
0.055 0.038 0.040 0.100 0.125 0.109 0.122 0.094 0.080 0.037 0.069 0.054 0.063 0.065 0.112 0.047 0.047 0.050 0.034 0.058 0.039 0.060 0.100 0.078 0.053 0.058 0.066 0.058 0.051 0.042 0.109 0.090 0.108 0.039 0.059 0.098 0.104 0.071 0.017 0.025 0.086 0.081 0.070 0.050 0.030 0.041 0.069 0.067 0.060 0.056 0.068 0.079 0.047 0.045 0.062 0.090 0.284 0.119 0.043 0.073 0.092 0.093 0.079 0.081 0.105 0.128 0.153 0.103 0.142 0.167 0.151 0.123 0.103 0.140 0.123 0.205 0.213
0.055 0.040 0.040 0.096 0.064 0.080 0.096 0.071 0.049 0.028 0.073 0.076 0.072 0.091 0.123 0.058 0.086 0.092 0.069 0.076 0.088 0.088 0.118 0.087 0.024 0.062 0.053 0.045 0.024 0.039 0.102 0.060 0.180 0.062 0.087 0.122 0.143 0.062 0.028 0.059 0.058 0.022 0.038 0.038 0.041 0.084 0.099 0.065 0.043 0.087 0.082 0.198 0.053 0.036 0.060 0.093 0.252 0.106 0.057 0.049 0.020 0.029 0.046 0.063 0.083 0.115 0.131 0.112 0.116 0.163 0.192 0.196 0.139 0.189 0.174 0.315 0.065
0.073 0.021 0.037 0.100 0.129 0.106 0.050 0.047 0.026 0.047 0.044 0.043 0.066 0.078 0.068 0.063 0.067 0.067 0.048 0.060 0.077 0.073 0.131 0.061 0.025 0.132 0.088 0.084 0.077 0.068 0.152 0.145 0.191 0.162 0.132 0.111 0.102 0.053 0.036 0.022 0.058 0.063 0.038 0.048 0.079 0.115 0.128 0.043 0.072 0.095 0.157 0.102 0.037 0.044 0.068 0.078 0.117 0.076 0.092 0.103 0.090 0.062 0.037 0.023 0.044 0.085 0.101 0.089 0.101 0.149 0.203 0.199 0.205 0.224 0.223 0.198 0.279
0.091 0.030 0.035 0.104 0.088 0.058 0.008 0.029 0.021 0.055 0.038 0.054 0.103 0.092 0.074 0.028 0.050 0.046 0.027 0.021 0.025 0.019 0.127 0.124 0.105 0.102 0.114 0.101 0.079 0.046 0.135 0.175 0.196 0.128 0.042 0.026 0.066 0.087 0.075 0.056 0.029 0.048 0.069 0.065 0.126 0.124 0.073 0.074 0.094 0.212 0.130 0.277 0.109 0.050 0.090 0.037 0.048 0.102 0.052 0.117 0.147 0.120 0.049 0.039 0.014 0.055 0.060 0.060 0.080 0.128 0.147 0.163 0.189 0.221 0.223 0.198 0.191
0.076 0.042 0.026 0.032 0.002 0.029 0.059 0.049 0.046 0.071 0.051 0.092 0.099 0.107 0.085 0.042 0.022 0.022 0.012 0.036 0.050 0.033 0.222 0.126 0.136 0.129 0.111 0.066 0.025 0.048 0.092 0.177 0.176 0.114 0.128 0.077 0.090 0.104 0.087 0.093 0.081 0.043 0.035 0.064 0.068 0.066 0.076 0.063 0.113 0.083 0.083 0.049 0.046 0.059 0.087 0.121 0.142 0.112 0.102 0.126 0.114 0.148 0.107 0.028 0.050 0.022 0.030 0.023 0.028 0.053 0.106 0.128 0.161 0.218 0.230 0.173 0.206
0.040 0.032 0.044 0.052 0.051 0.053 0.112 0.073 0.061 0.176 0.079 0.087 0.094 0.121 0.109 0.041 0.016 0.022 0.030 0.021 0.037 0.039 0.108 0.115 0.111 0.091 0.045 0.068 0.098 0.093 0.108 0.125 0.122 0.117 0.080 0.067 0.090 0.081 0.126 0.120 0.090 0.077 0.048 0.026 0.068 0.084 0.082 0.022 0.063 0.198 0.040 0.032 0.091 0.053 0.067 0.116 0.141 0.119 0.064 0.062 0.025 0.146 0.159 0.098 0.016 0.021 0.088 0.076 0.016 0.072 0.102 0.122 0.142 0.182 0.188 0.210 0.205
0.051 0.017 0.053 0.015 0.024 0.058 0.032 0.123 0.122 0.073 0.084 0.080 0.042 0.113 0.129 0.080 0.057 0.019 0.074 0.085 0.130 0.136 0.101 0.076 0.057 0.031 0.070 0.105 0.113 0.113 0.106 0.085 0.081 0.086 0.060 0.036 0.053 0.049 0.080 0.050 0.057 0.076 0.063 0.041 0.007 0.042 0.097 0.177 0.251 0.153 0.044 0.047 0.072 0.042 0.023 0.080 0.103 0.101 0.069 0.064 0.085 0.063 0.129 0.138 0.104 0.109 0.189 0.090 0.098 0.116 0.109 0.122 0.085 0.165 0.177 0.168 0.129
0.043 0.028 0.031 0.022 0.009 0.022 0.102 0.142 0.061 0.053 0.067 0.082 0.075 0.132 0.130 0.101 0.075 0.092 0.084 0.084 0.127 0.113 0.056 0.024 0.053 0.074 0.101 0.103 0.110 0.064 0.132 0.065 0.054 0.050 0.057 0.030 0.023 0.047 0.055 0.052 0.034 0.049 0.073 0.069 0.063 0.046 0.065 0.086 0.095 0.218 0.063 0.053 0.074 0.067 0.074 0.077 0.089 0.091 0.074 0.053 0.065 0.048 0.133 0.142 0.167 0.244 0.240 0.092 0.094 0.105 0.111 0.108 0.117 0.139 0.174 0.136 0.076
0.024 0.046 0.064 0.036 0.010 0.034 0.131 0.168 0.022 0.052 0.067 0.070 0.079 0.104 0.123 0.092 0.092 0.107 0.079 0.061 0.068 0.067 0.019 0.056 0.086 0.111 0.116 0.115 0.059 0.078 0.083 0.080 0.056 0.016 0.018 0.032 0.018 0.035 0.104 0.089 0.040 0.058 0.058 0.084 0.094 0.066 0.059 0.044 0.034 0.156 0.119 0.094 0.096 0.119 0.061 0.051 0.069 0.071 0.059 0.035 0.007 0.043 0.105 0.114 0.133 0.073 0.052 0.064 0.101 0.092 0.090 0.094 0.085 0.126 0.145 0.126 0.012
0.033 0.042 0.042 0.033 0.026 0.022 0.101 0.274 0.092 0.033 0.053 0.075 0.053 0.057 0.076 0.053 0.067 0.070 0.023 0.041 0.029 0.008 0.086 0.084 0.110 0.125 0.130 0.094 0.065 0.089 0.070 0.062 0.067 0.039 0.049 0.027 0.013 0.069 0.152 0.146 0.079 0.071 0.033 0.045 0.071 0.063 0.050 0.018 0.019 0.108 0.085 0.075 0.120 0.106 0.026 0.022 0.036 0.046 0.021 0.047 0.069 0.079 0.116 0.214 0.182 0.152 0.113 0.093 0.087 0.079 0.082 0.071 0.058 0.095 0.116 0.076 0.000
0.038 0.032 0.037 0.052 0.041 0.015 0.079 0.221 0.107 0.016 0.042 0.048 0.029 0.009 0.030 0.021 0.024 0.030 0.060 0.067 0.061 0.038 0.105 0.123 0.127 0.134 0.106 0.080 0.103 0.080 0.027 0.009 0.087 0.052 0.049 0.028 0.031 0.073 0.161 0.109 0.079 0.090 0.072 0.028 0.067 0.065 0.028 0.058 0.046 0.062 0.043 0.102 0.123 0.142 0.044 0.053 0.033 0.009 0.044 0.085 0.099 0.101 0.112 0.238 0.147 0.128 0.128 0.080 0.050 0.050 0.073 0.057 0.033 0.075 0.077 0.000 0.000
0.019 0.024 0.025 0.032 0.040 0.038 0.068 0.056 0.113 0.084 0.070 0.052 0.048 0.031 0.016 0.022 0.016 0.025 0.047 0.057 0.055 0.019 0.078 0.140 0.149 0.137 0.088 0.104 0.095 0.067 0.051 0.027 0.147 0.157 0.059 0.069 0.007 0.069 0.132 0.091 0.053 0.061 0.122 0.132 0.101 0.069 0.039 0.078 0.105 0.135 0.114 0.112 0.097 0.104 0.128 0.038 0.068 0.060 0.072 0.086 0.112 0.109 0.146 0.163 0.199 0.252 0.209 0.040 0.057 0.001 0.057 0.052 0.047 0.056 0.042 0.000 0.000
0.011 0.035 0.051 0.011 0.024 0.035 0.075 0.088 0.111 0.098 0.119 0.113 0.090 0.062 0.040 0.031 0.033 0.004 0.077 0.108 0.015 0.062 0.101 0.135 0.125 0.071 0.062 0.059 0.047 0.047 0.032 0.067 0.171 0.171 0.146 0.082 0.041 0.077 0.101 0.075 0.033 0.058 0.110 0.107 0.081 0.046 0.025 0.112 0.073 0.148 0.135 0.110 0.097 0.108 0.106 0.083 0.040 0.083 0.085 0.068 0.102 0.067 0.145 0.129 0.210 0.225 0.206 0.139 0.046 0.022 0.035 0.046 0.049 0.024 0.000 0.000 0.000
0.056 0.068 0.105 0.060 0.020 0.061 0.059 0.080 0.089 0.088 0.091 0.128 0.146 0.107 0.083 0.067 0.080 0.062 0.172 0.171 0.070 0.112 0.122 0.123 0.055 0.026 0.042 0.062 0.071 0.049 0.035 0.059 0.147 0.091 0.111 0.146 0.084 0.072 0.078 0.042 0.084 0.073 0.092 0.081 0.043 0.024 0.092 0.084 0.096 0.117 0.110 0.076 0.078 0.092 0.096 0.081 0.087 0.136 0.102 0.106 0.044 0.021 0.052 0.197 0.217 0.191 0.175 0.135 0.057 0.039 0.023 0.047 0.041 0.000 0.000 0.000 0.000
0.069 0.087 0.177 0.098 0.049 0.034 0.046 0.076 0.093 0.096 0.044 0.126 0.161 0.144 0.115 0.106 0.150 0.108 0.243 0.202 0.126 0.124 0.112 0.062 0.035 0.116 0.065 0.068 0.092 0.084 0.064 0.038 0.048 0.070 0.078 0.084 0.020 0.044 0.041 0.027 0.020 0.063 0.072 0.031 0.040 0.038 0.072 0.072 0.083 0.095 0.091 0.055 0.037 0.047 0.065 0.077 0.103 0.099 0.020 0.044 0.058 0.103 0.162 0.223 0.184 0.154 0.140 0.099 0.028 0.055 0.030 0.050 0.000 0.000 0.000 0.000 0.000
0.064 0.114 0.227 0.091 0.065 0.048 0.018 0.051 0.073 0.083 0.096 0.081 0.074 0.132 0.124 0.123 0.164 0.132 0.177 0.164 0.088 0.086 0.196 0.261 0.145 0.176 0.141 0.111 0.128 0.083 0.152 0.118 0.109 0.059 0.051 0.082 0.112 0.105 0.113 0.104 0.067 0.074 0.029 0.044 0.062 0.019 0.036 0.022 0.031 0.042 0.051 0.045 0.045 0.073 0.043 0.045 0.090 0.160 0.192 0.155 0.168 0.365 0.185 0.165 0.125 0.127 0.122 0.112 0.094 0.083 0.074 0.046 0.000 0.000 0.000 0.000 0.000
0.031 0.019 0.130 0.067 0.072 0.058 0.057 0.006 0.044 0.065 0.085 0.137 0.127 0.145 0.069 0.071 0.135 0.062 0.060 0.156 0.095 0.090 0.232 0.193 0.181 0.184 0.131 0.104 0.164 0.083 0.162 0.108 0.089 0.081 0.067 0.108 0.132 0.096 0.111 0.118 0.121 0.065 0.044 0.064 0.073 0.016 0.029 0.038 0.042 0.041 0.039 0.040 0.072 0.124 0.090 0.031 0.073 0.110 0.150 0.102 0.166 0.440 0.122 0.092 0.109 0.117 0.115 0.104 0.102 0.093 0.063 0.000 0.000 0.000 0.000 0.000 0.000
0.080 0.084 0.057 0.025 0.049 0.068 0.051 0.053 0.046 0.016 0.055 0.118 0.107 0.108 0.126 0.130 0.129 0.093 0.075 0.247 0.114 0.098 0.185 0.141 0.118 0.126 0.097 0.094 0.128 0.095 0.173 0.116 0.103 0.070 0.088 0.114 0.130 0.118 0.064 0.184 0.099 0.038 0.037 0.096 0.051 0.066 0.084 0.027 0.052 0.061 0.058 0.052 0.054 0.106 0.099 0.053 0.039 0.064 0.099 0.102 0.151 0.394 0.029 0.050 0.079 0.103 0.095 0.089 0.086 0.070 0.000 0.000 0.000 0.000 0.000 0.000 0.000
0.073 0.086 0.136 0.018 0.032 0.048 0.034 0.061 0.059 0.046 0.021 0.057 0.078 0.093 0.102 0.087 0.094 0.059 0.013 0.181 0.101 0.111 0.153 0.163 0.179 0.196 0.201 0.201 0.198 0.155 0.173 0.154 0.131 0.118 0.074 0.034 0.065 0.085 0.130 0.143 0.086 0.042 0.050 0.193 0.073 0.063 0.086 0.081 0.043 0.052 0.062 0.051 0.050 0.049 0.102 0.103 0.063 0.036 0.080 0.087 0.129 0.152 0.276 0.095 0.086 0.096 0.075 0.066 0.038 0.000 0.000 0.000 0.000 0.000 0.000 0.000 0.000
0.058 0.095 0.102 0.055 0.059 0.032 0.027 0.064 0.039 0.033 0.042 0.053 0.070 0.075 0.066 0.054 0.058 0.036 0.079 0.137 0.121 0.149 0.174 0.185 0.198 0.211 0.214 0.202 0.184 0.151 0.156 0.134 0.125 0.116 0.052 0.065 0.045 0.016 0.060 0.059 0.042 0.042 0.049 0.130 0.079 0.059 0.089 0.087 0.076 0.057 0.041 0.050 0.044 0.043 0.042 0.073 0.081 0.051 0.034 0.056 0.076 0.117 0.241 0.229 0.040 0.052 0.089 0.081 0.016 0.000 0.000 0.000 0.000 0.000 0.000 0.000 0.000
0.064 0.070 0.076 0.056 0.064 0.088 0.067 0.154 0.025 0.023 0.033 0.047 0.039 0.027 0.013 0.032 0.038 0.041 0.090 0.086 0.101 0.121 0.144 0.157 0.168 0.178 0.183 0.169 0.142 0.127 0.108 0.083 0.067 0.048 0.046 0.090 0.102 0.042 0.029 0.045 0.043 0.046 0.031 0.026 0.087 0.044 0.099 0.098 0.083 0.057 0.025 0.068 0.097 0.032 0.068 0.060 0.114 0.119 0.090 0.051 0.038 0.060 0.099 0.196 0.072 0.085 0.036 0.044 0.000 0.000 0.000 0.000 0.000 0.000 0.000 0.000 0.000
0.050 0.046 0.080 0.099 0.091 0.111 0.150 0.187 0.054 0.042 0.036 0.040 0.040 0.066 0.014 0.023 0.019 0.035 0.086 0.040 0.023 0.063 0.085 0.096 0.112 0.125 0.127 0.109 0.079 0.047 0.032 0.049 0.055 0.051 0.066 0.078 0.073 0.043 0.050 0.071 0.104 0.079 0.093 0.124 0.141 0.173 0.134 0.112 0.103 0.055 0.011 0.067 0.114 0.068 0.067 0.110 0.133 0.140 0.130 0.108 0.056 0.022 0.051 0.072 0.067 0.103 0.089 0.000 0.000 0.000 0.000 0.000 0.000 0.000 0.000 0.000 0.000
0.035 0.025 0.053 0.093 0.161 0.123 0.120 0.174 0.098 0.071 0.057 0.061 0.069 0.085 0.036 0.027 0.037 0.030 0.037 0.048 0.062 0.054 0.046 0.021 0.033 0.055 0.064 0.053 0.011 0.065 0.088 0.104 0.110 0.099 0.091 0.024 0.041 0.040 0.066 0.089 0.177 0.043 0.098 0.120 0.099 0.154 0.167 0.145 0.118 0.063 0.033 0.054 0.120 0.109 0.133 0.168 0.123 0.116 0.061 0.118 0.119 0.105 0.047 0.092 0.114 0.144 0.053 0.000 0.000 0.000 0.000 0.000 0.000 0.000 0.000 0.000 0.000
0.008 0.041 0.035 0.044 0.188 0.174 0.081 0.103 0.137 0.099 0.081 0.054 0.074 0.083 0.062 0.057 0.076 0.080 0.073 0.076 0.099 0.101 0.102 0.094 0.081 0.077 0.061 0.054 0.078 0.101 0.114 0.129 0.136 0.131 0.104 0.031 0.050 0.135 0.101 0.064 0.076 0.097 0.091 0.108 0.093 0.160 0.196 0.141 0.129 0.095 0.026 0.040 0.072 0.079 0.012 0.117 0.148 0.166 0.115 0.092 0.129 0.124 0.071 0.030 0.083 0.136 0.000 0.000 0.000 0.000 0.000 0.000 0.000 0.000 0.000 0.000 0.000
0.032 0.073 0.017 0.018 0.174 0.238 0.146 0.039 0.088 0.120 0.113 0.072 0.073 0.076 0.077 0.076 0.098 0.113 0.122 0.100 0.129 0.138 0.149 0.151 0.139 0.129 0.117 0.099 0.119 0.133 0.146 0.164 0.173 0.152 0.122 0.017 0.085 0.104 0.034 0.112 0.140 0.152 0.124 0.138 0.121 0.159 0.150 0.179 0.225 0.212 0.099 0.091 0.023 0.038 0.107 0.099 0.064 0.037 0.064 0.111 0.113 0.088 0.106 0.091 0.034 0.000 0.000 0.000 0.000 0.000 0.000 0.000 0.000 0.000 0.000 0.000 0.000
